fam	avg_dnds	med_dnds	SDdnds	dn	med_dn	SDdn	ds	med_ds	SDds	loc	Pi
fam393	0.18342146878039317	0.16881720430107525	0.09707703535239554	0.011766666666666667	0.015	0.008032240589579527	0.061086666666666664	0.0596	0.03394570566851326	427412	0.017326014259574737
fam158	0.0289617427921945	0.03172110552763819	0.018954488350051243	0.00803111111111111	0.0101	0.005978138774725503	0.2292955555555555	0.2655	0.12397990330973548	175717	0.0215656099312609
fam425	0.1018707233520487	0.11083437110834371	0.07856992138113918	0.005777777777777779	0.0071	0.0045785921605707046	0.048526666666666676	0.0629	0.029538369773717862	146878	0.011800766283524904
fam98	0.02748826225099838	0.0198758366127596	0.03472644302323358	0.00246	0.0044	0.002569513572643663	0.12529777777777779	0.0858	0.09284063164342764	98023	0.013403880070546737
fam265	0.05134179599993682	0.05	0.027048254542517657	0.0057	0.0054	0.003022140521771503	0.11652888888888889	0.108	0.06997038618737127	268969	0.016507936507936506
fam443	0.20847324571654732	0.1660408941250351	0.18784056412592218	0.01101111111111111	0.0127	0.007333021878907986	0.04608888888888889	0.02915	0.049504532776626614	126125	0.019373219373219373
fam519	0.15867285099600137	0.17416829745596868	0.05967819094208116	0.0061933333333333345	0.0074	0.003671959815805299	0.03883777777777777	0.0491	0.02870892458134376	44170	0.011081948089822104
fam321	0.29902680789166747	0.32338111113815005	0.08956100071914196	0.013035555555555554	0.0129	0.007273610002545903	0.04079111111111111	0.0377	0.03923247420312368	349589	0.01644083107497742
fam346	0.07950315947950146	0.07638888888888888	0.04848187546481565	0.009342222222222224	0.0143	0.0066745449745494985	0.10956888888888885	0.1602	0.08401484742385908	376510	0.022633744855967076
fam62	0.08789070985183053	0.07844827586206897	0.040099721681801745	0.006140000000000001	0.0076	0.003489883793035076	0.08062444444444444	0.1084	0.048837108639301255	59881	0.014224583148885936
fam494	0.08988492031648865	0.06587374199451053	0.07139062349769355	0.006105555555555556	0.0063	0.0033797554517420707	0.08739722222222221	0.1044	0.049782061060135524	75631	0.015662859120803042
fam150	0.10759317353277396	0.11609498680738786	0.0467283059628115	0.007842222222222223	0.0115	0.005465100950125416	0.06773111111111113	0.0742	0.043337834751953797	161492	0.016054681290732793
fam508	0.22559530045923748	0.16751269035532995	0.1454530205023144	0.010006666666666669	0.01	0.006332750850407218	0.05237777777777778	0.0581	0.03561210711035653	59352	0.015447926559037675
fam155	0.07009167659872131	0.07067334446299388	0.0240660913392387	0.008220000000000002	0.01	0.005133575751851724	0.11207555555555555	0.1324	0.06003556040864653	172305	0.018235642391947898
fam179	0.05320393066962342	0.04647006255585344	0.03936291616043929	0.007568888888888889	0.0104	0.005036392987147415	0.16030888888888886	0.2042	0.10389573795604946	193889	0.02237583205325141
fam119	0.04276139223502108	0.04356823101864096	0.02623489733941074	0.002986666666666667	0.0035	0.0022074218244619924	0.07081555555555556	0.0872	0.04365663475377702	124475	0.010080885483184334
fam43	0.0628240620706169	0.05708245243128964	0.026354905454075893	0.0035955555555555554	0.0038	0.0020094173346249795	0.059744444444444454	0.0674	0.03342939860897926	35206	0.00909574872613887
fam174	0.05147550746689136	0.0492845786963434	0.04157245186446722	0.010695555555555554	0.0112	0.00840692718484929	0.21424444444444443	0.1922	0.19250575813097187	189711	0.023248549754573855
fam317	0.09041222499102718	0.07051909892262488	0.0782100399446308	0.005248888888888889	0.0053	0.0024803783064705825	0.07897333333333334	0.1009	0.04731630397888472	345239	0.01640690464219876
fam124	0.0	0.0	0.0	0.0	0.0	0.0	0.036124444444444445	0.0477	0.03271874186358336	130785	0.0036467236467236474
fam531	0.08490491359073041	0.08986219272112755	0.02318469839467638	0.006311111111111112	0.0066	0.0033685619894167317	0.07666444444444444	0.0936	0.03919746111707609	26091	0.013562250296944174
fam507	0.06913161912347147	0.043478260869565216	0.06447917866098193	0.0026088888888888893	0.0024	0.0017439192415326045	0.04853333333333334	0.0526	0.035251099273639674	59723	0.007971781305114639
fam157	0.07812299824033556	0.06987951807228915	0.04718741277386879	0.006302222222222221	0.0062	0.003634066524731329	0.09210222222222224	0.1077	0.05386231207187819	174635	0.016482076932237702
fam504	0.12398077577121991	0.11502782931354359	0.08465773217611612	0.0036944444444444446	0.0026	0.0026280479071868414	0.03859166666666667	0.0504	0.027941152197271876	62443	0.0076909856492223105
fam363	0.13845576139045848	0.11143695014662758	0.04679795383442839	0.009706666666666666	0.0076	0.009579942008639139	0.024382222222222222	0.0	0.032827855982306586	393054	0.037037037037037035
fam233	0.04157659372080163	0.02875737582217027	0.04525716279690705	0.005462222222222223	0.0059	0.0037803755773960926	0.17200444444444443	0.1886	0.09785663199135437	234467	0.021296296296296296
fam231	0.02445125887669464	0.0	0.03156643947441488	0.004579999999999999	0.0	0.004897781810847301	0.05503111111111111	0.0	0.07408792320906356	233652	0.02759259259259259
fam530	0.3330751586401241	0.32582322357019067	0.0991001608679643	0.014795555555555557	0.0177	0.008034092787215012	0.046082222222222226	0.0577	0.022724927956261687	27158	0.021565869667135494
fam229	0.0822043904313635	0.0894206549118388	0.026699362189096878	0.00860888888888889	0.0115	0.0052604529683382565	0.09809777777777778	0.1096	0.05179952161464594	233233	0.0284526051475204
fam488	0.2475612602489066	0.28220858895705525	0.13266245727747994	0.005906666666666669	0.0046	0.004697725217828542	0.02327333333333333	0.0316	0.0158405583515509	80829	0.00803591470258137
fam116	0.27775401846664727	0.2702702702702703	0.09329752087439314	0.010793333333333337	0.0134	0.007863711309270932	0.03878888888888889	0.0473	0.027943293548202006	121733	0.014380787037037036
fam69	0.29047188006829094	0.2497055359246172	0.1630465577879847	0.013222222222222219	0.0178	0.007593210092324118	0.05971555555555557	0.0733	0.0432577081406337	65780	0.01812783247382404
fam222	0.05547276380706274	0.06412698412698413	0.029098068595081506	0.00711111111111111	0.0101	0.0044668767225345485	0.12508222222222223	0.1291	0.056782400594585225	229188	0.017897897897897898
fam498	0.1491292735101818	0.1546811397557666	0.06885963986709905	0.008306666666666667	0.0111	0.005571052164737127	0.05996666666666667	0.0566	0.043127480282942054	70781	0.01710342417889588
fam74	0.19341129658792688	0.21269296740994853	0.14538218767807504	0.007244444444444445	0.0075	0.005374696086728194	0.03832222222222222	0.0388	0.019231708641822512	69330	0.011312270737190865
fam93	0.015021458908975108	0.01452513966480447	0.012350050857505283	0.0012133333333333336	0.0014	0.0010755050493192076	0.061599999999999995	0.0825	0.03942628564802928	91651	0.00895599432184798
fam176	0.06131461758519543	0.0417940876656473	0.05888333889128971	0.005315555555555555	0.0041	0.0031064775017913457	0.10650888888888888	0.0983	0.07348817235816393	191772	0.01545893719806763
fam287	0.06961406491714794	0.06071019473081329	0.04666537125186406	0.00358	0.0044	0.0018743413658017464	0.059	0.0705	0.035116662711596046	310953	0.010694444444444444
fam225	0.070730471007728	0.06553911205073995	0.02637575225880048	0.008180000000000002	0.0102	0.004826988939517287	0.13837333333333332	0.1711	0.0924752276738659	230434	0.02428658166363085
fam262	0.1358937266727634	0.12153846153846154	0.07559924456810022	0.011664444444444448	0.0138	0.005728259598228014	0.09279777777777781	0.101	0.04204843497623446	266479	0.02065673921344024
fam271	0.1395337344082879	0.10317862486613241	0.09505083522466212	0.007422222222222222	0.0089	0.003590164891842335	0.07248666666666667	0.0899	0.04754086709815508	286573	0.01712769793437387
fam374	0.20107811789569704	0.16276346604215455	0.15450210167835282	0.009442222222222222	0.0117	0.005067258250063786	0.0647088888888889	0.0823	0.043511346271070346	406252	0.018196457326892106
fam256	0.08263534101460204	0.0695193171608266	0.03845369968584978	0.005202222222222223	0.0068	0.0030104624147491497	0.07171111111111111	0.0682	0.05004474985105152	261707	0.012337623104344149
fam44	0.1996331225664023	0.14795918367346939	0.12957706420717843	0.007386666666666666	0.0086	0.004077286679480199	0.04945555555555555	0.059	0.03283402405740833	37297	0.011368015414258189
fam518	0.07196558352322995	0.062196307094266275	0.025118902470549834	0.004862222222222223	0.0056	0.0030207643542571505	0.06486222222222224	0.0795	0.033516100866359	44935	0.012287483892422164
fam258	0.026579885100498933	0.022774327122153208	0.02541175351492181	0.002955555555555556	0.0033	0.0026548534636737014	0.08971333333333333	0.1018	0.059520400237602945	263286	0.014877061935885469
fam162	0.1342898587082768	0.12579113924050633	0.12872977472820304	0.011486666666666668	0.0158	0.009587482580021837	0.10251555555555557	0.0915	0.05945404557977925	180415	0.016176470588235296
fam254	0.208388387815419	0.15527005343338046	0.18291657764257593	0.009248888888888888	0.0107	0.004219142736634869	0.055702222222222215	0.0515	0.03082973664708142	258725	0.021941638608305277
fam475	0.14154332678096815	0.15418502202643175	0.07834691013471469	0.007277777777777778	0.0074	0.005420081544646471	0.05119999999999999	0.0462	0.033391183134341175	94636	0.013435003631082064
fam15	0.10270670043048348	0.10025062656641605	0.054597979377284875	0.009364444444444444	0.008	0.007309298660855243	0.0771088888888889	0.0914	0.04578732877711048	9761	0.025686977299880533
fam462	0.11763290010256928	0.11624030641195385	0.07510487989349088	0.004702222222222222	0.0045	0.0029370044367907234	0.04622222222222221	0.0398	0.0343999476026015	108996	0.009837962962962962
fam17	0.1185608425431452	0.11726384364820848	0.047784483995747896	0.007351111111111112	0.0095	0.004377752961012569	0.06328222222222223	0.0815	0.037638740614714096	12865	0.013349072844424768
fam90	0.07953104589698456	0.05762987012987013	0.06615513272915777	0.00378	0.0042	0.002338527551924739	0.06004222222222222	0.0463	0.0451397065361843	89297	0.011003757380568973
fam300	0.026377546339457974	0.02620689655172414	0.021847316697491133	0.002677777777777777	0.0019	0.002626098829390927	0.07239333333333332	0.0725	0.0450036314584106	325111	0.01164274322169059
fam200	0.022362867115795697	0.020408163265306124	0.02066376511755743	0.003284444444444445	0.0052	0.002559423160319576	0.13196666666666668	0.1117	0.09555516382348644	215511	0.02526636225266362
fam274	0.17595732438390269	0.10280373831775702	0.16092112539160372	0.004866666666666666	0.0042	0.003441382151274559	0.047344444444444446	0.0269	0.041201081730974844	290583	0.018440954043048286
fam463	0.21478597022739604	0.2016546018614271	0.1146135690574984	0.010266666666666669	0.0114	0.006863041114064036	0.051764444444444446	0.0654	0.033655081541726306	108253	0.01620559334845049
fam360	0.2095588840689623	0.1386133776004545	0.13355478714220248	0.009206666666666667	0.0103	0.005002683724206883	0.057780000000000005	0.0678	0.03732239482610347	390503	0.014005814688408542
fam77	0.15706195067049508	0.13766745224510046	0.07552757872497656	0.008624444444444443	0.0101	0.004313810151674661	0.07061333333333332	0.0755	0.04813138315532231	73712	0.01522737927801219
fam185	0.16847418488090385	0.17777777777777776	0.055914779858486606	0.013353333333333333	0.0155	0.008533999973960368	0.07052888888888889	0.0855	0.04834918646780694	199178	0.0190869939707149
fam460	0.09423291059016031	0.09161490683229813	0.05049946102279344	0.008060000000000001	0.0106	0.005072295119349601	0.08589777777777778	0.0992	0.0484780843446644	111693	0.023779334890446
fam216	0.10600930252256045	0.1067897165458141	0.03139945317660785	0.008075555555555556	0.008	0.004629574281150628	0.08078444444444445	0.0946	0.04756888785075835	227053	0.019320987654320984
fam348	0.0985736469996125	0.09187279151943463	0.04866685649306571	0.006797777777777779	0.0069	0.003965769584212089	0.0687111111111111	0.0716	0.039959085865543476	378629	0.014858516333442588
fam372	0.06701472006155658	0.07328955994735183	0.047565956734278825	0.0057799999999999995	0.0067	0.004312390417287274	0.07606666666666667	0.0947	0.04144051157985384	403838	0.013229369720597791
fam484	0.2411058944991219	0.19721871049304676	0.1492911730441154	0.010433333333333334	0.012	0.005216895628628198	0.05300666666666667	0.0508	0.033685917928218415	84463	0.016824751580849142
fam41	0.1493278448768788	0.13449367088607594	0.08458256441888887	0.00666	0.0057	0.0038061587518710307	0.04456666666666667	0.0457	0.027757417427099054	32743	0.012224812224812226
fam543	0.650942627859896	0.702247191011236	0.1777072454951907	0.009691111111111109	0.0125	0.007296751856430434	0.015893333333333336	0.0177	0.014325988815979006	10182	0.010190300798035606
fam399	0.053745600458107425	0.047283702213279676	0.04481872397460622	0.004986666666666667	0.0047	0.00466474246043897	0.07367555555555555	0.0869	0.041057635130011275	434677	0.04920077972709551
fam457	0.08418575872639537	0.13505747126436782	0.08897916065463633	0.002611111111111111	0.0047	0.002723577893729107	0.016188888888888888	0.0	0.017306982819688347	113055	0.004206675811614084
fam524	0.02747064158909562	0.0	0.07054909034679623	0.0013444444444444443	0.0	0.002688953167275784	0.05458222222222222	0.0549	0.03967435381474139	37661	0.011230585424133811
fam78	0.09225208388069202	0.06320224719101124	0.0846206271111432	0.00406	0.0045	0.0024928698321412613	0.06576888888888889	0.0525	0.04887454607790223	74252	0.010714285714285713
fam318	0.21015077295027593	0.1634724023936059	0.1853228655083372	0.01147777777777778	0.01	0.006664529287000242	0.07521555555555555	0.0887	0.051876498449278795	345893	0.020629629629629626
fam352	0.07801734393521281	0.07643312101910828	0.03702128548389593	0.004293333333333334	0.006	0.003082740483545264	0.05325333333333333	0.0584	0.03745038554912056	383272	0.011443641784199059
fam283	0.33757754266199125	0.3908355795148248	0.13620387560657748	0.008926666666666668	0.0128	0.0061959269775483244	0.023531111111111114	0.0261	0.014370538105168461	302175	0.011903504138052471
fam294	0.07884605255233722	0.07171853856562924	0.04190933988302035	0.005077777777777777	0.0053	0.0029759696002695313	0.07132666666666668	0.0739	0.04423426223591341	318249	0.01456624409644544
fam252	0.1539974547378589	0.14150943396226418	0.07265042198801575	0.012784444444444442	0.0165	0.0063851200477901245	0.09332888888888888	0.1122	0.052684227545810765	256222	0.02255892255892256
fam278	0.18514515834401743	0.1744186046511628	0.09792675691605053	0.009191111111111112	0.0091	0.0060352601793210855	0.05126222222222222	0.0523	0.026358960432113564	296680	0.017068018588931134
fam126	0.13299737548790908	0.13619213460475643	0.04759799596457699	0.00986111111111111	0.012400000000000001	0.0056093314009275745	0.07668888888888888	0.07014999999999999	0.04786770413092143	132618	0.01675871778210959
fam112	0.17063495049826818	0.1349206349206349	0.10113624719756024	0.007986666666666666	0.0084	0.004451846059033638	0.05733333333333333	0.0631	0.03743203619005161	117803	0.01438539989264627
fam295	0.06808795478270964	0.059637912673056445	0.03759171127401801	0.0024577777777777775	0.0028	0.0016071353243013744	0.04076888888888889	0.0316	0.029692115094169906	319601	0.009392726059392726
fam491	0.060742539292495026	0.06931702344546381	0.03776503213644819	0.0051400000000000005	0.0068	0.0039838228430044975	0.06544444444444443	0.0831	0.04231079481674495	77933	0.011595498919442582
fam115	0.08321066483372234	0.08734939759036144	0.04194171861883268	0.004653333333333333	0.0043	0.0025800602921465057	0.0640111111111111	0.0549	0.03983442521361097	120866	0.011307519640852975
fam497	0.08583960625632957	0.09269662921348315	0.037764423207849986	0.0058022222222222225	0.0082	0.003653886143630817	0.06263333333333332	0.0707	0.03449187988176026	72201	0.012484035759897831
fam35	0.1870063603024977	0.12886523505992534	0.12481140230913762	0.01064888888888889	0.0107	0.00496026980548537	0.08574222222222223	0.1229	0.055734403852912125	27379	0.018483577917540184
fam213	0.04252932376647967	0.04215918045705279	0.019741347181654753	0.005648888888888888	0.004	0.00439917276174218	0.12086888888888886	0.0975	0.0761129739918008	225649	0.013490132468234658
fam26	0.08296056524156085	0.082468977929336	0.08050805120351309	0.003048888888888889	0.0035	0.003764490357846728	0.03031111111111112	0.0276	0.02923884951545895	19992	0.005967078189300414
fam277	0.17944203469812242	0.1374245831640892	0.10306323337468233	0.004095555555555555	0.0038	0.002580349292079621	0.028051111111111107	0.0319	0.01905157470566231	295892	0.007941483803552767
fam510	0.12692975407571241	0.1495124593716143	0.057686841782713924	0.009055555555555555	0.0129	0.006232978797602157	0.06118888888888888	0.0739	0.03275292843376992	56569	0.0167007176908167
fam422	0.13071240507645215	0.11094564408041697	0.08791798155994919	0.009322222222222221	0.0125	0.006648939393747577	0.08323111111111109	0.0999	0.06078195573696092	153413	0.019629629629629625
fam130	0.08982851628506942	0.07692307692307693	0.03145227310574081	0.0054622222222222225	0.005	0.003885659611608298	0.07095333333333334	0.0842	0.05013394769127114	137663	0.011019049642376603
fam148	0.056486388606571646	0.05786698150334514	0.019869819345880915	0.0033444444444444437	0.0041	0.002937841653365088	0.061186666666666646	0.07	0.05219242431192055	160326	0.009157509157509158
fam329	0.1328566799605583	0.11130284728213977	0.08016685878097725	0.008853333333333335	0.0074	0.006150432685772783	0.06986	0.0719	0.042673527573374524	355838	0.016570124626996665
fam470	0.06128074100815595	0.058777337573507206	0.025688998680322896	0.00476	0.0045	0.002660526263730543	0.08166666666666667	0.0935	0.044302269818950704	100056	0.012345679012345675
fam48	0.09478935164417678	0.08973384030418251	0.024616266988953233	0.00810888888888889	0.0095	0.0038472398314879793	0.08438888888888887	0.0883	0.06256493949746127	40685	0.016388888888888894
fam65	0.1920159686268751	0.18594743649186168	0.09086519198777443	0.011357777777777777	0.0156	0.006599275680419241	0.057139999999999996	0.0656	0.04276779889381989	61827	0.017951625094482237
fam2	0.09190244247408044	0.08727569331158237	0.0500083487960553	0.009106666666666667	0.0107	0.00609153875834706	0.09322666666666667	0.103	0.04143844377172268	8115	0.015946127946127944
fam68	0.046578718499888296	0.04271581471634405	0.019249019160705684	0.004966666666666666	0.0053	0.002907614524351917	0.10219333333333332	0.1088	0.04974588492193768	65080	0.013174603174603174
fam320	0.20353003976513365	0.2110091743119266	0.15832352251939022	0.007673333333333334	0.0095	0.00513681267367659	0.040293333333333334	0.0435	0.018085284380155903	349166	0.020973782771535582
fam400	0.0	0.0	0.0	0.0	0.0	0.0	0.036520000000000004	0.0415	0.022520159857336713	434867	0.009199522102747909
fam248	0.20553637597597166	0.18425324675324675	0.07122852010337266	0.015102222222222223	0.018	0.00881552894710714	0.07376222222222223	0.0755	0.038145291183921674	250440	0.020109592658612268
fam357	0.3278442529557136	0.3247172859450727	0.11225159168524979	0.01664222222222222	0.0201	0.0077172098840877544	0.05889777777777778	0.0629	0.03575988123823735	386799	0.02137174211248285
fam503	0.12815407544568444	0.12389380530973451	0.05977303754594399	0.009348888888888887	0.0106	0.005345512020885567	0.07976666666666667	0.0969	0.04297729633190064	63903	0.019071560248030837
fam25	0.03902950096596092	0.043805524799634	0.024038724142226915	0.004148888888888889	0.0063	0.003127911779249126	0.09042444444444443	0.1119	0.06146754936298793	19659	0.010777687663332432
fam253	0.3939724778264982	0.3355771501838917	0.14678724691710093	0.01736111111111111	0.0208	0.009563131686551273	0.04730277777777778	0.04705	0.032827237049193624	256791	0.020833333333333332
fam5	0.11472804910027166	0.1018735362997658	0.06918409421524996	0.006235555555555555	0.0077	0.004402532380122228	0.05912222222222223	0.0759	0.040408331863003424	4477	0.01402564792395301
fam153	0.028884358095076994	0.02261712439418417	0.03149309282773493	0.0030688888888888884	0.0038	0.0015403927669731543	0.12951333333333334	0.1503	0.07131839282790628	166317	0.01482643427741467
fam432	0.08206652584922088	0.06672302056917442	0.09912963729349206	0.004171111111111111	0.0052	0.0038087397870466416	0.06278444444444445	0.08	0.038049984409724104	137763	0.012212212212212208
fam371	0.15447490548408693	0.10606060606060606	0.09428754775136447	0.00899111111111111	0.0072	0.007676336574817218	0.05783111111111112	0.0666	0.04346107235074329	402758	0.016262239250745
fam84	0.07388248978888753	0.0787986924932555	0.03274326351085024	0.005217777777777778	0.0068	0.0035091809040407066	0.06644666666666667	0.0831	0.04089154544510257	83303	0.01138568552077613
fam100	0.08090663590707045	0.09847516081531427	0.05894919685871378	0.004219999999999998	0.0052	0.003258670485540588	0.05034888888888889	0.0528	0.033506925468042986	101149	0.00980980980980981
fam23	0.09201832335642145	0.08749521116131505	0.048266137306577535	0.005164444444444445	0.0059	0.003241203861088624	0.06606444444444444	0.0889	0.044982772779293856	17115	0.01860532407407407
fam18	0.34662045511273804	0.32352941176470584	0.13867953249747883	0.007822222222222223	0.011	0.0068094342688455696	0.028328888888888883	0.034	0.030550378228043972	13096	0.017695473251028805
fam356	0.11844845061168514	0.09614334566394275	0.09629925206225977	0.009526666666666668	0.0098	0.007000742817730129	0.08315555555555555	0.0795	0.04954627715829832	385896	0.02838018741633199
fam285	0.2072345850558326	0.19689119170984454	0.10956354282877039	0.004917777777777778	0.0038	0.002714020297057394	0.026624444444444444	0.0285	0.013582949369715214	304961	0.007432181345224822
fam328	0.1302921768005382	0.10931637436217498	0.07723623117018329	0.00614	0.0067	0.002904127331153983	0.05937333333333334	0.0605	0.03643468676961557	355090	0.01419216317767042
fam431	0.2045084033128719	0.23076923076923075	0.0992846852950979	0.006655555555555555	0.0058	0.004448548105496172	0.030973333333333335	0.0328	0.01735445379914524	138215	0.011128178870114356
fam350	0.12228678018206789	0.09932937072664434	0.10690036953653323	0.012735555555555559	0.0135	0.008339814960791812	0.13156666666666667	0.1258	0.07146203965121001	381370	0.032694763729246484
fam102	0.18456660116855672	0.1655172879615808	0.048403570386429666	0.010228888888888888	0.0117	0.004932505436037877	0.06148000000000001	0.0685	0.037594660377357966	104039	0.017765854385572693
fam445	0.10442438937718147	0.09003215434083602	0.08990098247702077	0.004853333333333333	0.0084	0.003955395752077857	0.045117777777777784	0.0327	0.0372369606641865	125348	0.010994152046783627
fam455	0.13951207484861247	0.12176588331232857	0.06974811310810165	0.007466666666666668	0.006	0.004489988864128729	0.06036666666666667	0.078	0.03511301120034503	114540	0.014110254213081978
fam293	0.2732578067384849	0.07574206755373593	0.2665895756067368	0.009182222222222225	0.0074	0.00894455238030113	0.04802444444444444	0.0361	0.040378620060926934	317798	0.012854030501089329
fam40	0.0957847035207208	0.09016393442622951	0.03446195614764055	0.007902222222222224	0.0089	0.004980115522483786	0.08847999999999999	0.1125	0.058902637556489015	32324	0.016535947712418304
fam71	0.20274779129492676	0.10784313725490197	0.18728131366551487	0.00726888888888889	0.0088	0.0040541787617344605	0.05042666666666666	0.0339	0.04124335044047168	67231	0.011198052512606504
fam345	0.06918515569211169	0.07906976744186046	0.05391568087812022	0.005768888888888888	0.0068	0.004844874598639599	0.06372222222222222	0.0747	0.03673518379421915	375589	0.01195555555555556
fam407	0.13551419840641774	0.09493087557603687	0.1352769932806538	0.008106666666666667	0.008	0.004452634675734756	0.07077555555555555	0.0798	0.03694834926732515	172398	0.016512345679012348
fam489	0.0	0.0	0.0	0.0	0.0	0.0	0.07564222222222221	0.0709	0.05638742763295492	80592	0.00839506172839506
fam31	0.16347962870427546	0.14634146341463414	0.1346624155402453	0.005406666666666666	0.0045	0.0032118807228441373	0.041277777777777774	0.044	0.028345369121203622	23873	0.010421067455287987
fam137	1.3898166030668015	0.1856594110115237	7.076118667120746	0.01083111111111111	0.0136	0.005546603454055753	0.05586222222222221	0.0781	0.04031417886158604	146540	0.023240956574289904
fam275	0.121197355656955	0.09252096415974248	0.09000037768851338	0.005353333333333333	0.0053	0.0035760686048601836	0.05764	0.0715	0.04132486149738167	291693	0.012439613526570045
fam481	0.09558293604037543	0.09238728750923873	0.038146086295181264	0.008517777777777779	0.0096	0.004897903809630714	0.08607555555555554	0.0906	0.04334188200577438	87357	0.016168452716676062
fam542	0.31101742513157016	0.3087449009324009	0.07403438682013551	0.01590666666666667	0.0219	0.009794588074827627	0.04990222222222222	0.0659	0.030172330878095645	10843	0.020372729417315404
fam386	0.09821774615360404	0.0	0.14576274270199546	0.0022088888888888887	0.0023	0.002675553709855399	0.023771111111111114	0.017	0.017822078968667828	417366	0.004713804713804715
fam129	0.08085873741519671	0.09740840035746202	0.04271719838611345	0.005946666666666667	0.0072	0.004505877642960729	0.06556444444444445	0.0683	0.037974296310095246	136073	0.013759889920880636
fam471	0.16965531054914956	0.1417004048582996	0.08975311515127182	0.009033333333333336	0.0098	0.005936478567111801	0.0516888888888889	0.0603	0.02333310687720797	98392	0.017178267761925353
fam527	0.28212572647407075	0.24921738012114142	0.13690990544175813	0.01241111111111111	0.0148	0.0073110334342378165	0.0492	0.0507	0.03162402040643578	34585	0.018571320811646676
fam143	0.11338218500920633	0.10064643853462564	0.05234411843872075	0.007615555555555557	0.0102	0.0044425195831772745	0.07601111111111111	0.1026	0.04581835741865055	156711	0.014595431668602403
fam453	0.29128266208017356	0.30272596843615496	0.1739706196812985	0.011255555555555555	0.0092	0.01057196619062899	0.02769555555555556	0.0156	0.032826134273746345	117573	0.018657755499860762
fam512	0.058441206574984556	0.05690175054220334	0.03549799262465454	0.005311111111111112	0.0067	0.003270828792164811	0.09686222222222224	0.1233	0.055521328389843486	53854	0.015022146828762604
fam6	0.09241136324483257	0.048165137614678895	0.08990330558157564	0.0031000000000000003	0.0027	0.001776888666555486	0.05271777777777778	0.0495	0.03399892343974627	3605	0.009030231645072634
fam465	0.25742154677513995	0.2503576537911302	0.18196753446104388	0.01410888888888889	0.0131	0.01208490007722626	0.04935777777777777	0.0493	0.025071351414082073	105624	0.0602962962962963
fam406	0.1817819081215405	0.1490872210953347	0.08747603688024091	0.009131111111111112	0.0114	0.0059963997428909965	0.05662444444444443	0.0628	0.03906554125543696	439107	0.014534113060428854
fam430	0.09985717229114731	0.11440677966101696	0.05332192417632992	0.002522222222222222	0.0021	0.0019517386993696886	0.025259999999999998	0.0305	0.017596090474875373	139208	0.005252144800167399
fam438	0.2048666531115837	0.09885931558935361	0.20539010951610906	0.005908888888888888	0.0026	0.005876916130920752	0.023875555555555556	0.0261	0.017631173850825268	129582	0.007459942211715262
fam540	0.10560807366789952	0.08266079891672307	0.08841859475652962	0.00648222222222222	0.0077	0.0030586336011645524	0.09223999999999999	0.0883	0.06416373984666972	15156	0.015710420748204123
fam404	0.12563694658591923	0.08725361027151309	0.0834028993380481	0.008704444444444443	0.0056	0.006902590674861966	0.06769777777777777	0.0817	0.033373472425391924	437074	0.015595959595959597
fam73	0.041663222800618294	0.029315960912052116	0.0713078765150613	0.003653333333333333	0.003	0.002229758332694874	0.13105333333333333	0.1531	0.07493989176518591	68356	0.015203106332138588
fam117	0.13027218542801894	0.038356164383561646	0.1884642976855181	0.006988888888888889	0.0028	0.007959710274521366	0.05774444444444444	0.073	0.035266046343350684	122156	0.016938997821350762
fam397	0.025222609570647054	0.01574074074074074	0.03138335113168618	0.0012	0.0017	0.0010340857475728661	0.07517555555555556	0.0803	0.05236457307741797	432787	0.012262682850918149
fam30	0.11621492876460165	0.09319899244332494	0.06264677328682607	0.008053333333333332	0.0073	0.005932943807438447	0.07244222222222223	0.073	0.04454249151784489	23005	0.01442876100856557
fam187	0.040360626288146316	0.03549276361130255	0.025531736695732533	0.006344444444444444	0.0069	0.004793632607975597	0.1638822222222222	0.2179	0.10660574153578718	200144	0.019966329966329965
fam86	0.15461243984898226	0.15071283095723015	0.06019021095217386	0.010917777777777776	0.0138	0.006683322157559696	0.07062	0.0767	0.043955824288584196	85195	0.017156016119746688
fam263	0.1360919323545537	0.09825449453242446	0.11768693327055692	0.007953333333333333	0.0092	0.004446101913161935	0.0949511111111111	0.0991	0.07181887285919651	267614	0.016745230078563416
fam448	0.049108929735134435	0.04631828978622328	0.028093206579647284	0.0029155555555555558	0.0039	0.001797523673842626	0.06387111111111111	0.0664	0.04101470534236456	121376	0.010083144368858652
fam94	0.11726996833429199	0.11910669975186103	0.05644027763949905	0.007868888888888889	0.0086	0.004273890874820804	0.0695511111111111	0.0682	0.03820295871161012	93820	0.015176908752327748
fam240	0.013191697105461952	0.012428078250863062	0.009279885710684126	0.0029066666666666668	0.0014	0.0025101040261754537	0.21626	0.1865	0.16160731611601692	240428	0.018194106515274398
fam166	0.11885694215691855	0.08259587020648967	0.09246896181427797	0.010802222222222223	0.0095	0.006763381432025088	0.13310666666666665	0.1389	0.09431609123933556	183969	0.020692618372432758
fam428	0.17102189004062998	0.14871794871794872	0.09025333689720907	0.007199999999999999	0.0083	0.0045635269011782735	0.05152666666666666	0.062	0.034678744050050156	142874	0.013712711280665504
fam351	0.054132993061187296	0.0698859858365766	0.039479981520020774	0.0061111111111111106	0.0079	0.005143073971521624	0.08745333333333333	0.1029	0.06281729981108354	382293	0.014737921312315778
fam53	0.09421035804474875	0.08324324324324325	0.040803778645187555	0.005242222222222224	0.0062	0.003336830757795912	0.06246888888888887	0.0809	0.0493361838015342	47433	0.010989678202792959
fam89	0.12310709772653228	0.056797403369929264	0.15914448566757222	0.0029555555555555563	0.0029	0.0022589629435311493	0.031773333333333334	0.0214	0.026612114200533225	88440	0.006349206349206347
fam474	0.11770778416251547	0.11823899371069183	0.05236256926468711	0.00640888888888889	0.006	0.0041839280970145335	0.05347999999999999	0.0687	0.03177545244017428	95353	0.011035180966843836
fam302	0.12817127942603404	0.0935856992639327	0.09355154321414058	0.005715555555555555	0.0089	0.004483845351459221	0.04443555555555555	0.034	0.03814864002559552	326650	0.010737342847434592
fam142	0.12401242728099217	0.11627906976744186	0.06432147882293018	0.006202222222222223	0.0081	0.0030257773207990253	0.055342222222222216	0.055	0.032081469132949555	153167	0.011729125575279423
fam19	0.16710853595518718	0.158	0.025530751864293946	0.007328888888888888	0.0079	0.004376483734294372	0.04101333333333333	0.0499	0.02974619751609719	13971	0.011123926694860953
fam209	0.08681984444343151	0.05128205128205128	0.09642735833652634	0.003179999999999999	0.0039	0.0024849413138610206	0.05243777777777777	0.0475	0.036538359075779764	223258	0.009974330766409974
fam212	0.5895805154738539	0.5112540192926045	0.12821301857435494	0.013684444444444447	0.0158	0.008341008613552562	0.01682222222222222	0.0304	0.015744288401955502	224824	0.024414210128495838
fam123	0.16640413087685016	0.1669776119402985	0.03875634875812948	0.012231111111111111	0.0161	0.006832335609185428	0.07470444444444445	0.0967	0.04195922335662754	130373	0.019582801191996593
fam322	0.06400190763008098	0.05617977528089888	0.029575153389817165	0.005388888888888889	0.0071	0.0030866178701846477	0.09162000000000001	0.1024	0.0522403488162593	350606	0.016291820521427778
fam436	0.1977720273480052	0.1526610644257703	0.11313071570262541	0.008860000000000002	0.0091	0.003967333277320338	0.04052444444444444	0.0712	0.033821762589956166	131948	0.012298422824738616
fam426	0.08521607790352106	0.08228730822873082	0.04488589297637302	0.0067022222222222205	0.0071	0.004555655283461249	0.07977777777777777	0.0866	0.05063315070798265	145838	0.014906264288980337
fam9	0.1201691597659783	0.0999057492931197	0.07209212217942844	0.006973333333333334	0.0086	0.0038880672147825154	0.07731777777777779	0.1004	0.05245268889999354	1368	0.015846692463607884
fam109	0.12377844792768032	0.07679465776293823	0.11780912753063155	0.006073333333333333	0.0081	0.0032066874566200622	0.07356	0.091	0.04968355596506085	113679	0.01342312008978676
fam330	0.5075270850400319	0.48752834467120176	0.24400754858072246	0.015006666666666661	0.0195	0.008558878431196461	0.03032666666666667	0.0319	0.015147840330115268	356470	0.017055103884372178
fam416	0.11513515173426529	0.10930776580672795	0.03485160861965137	0.009497777777777779	0.0112	0.005126640177169922	0.08039555555555557	0.0928	0.035665706875282595	159278	0.017734522844011894
fam181	0.08226450233810935	0.09255938777123968	0.03230695925665785	0.01104888888888889	0.0115	0.007791380485930796	0.14493555555555554	0.2072	0.09845203717898049	196561	0.021729658046793596
fam214	0.031261260024639075	0.02090032154340836	0.034524838460907994	0.004115555555555555	0.0038	0.00385884009950921	0.033280000000000004	0.0	0.04480469023067414	225946	0.006304176516942475
fam433	0.29483848088591347	0.29513343799058084	0.11492449795932862	0.01272	0.0129	0.006454545340731256	0.04016444444444444	0.054	0.029143187925639427	137117	0.02236264700719677
fam368	0.23055597049866378	0.14854682454251883	0.1695120595335121	0.009817777777777778	0.0127	0.006660773691759802	0.04826	0.032	0.03333743574755296	399890	0.013224523958987235
fam347	0.08384374800827243	0.07091702185286025	0.05083367845229417	0.005913333333333334	0.0074	0.0036382291174568856	0.07281111111111112	0.0873	0.039112221575144636	377620	0.013698630136986297
fam461	0.18742856740562788	0.18581511642977488	0.07010939199750388	0.008673333333333333	0.0113	0.00450616368001775	0.04852666666666667	0.0586	0.02656335320198362	109778	0.017715450077909624
fam10	0.089810599652923	0.04170363797692991	0.0937558648123984	0.00426888888888889	0.0047	0.0032580036301884303	0.060844444444444444	0.0518	0.04909429727260955	1856	0.010543058395819134
fam306	0.18806021828715436	0.1603859650469194	0.12298317242680581	0.010322222222222222	0.0104	0.006140318084011569	0.062137777777777764	0.0725	0.040715409525626856	331358	0.02919932380513293
fam7	0.18719756327822762	0.18081180811808117	0.07809122750532758	0.008895555555555556	0.0112	0.004478886545935052	0.05131333333333333	0.0609	0.028451351071219405	1472	0.017310358486829075
fam63	0.29310906404237264	0.31875	0.22623577803488673	0.016200000000000003	0.02	0.013283088663576872	0.048175555555555555	0.035	0.032112151770911035	60145	0.019943019943019943
fam81	0.1977475645767971	0.1844452823148026	0.06393779318968862	0.01066888888888889	0.0138	0.006281430205940266	0.053368888888888896	0.056	0.03081030002538633	78320	0.014626490897677336
fam257	0.08572688125008975	0.09233791748526522	0.02802887276947498	0.006133333333333333	0.0063	0.0038209946349085596	0.07111555555555556	0.0626	0.04274607691189947	262454	0.014182475158084913
fam170	0.12521662755925603	0.14935897435897436	0.08334649549742305	0.017173333333333336	0.0233	0.013616369233797648	0.11522666666666669	0.156	0.0779072593964559	185827	0.03199502023031435
fam500	0.3398380364251477	0.302405498281787	0.17368201136056333	0.009977777777777778	0.0088	0.005968021778664794	0.030191111111111113	0.0296	0.014464098423679109	69665	0.012457912457912461
fam261	0.05949719062372616	0.043789097408400354	0.05334413226190467	0.003668888888888888	0.0049	0.0018333723901563627	0.07272666666666666	0.0764	0.035906281715970906	265779	0.00962962962962963
fam164	0.1267027763731546	0.07381978788097412	0.11237639072815304	0.014477777777777777	0.0156	0.008595344706135056	0.17405777777777778	0.2384	0.12218961856045961	181605	0.05937321937321937
fam309	0.07284116151145367	0.08035911398925602	0.031966610211450926	0.0033666666666666667	0.0056	0.0028292126898563923	0.045208888888888896	0.0642	0.035827065015911104	334595	0.008665947500898956
fam145	0.10146469190980993	0.09197869340435533	0.03989441602076481	0.006544444444444446	0.0055	0.0029183370877992644	0.06427111111111111	0.0681	0.03302271690970877	157760	0.013032844164919637
fam411	0.09112473337772314	0.08456843940714909	0.06483502640084238	0.005988888888888889	0.0069	0.004126673248364284	0.07605111111111112	0.0949	0.044562872549652174	168886	0.015049556598852374
fam349	0.18744450234017465	0.1867007672634271	0.05682622416381382	0.01428	0.0183	0.007574066865884462	0.07558888888888889	0.0889	0.03805360676275406	380873	0.02036142422615853
fam284	0.3564513705034037	0.25597269624573377	0.19690023319801483	0.010726666666666667	0.0108	0.0063262556944144385	0.03156888888888889	0.0297	0.014843746490577882	303388	0.01972025216706068
fam38	0.22039922263725034	0.10795803066989507	0.20247923451894043	0.010915555555555553	0.0096	0.009020297003130848	0.05737333333333333	0.0533	0.03804702587296119	29381	0.015043909889270715
fam364	0.09419455476598558	0.07966706302021404	0.0637057956376407	0.005131111111111111	0.0057	0.0036448942811812325	0.054746666666666666	0.0597	0.033643606623943674	395303	0.011300788659279228
fam336	0.21862781073914023	0.2315702551175627	0.09368200181288863	0.011191111111111112	0.0136	0.007661703385372739	0.046766666666666665	0.0554	0.027047300132258013	363970	0.015571485463958583
fam106	0.04595764455570105	0.03158602150537635	0.03720551213272773	0.0029266666666666664	0.0032	0.001480150142534346	0.09003111111111112	0.1219	0.05537597482351277	108178	0.011724512772730804
fam281	0.17173900892933605	0.15692890059249506	0.10982192918827322	0.0092	0.011	0.006625137315138792	0.0599088888888889	0.0434	0.051393133230129846	298881	0.016769547325102878
fam311	0.1056454578383443	0.09156378600823045	0.044771405700475705	0.0035822222222222223	0.0044	0.0025301988405735045	0.04094	0.0518	0.029125608434274235	337073	0.008767524586733626
fam45	0.31735009851548196	0.3103448275862069	0.09724098327352247	0.014373333333333333	0.0144	0.007886737108730214	0.04409555555555556	0.0519	0.01953723459966812	38436	0.018089668615984406
fam376	0.15287037160226674	0.16524090609456463	0.05709245088720722	0.01026	0.0116	0.006770996972381542	0.05589777777777778	0.081	0.04240911059817684	408041	0.014777021919879063
fam207	0.1128957512482359	0.09475806451612905	0.06198751840231762	0.006137777777777779	0.0047	0.004067720567748472	0.05131111111111111	0.0681	0.03422994934408705	220811	0.010032817627754336
fam402	0.26646205398177647	0.24430955993930198	0.11246803142285114	0.01783333333333333	0.0115	0.015461737720364207	0.05929777777777778	0.0659	0.044928844923643865	435762	0.02795170861469204
fam323	0.11303222410462714	0.12291298527443106	0.05973564917557885	0.0061	0.0046	0.0051284392254260834	0.04723333333333335	0.0616	0.030826950690733084	351367	0.011243913235945107
fam272	0.11477185836166617	0.11453744493392069	0.03487724119508686	0.004293333333333333	0.0052	0.002404846957477521	0.03877777777777778	0.0496	0.021954669347836683	288464	0.010144381669805398
fam331	0.103984770377317	0.08255159474671671	0.10296639409051861	0.005422222222222223	0.0072	0.0029737285902373574	0.061635555555555555	0.0566	0.03822501307640532	357930	0.011440677966101693
fam327	0.22090462490927026	0.16266193194305772	0.1685788191757597	0.011260000000000001	0.0145	0.00593379773463467	0.07063555555555553	0.0937	0.0469675403540954	354036	0.017894298793175195
fam193	0.09237766956016392	0.10210526315789474	0.03302511900139461	0.007173333333333333	0.0097	0.004378096999077719	0.0697688888888889	0.0842	0.036501639672286396	208257	0.01893139040680024
fam388	0.1026002617462553	0.09585492227979275	0.05270725047921936	0.008688888888888888	0.0111	0.005663968856718453	0.09308222222222223	0.1057	0.06127780199455551	420791	0.022428803305297323
fam12	0.09828216541429109	0.10337768679631525	0.023506124370873887	0.007264444444444445	0.0097	0.004449876680216633	0.06820666666666667	0.0958	0.03831913592159637	6242	0.01826608731636665
fam307	0.11700010507517976	0.10477453580901859	0.05383151840616034	0.00464	0.0054	0.0025145266839794018	0.04527777777777777	0.0562	0.029436786425520844	332973	0.011769872639437857
fam505	0.1454933797711965	0.12791878172588833	0.09974154006957228	0.0061266666666666665	0.0055	0.004347484585622153	0.05078888888888888	0.0357	0.040945146081731366	61014	0.011280159827877672
fam52	0.06367471945620412	0.06813996316758748	0.036010317149426964	0.0048488888888888896	0.0068	0.0031797010496950966	0.07433777777777778	0.0952	0.039877920869066205	46688	0.012394179894179897
fam514	0.10897895214577812	0.11409395973154361	0.057819441996076144	0.0060888888888888885	0.0034	0.005412956564155314	0.04985333333333333	0.0458	0.03363328113639822	52407	0.01174507841174508
fam467	0.16453643107033847	0.17915690866510536	0.08012249621997994	0.008106666666666668	0.0076	0.006475094164909452	0.04527111111111111	0.0435	0.03556189360176437	103233	0.014581510644502771
fam236	0.05393542061668255	0.056939501779359435	0.03208497301979296	0.006628888888888888	0.0052	0.005353944432626689	0.11803111111111111	0.1529	0.07009316283734962	236553	0.016152263374485595
fam55	0.12753332188991667	0.12264150943396226	0.051038031619273914	0.009348888888888891	0.0132	0.006095412563640598	0.07818888888888889	0.0972	0.05822817272390944	49009	0.01668589004229143
fam469	0.1364291561445752	0.11546840958605664	0.0951605718022541	0.006784444444444444	0.0095	0.004795875800243166	0.049166666666666664	0.0443	0.029645063295222998	101386	0.01071261134552274
fam324	0.5950450941593519	0.5256410256410257	0.20882500442594196	0.015004444444444445	0.0204	0.009511582542833543	0.024408888888888886	0.0293	0.020211150082425314	351692	0.01664902998236332
fam82	0.05752137674779307	0.043884220354808594	0.03378600115567015	0.005544444444444445	0.0047	0.003345946506549583	0.09467111111111112	0.1069	0.0728950283999677	78562	0.014814814814814817
fam389	0.1857509483511965	0.15011286681715574	0.077204613020968	0.009853333333333334	0.0133	0.0067195767062450526	0.052633333333333324	0.054	0.03870447576759624	421422	0.01466740372213009
fam197	0.16319545284831216	0.1351791317991632	0.10458091782031317	0.008686666666666667	0.01	0.004822843789946157	0.06371555555555557	0.066	0.04021480078862925	212243	0.014897733554449974
fam449	0.08728434823093839	0.0	0.09816597761852182	0.0024	0.0	0.003231236433455294	0.029184444444444436	0.0319	0.019129580997392558	121067	0.0069135802469135815
fam273	0.10669155660031185	0.09976525821596245	0.039611017215155524	0.006017777777777777	0.0084	0.004036681193967192	0.0537711111111111	0.0582	0.03339483407968778	289438	0.012414266117969823
fam332	0.041398435227617825	0.03280839895013123	0.053029614812847035	0.0041444444444444445	0.005	0.0030979244345963534	0.10970444444444445	0.1512	0.06623939732534324	359357	0.022991822991822987
fam251	0.09223342076851555	0.09206349206349207	0.03311473549502452	0.009184444444444446	0.0121	0.005612286345571773	0.1030777777777778	0.1334	0.06183459257977021	255098	0.01860169284211556
fam485	0.15827831487239744	0.1390374331550802	0.06447493837540244	0.010042222222222223	0.0119	0.005613574376807581	0.06772222222222223	0.0685	0.038723675725948266	83491	0.01909800957420005
fam134	0.1092605222477625	0.10144286376004416	0.08591387354216079	0.0058688888888888905	0.0045	0.004579316893367017	0.06562666666666667	0.0886	0.04832248797862589	142610	0.011804633318577541
fam95	0.05404133977165159	0.0443298969072165	0.04101800561657667	0.004666666666666666	0.0043	0.004417490489205633	0.09015111111111111	0.097	0.08181568885739383	94218	0.013566375364128176
fam192	0.04544170155226147	0.03553038105046344	0.03715363131554241	0.004251111111111112	0.0049	0.002563645167180879	0.1105	0.1398	0.06132367315228997	206413	0.014390360785924558
fam203	0.2138128046744305	0.2109181141439206	0.08186186797076399	0.008782222222222223	0.0099	0.005139964932387462	0.04146222222222223	0.0411	0.02229769583401327	217455	0.012491458247915813
fam490	0.09738649260582098	0.09062980030721965	0.07419925623795753	0.005128888888888889	0.0059	0.002998416042751923	0.0564	0.0587	0.029487089453597223	79545	0.013311862587224907
fam167	0.04719732048092361	0.043147979337587364	0.04265442128433879	0.00942888888888889	0.0127	0.007005414484437407	0.18983777777777777	0.213	0.1304342649066126	184766	0.01924001924001924
fam127	0.2291772434334064	0.19226638023630505	0.11730014609033149	0.01476	0.0142	0.007191365192599618	0.07634	0.062	0.05779567227166177	133155	0.03261977573904178
fam401	0.12860333359275228	0.14488614605119743	0.07570698892360414	0.006084444444444444	0.0068	0.004405701132525424	0.04491777777777778	0.0415	0.026969672588041796	435228	0.011465378421900159
fam358	0.09796869756287237	0.0879765395894428	0.033911920981871214	0.007000000000000001	0.008	0.003503966006938106	0.07604000000000001	0.0939	0.03986914930954342	389065	0.013985263260625581
fam301	0.06309408892519591	0.058900523560209424	0.050744823919774584	0.0021666666666666666	0.0015	0.0018318175552045448	0.03624444444444445	0.0242	0.0312716240245978	325951	0.007212475633528266
fam228	0.10629117035509345	0.10876993166287015	0.05715231302239927	0.015964444444444444	0.0191	0.009755617311877421	0.15837777777777784	0.1749	0.10691828008944004	231801	0.02820701496198185
fam237	0.041612533594447214	0.04333576110706482	0.01666065116974628	0.00762666666666667	0.0094	0.004605861000459692	0.20129333333333332	0.2263	0.13346752813574794	237845	0.019121447028423774
fam165	0.20796796899053807	0.1962525966458935	0.06296484126399582	0.015193333333333335	0.0218	0.009668928471023963	0.07219999999999999	0.0795	0.04668306854619658	182684	0.019588477366255144
fam523	0.11463545721510551	0.1216	0.04878601363299373	0.008802222222222223	0.0109	0.005154609108528832	0.07336222222222222	0.0716	0.036241285781022294	37908	0.018932340161390438
fam80	0.16125489149689723	0.15	0.06587590518001056	0.006726666666666667	0.0072	0.0044403403272972475	0.04720444444444444	0.0584	0.03116357528736647	76190	0.011503267973856209
fam171	0.09390304148014289	0.07281964436917866	0.057889658461511166	0.005868888888888889	0.0062	0.002921021299494197	0.07713999999999999	0.0922	0.04049762901153049	186820	0.013912630579297248
fam188	0.07460550623300932	0.04402515723270441	0.05888912367863268	0.007562222222222224	0.008	0.003391052861011288	0.16384444444444446	0.2263	0.10728915561966292	201625	0.018357487922705314
fam487	0.19787406579800876	0.16916916916916916	0.12584134488913362	0.0103	0.0086	0.007034233749630762	0.07263777777777776	0.0812	0.053942122435435426	81340	0.018498279700465494
fam180	0.1023232018906906	0.09637964774951076	0.05343831235335813	0.011766666666666667	0.0144	0.00806606058329178	0.11016222222222222	0.0928	0.07600738645067155	195298	0.020083014048531293
fam159	0.03798060882842433	0.040016501650165015	0.01658909585355826	0.004880000000000001	0.0027	0.004134225710120605	0.11577555555555553	0.1215	0.08104880876650276	177430	0.021403578266323362
fam298	0.19203736190286133	0.17310087173100872	0.10858191835014162	0.010355555555555555	0.0111	0.005816893235532198	0.05676444444444445	0.0689	0.030149443743205134	322695	0.015884476534296033
fam83	0.11214806711393827	0.12737430167597766	0.0464786767970867	0.0083	0.0119	0.0057743878944486885	0.06331333333333333	0.081	0.03808046218206917	81390	0.01661364439731354
fam314	0.30822898810383464	0.22433460076045628	0.24630589803300915	0.010442222222222223	0.0106	0.005754360236237827	0.052126666666666654	0.0658	0.03614019246090302	339879	0.01800365387809334
fam315	0.053045837895325416	0.05803752644988556	0.022997747942413962	0.004004444444444444	0.0048	0.0026758139410118895	0.0685511111111111	0.0783	0.04155209112118438	342705	0.012051370255704621
fam424	0.0754684423121178	0.07272727272727274	0.03603303612224824	0.0054	0.0041	0.003954912556976871	0.07413555555555555	0.0823	0.04396698334763664	148221	0.01362962962962963
fam260	0.05899119964318942	0.03988322355761301	0.039792651201841965	0.0062288888888888914	0.0038	0.00542441485721823	0.08949333333333334	0.1053	0.04884850685765351	265212	0.016164933406312715
fam8	0.19993586017027035	0.14733073781281963	0.15588174338397462	0.009897777777777778	0.0117	0.0057017536830109026	0.07460222222222224	0.0895	0.052626227043552215	89	0.020338257332476982
fam375	0.12174587500945029	0.11588481344962098	0.051299206051011716	0.00666	0.009	0.0036269607723884256	0.057931111111111114	0.0738	0.03264976993093841	407429	0.012992049641264302
fam111	0.1750143134936372	0.16666666666666666	0.0554760347044209	0.009086666666666667	0.0106	0.004923169710664056	0.05410222222222223	0.0443	0.033155126896245966	115606	0.01943883277216611
fam292	0.1729364491649822	0.13636363636363635	0.13797676023156066	0.005993333333333335	0.0033	0.00442630520612596	0.02880444444444444	0.0238	0.022624362046800156	317485	0.008695652173913044
fam479	0.15792846501666105	0.1334056399132321	0.07414034303522818	0.008386666666666667	0.0115	0.004562143745604204	0.06605333333333334	0.0796	0.044563071906880226	90134	0.016237623762376238
fam85	0.3702551152800898	0.33478893740902477	0.1588617666823629	0.015560000000000001	0.0197	0.009025184516427105	0.04240666666666666	0.0573	0.030972657475765802	84043	0.018960524310318548
fam224	0.1301780723832411	0.09899888765294773	0.08404265671445528	0.009286666666666665	0.0088	0.005592558547848302	0.09019333333333333	0.1	0.06468575113577951	229874	0.017398794142980192
fam46	0.05468001636497755	0.04861773117254529	0.03756959077799028	0.0038444444444444446	0.0034	0.0018335824746539288	0.07820444444444442	0.0993	0.05398736047778243	39303	0.012267471091000504
fam446	0.23358651010433654	0.1422004162949747	0.2367853786676676	0.005746666666666666	0.0059	0.0028653950668082215	0.03866222222222222	0.0457	0.02422232477042513	123865	0.009881969881969883
fam217	0.025243102293176303	0.025454545454545455	0.02404266195200806	0.0029599999999999995	0.0055	0.0027690672316383605	0.1075622222222222	0.0894	0.07322820734264417	227523	0.022755129229949374
fam537	0.20293997213051196	0.17187499999999997	0.0942785623643324	0.00986888888888889	0.0121	0.006198021986344505	0.04908222222222222	0.0561	0.031219718049042795	18873	0.01463717914557243
fam110	0.27450453227776817	0.23627677911844372	0.1317413140331646	0.013817777777777781	0.0184	0.008087941336442073	0.056488888888888894	0.0744	0.03803202289429394	114583	0.025999999999999992
fam361	0.03550499877190645	0.0	0.042731213159426885	0.0025022222222222225	0.0	0.003368843447362834	0.049024444444444426	0.0776	0.039860507637708306	390685	0.009486679662118257
fam230	0.036076453651558225	0.0	0.09498990533467101	0.0022266666666666667	0.0	0.0044534830314160966	0.033488888888888894	0.0326	0.0298770757324238	233509	0.0064684402712571745
fam87	0.1293010106881476	0.12816901408450707	0.06369973141158447	0.0077844444444444445	0.008	0.0035761528401065954	0.06799777777777777	0.071	0.03821577620063845	86236	0.014437791084497673
fam245	0.13244228533647903	0.08879492600422832	0.11351654803191136	0.00759111111111111	0.0073	0.004905680255115705	0.07894000000000001	0.096	0.054690967769418335	245516	0.016278447121820618
fam359	0.23462689637617504	0.137221269296741	0.27934106352677235	0.0063644444444444425	0.0054	0.0043689386229790435	0.04227777777777778	0.0273	0.030550685672529974	389579	0.011753086419753086
fam379	0.11876000013077816	0.11688311688311688	0.050495792473364956	0.007644444444444444	0.0092	0.004839401044461577	0.07555777777777777	0.0935	0.051872598156504295	410204	0.02427786638312954
fam533	0.04430580430443062	0.04278741038287486	0.02012354788335409	0.003686666666666667	0.0037	0.0025844492213579627	0.08106222222222222	0.0964	0.04014051590704771	22147	0.012497013142174435
fam384	0.3267426661383022	0.3541260558804418	0.15652351531656894	0.03420222222222222	0.0416	0.024117614483921537	0.09424444444444445	0.102	0.04980686947513947	416079	0.06333157802352116
fam535	0.1727233894607639	0.15673076923076923	0.06759437600992592	0.011104444444444445	0.0109	0.005975280767203629	0.06917333333333334	0.0866	0.04063688745736097	20941	0.017999307718933884
fam242	0.15181648224979466	0.10930828351836039	0.08229264560263021	0.009604444444444443	0.0085	0.005770228401239343	0.06769333333333336	0.0767	0.03924641469824558	242080	0.014527458492975735
fam196	0.03796663188435635	0.034693877551020415	0.0277321257872738	0.003819999999999999	0.004	0.002368177921243813	0.10771111111111108	0.1377	0.06050071890196281	211422	0.012768632830361224
fam76	0.11361669943228977	0.10051546391752576	0.07124364395083609	0.006242222222222223	0.0078	0.0035643599324977075	0.06846444444444444	0.0769	0.04670354807152381	71185	0.01298582533150434
fam440	0.47017980825002553	0.42283655759891725	0.38998544842902877	0.006142222222222222	0.0048	0.006013484435976233	0.011293333333333336	0.0158	0.009836562181756164	128296	0.00675925925925926
fam419	0.10471956777260412	0.10204081632653063	0.03109091930678652	0.006124444444444444	0.0047	0.0037427948888827597	0.05854222222222223	0.0775	0.03452390790863558	156126	0.012082204155374887
fam175	0.007677645181834441	0.004340567612687813	0.01752785479567746	0.0008555555555555556	0.0007	0.000610302495327087	0.1825	0.20105	0.10095060398256388	191424	0.013431013431013432
fam546	0.14165262245660842	0.12559808612440193	0.10015853417511114	0.005183333333333333	0.005	0.003588368555331084	0.040744444444444444	0.04185	0.02011411119427857	1381	0.013801537386443049
fam235	0.05499830430115681	0.054847645429362886	0.02192098322726856	0.008655555555555555	0.0099	0.006037017495992005	0.1492	0.1939	0.09149925075588809	236105	0.019183854513195833
fam21	0.07256748890839339	0.07868601986249046	0.042076272255333266	0.007386666666666668	0.0103	0.00587577323516753	0.11012000000000002	0.1309	0.1054949363713728	14854	0.015630309208290862
fam131	0.08693749622986488	0.09788092835519678	0.03626196205910741	0.009586666666666667	0.0106	0.0066823681763611645	0.09643777777777782	0.1016	0.050894576392508065	139103	0.02179307771247318
fam259	0.2717053400309662	0.24607329842931938	0.10252827214042595	0.011453333333333333	0.0094	0.006493196439350961	0.041433333333333336	0.0392	0.01936543312193146	263908	0.014959349593495937
fam405	0.14987807899762778	0.15105740181268884	0.07447408430181049	0.0064533333333333335	0.006	0.004415105384422388	0.03941111111111111	0.0394	0.03194547592537581	437674	0.010614738449789997
fam501	0.03642587605607261	0.02044153720359771	0.030810002217602755	0.003355555555555556	0.0017	0.0033858893829509925	0.0749688888888889	0.0969	0.04402591571246404	68274	0.012794612794612796
fam154	0.035989548271649095	0.035634743875278395	0.013501588155871354	0.00416	0.0045	0.002623432865540874	0.11903777777777778	0.1573	0.07227491124215739	170619	0.01490406068719322
fam441	0.23194103213351447	0.1571194762684124	0.15848913932958425	0.008688888888888887	0.0096	0.00402338841289126	0.05222222222222221	0.0653	0.02965329952702576	127532	0.022076407115777193
fam267	0.08243866589309459	0.08208208208208209	0.047186570570799335	0.005124444444444445	0.0047	0.0031610234317072804	0.06536888888888889	0.0652	0.03152786296611105	272076	0.012837991365598728
fam244	0.10568139076112296	0.11339009287925694	0.05595147128324216	0.01094222222222222	0.0137	0.0074643296607231	0.09355333333333332	0.0967	0.04078781190502869	244277	0.019316554123183956
fam385	0.0848077314185229	0.1	0.05612340286323845	0.010773333333333336	0.0144	0.008297024901868273	0.10609111111111111	0.1295	0.0601506768123822	416864	0.020039363034532118
fam184	0.06780985657166728	0.07678571428571429	0.03949805237053657	0.004577777777777778	0.0043	0.004282205500745764	0.054000000000000006	0.056	0.039396006565809855	198524	0.009481481481481481
fam312	0.1527595008235617	0.13632621491590305	0.06513007295987686	0.007097777777777777	0.0072	0.004716283324299096	0.04652444444444443	0.0541	0.024129236812129026	338507	0.014878125989237103
fam334	0.18897481658613519	0.18474539086556918	0.07185899207985819	0.009844444444444444	0.0099	0.005937173122906055	0.05408222222222222	0.0713	0.03137897589780555	361455	0.016369455875628713
fam122	0.12046933491529392	0.10471204188481677	0.052006795802755225	0.007955555555555556	0.0098	0.0043517330165019985	0.07526000000000001	0.0884	0.04448574003730484	128236	0.016450353487390525
fam239	0.35875621489528176	0.292484965339944	0.3092286017218848	0.01172	0.0121	0.00690924018977485	0.04365111111111111	0.0427	0.02066877002438673	239540	0.017047930283224405
fam480	0.13157194755494792	0.12340604026845639	0.05080807338928403	0.01065	0.0121	0.0072253988740337985	0.0774861111111111	0.10245	0.0528067869837127	89401	0.01622348844571067
fam414	0.1990414628084136	0.2160109639311583	0.08604600323566972	0.008897777777777777	0.0122	0.006054290999462517	0.040920000000000005	0.0466	0.03147078786571587	162115	0.011947431302270014
fam226	0.10750199344714578	0.04668534080298786	0.12802452796781127	0.006708888888888889	0.0067	0.0038132996631510163	0.09554888888888888	0.0865	0.08192610660351118	230778	0.01461640211640212
fam396	0.023984890965822656	0.02888086642599278	0.01685198573409749	0.001902222222222222	0.0015	0.0016382224633749143	0.07361111111111111	0.0886	0.04539289823173382	432043	0.009936040458128811
fam517	0.1171673184157079	0.0788074239456178	0.097693789651508	0.0044199999999999995	0.0046	0.0020752081555566633	0.061666666666666675	0.0838	0.041566359261092645	47678	0.012467511371020142
fam520	0.13165010418492754	0.12295081967213113	0.04600303244914273	0.007797777777777778	0.0087	0.004699432064451519	0.059302222222222215	0.0502	0.03241961332889493	40946	0.01487758945386064
fam47	0.0	0.0	0.0	0.0	0.0	0.0	0.022915555555555554	0.0254	0.024930275708735763	39617	0.0034511784511784506
fam163	0.10699690234386226	0.05849268841394825	0.06840442114349307	0.00607111111111111	0.0062	0.0034208915161741244	0.06798444444444446	0.0528	0.06566974258635422	180976	0.013423368119500711
fam114	0.15242639457393667	0.12836767036450078	0.10715671367704349	0.006364444444444444	0.0081	0.0036373467470155623	0.050491111111111105	0.057	0.03197484999337394	119483	0.018343736995422393
fam466	0.06041711309432476	0.04060913705583757	0.07970671910868792	0.005915555555555557	0.0033	0.005112336085090022	0.10735555555555557	0.1373	0.06196399153470974	104008	0.0163252189282558
fam456	0.14221440275409447	0.14285714285714285	0.07299261776783247	0.010182222222222223	0.0099	0.007911237826700527	0.06713777777777777	0.0793	0.04528499525297235	113419	0.017740429505135387
fam280	0.32986111111111116	0.296875	0.21880510769705766	0.004728888888888888	0.0038	0.004017994094471753	0.010239999999999999	0.0192	0.00957864291014129	298132	0.020115528372409108
fam279	0.2494937627033489	0.22156862745098038	0.14014962069283468	0.007044444444444444	0.0079	0.004534340846647972	0.032508888888888886	0.0288	0.025149948727336488	297750	0.011080160940885174
fam96	0.10373576595473215	0.08399999999999999	0.0632822859439251	0.005177777777777777	0.0069	0.0030834244230789096	0.06505777777777778	0.0498	0.05037223436638213	95781	0.011916906926886968
fam392	0.08951048527887424	0.0718232044198895	0.08458477915721992	0.005257777777777777	0.0065	0.0028342734823653673	0.07808222222222223	0.0982	0.04835901519486603	425646	0.013429860455356208
fam353	0.09099586015014202	0.08429752066115703	0.038852651561197854	0.0067288888888888876	0.0068	0.005855125853936198	0.043186666666666665	0.0	0.058142417485955215	383609	0.013591573224600749
fam250	0.20058553126046247	0.17257909875359537	0.12816724567257698	0.011239999999999998	0.0108	0.006648889631610178	0.07265111111111111	0.0818	0.05536071861376167	252799	0.024171539961013642
fam418	0.10221425888697297	0.07905640509110887	0.08179922013593273	0.007299999999999999	0.0083	0.004407367569069873	0.08518	0.082	0.05687722293580172	157123	0.016835016835016835
fam370	0.06741548643450372	0.04746835443037974	0.08037081644320335	0.002917777777777778	0.0023	0.0023616650330635504	0.06297777777777779	0.0911	0.036822190706081864	401812	0.010501089324618736
fam439	0.1037161151204149	0.09799554565701558	0.06063310490025351	0.005793333333333333	0.0073	0.0038121093606791738	0.05774888888888889	0.0586	0.03604951300162488	128771	0.012299091544374563
fam27	0.025324638085522346	0.03237674760853569	0.022542496968813237	0.0015644444444444443	0.0	0.0021061977912348283	0.04821333333333333	0.0444	0.04534275196275095	20271	0.00564373897707231
fam50	0.09617566197733506	0.09583333333333334	0.03261864091541908	0.008028888888888887	0.0084	0.004216192185279257	0.0854488888888889	0.114	0.0462926373902288	44395	0.01699306612548622
fam133	0.057901820784372865	0.04474562135112593	0.025761393285417725	0.005271111111111111	0.0071	0.003540597703603931	0.09338222222222223	0.0852	0.060619477210579364	141848	0.013328963181470557
fam29	0.3861705369023446	0.3478106472332016	0.12683075743317043	0.013102777777777777	0.0172	0.007619400899134288	0.03609999999999999	0.0385	0.02509988933131866	22093	0.015516763646439455
fam387	0.17620744431689278	0.167590027700831	0.041470608871190986	0.008753333333333332	0.0113	0.0049630904350683215	0.051691111111111104	0.0687	0.03115050077872637	420040	0.01433610481229529
fam434	0.07155926820165472	0.0715201629196973	0.033499143133273256	0.004597777777777779	0.0037	0.0031712240110712874	0.061497777777777776	0.0753	0.033296169208343135	136169	0.011075612353567625
fam326	0.14725725057507177	0.16285714285714287	0.0627438768154525	0.011464444444444446	0.016	0.00832624113018742	0.06887333333333333	0.0954	0.045646479236263846	353081	0.0185293798197024
fam534	0.3722604848435983	0.3371647509578544	0.2120085340686796	0.0048000000000000004	0.0044	0.00306652173570571	0.01146888888888889	0.0126	0.010420019667761822	21595	0.007697082557417753
fam496	0.1535761887450288	0.145	0.049952086893896845	0.007053333333333333	0.008	0.0037607091529834277	0.049546666666666656	0.0547	0.028707371101435876	72906	0.01265854895991882
fam191	0.0496636091242819	0.044884169884169885	0.022533302634360323	0.006253333333333333	0.0055	0.004482588537887456	0.12472888888888889	0.1532	0.06912236692906677	204549	0.01720488961868272
fam146	0.06002048461337453	0.04330927262631871	0.05918927097990258	0.005380000000000001	0.0058	0.003557064957392697	0.12360444444444443	0.1553	0.08241491762365342	159444	0.018846694796061884
fam476	0.06612376658456073	0.06283881295123014	0.05055802335650597	0.007144444444444445	0.0023	0.006855575364639127	0.10163333333333334	0.1098	0.061303166494253956	94141	0.017314814814814814
fam234	0.03067015336698148	0.03674669279764821	0.020616883260842368	0.004346666666666668	0.0056	0.003548495768945233	0.11581555555555556	0.1564	0.06762446616936328	235089	0.015548221488815548
fam343	0.10801456755750782	0.08875219683655536	0.058008907098739876	0.006435555555555555	0.0063	0.0036244328632555624	0.06686444444444445	0.0919	0.043241303071924475	372455	0.015179113539769279
fam268	0.0410488619228098	0.03942652329749104	0.018533152803679193	0.004022222222222222	0.0043	0.0030296966396646152	0.10669777777777777	0.1491	0.06995346862621972	273177	0.014238445938734122
fam107	0.1159606860302095	0.11855236531495525	0.029720958237446686	0.007304444444444443	0.0082	0.00449775032929701	0.06112666666666667	0.0604	0.03673578576205436	111178	0.013935037901103649
fam92	0.0903741485722965	0.07154768714955703	0.06388630078912604	0.005493333333333334	0.0062	0.003216651122587658	0.07886	0.0792	0.051333971424605586	90665	0.014873837981407699
fam75	0.10719572640729591	0.08919722497522298	0.07305503842303233	0.004873333333333334	0.0038	0.0038490056435973754	0.05561777777777778	0.0442	0.03973152282725694	70369	0.009952128999748048
fam204	0.09131551467659912	0.0984818805093046	0.031885273359561754	0.007366666666666668	0.0092	0.004718097545032791	0.07506222222222221	0.082	0.04473458164621335	219027	0.012874442319949008
fam417	0.1118613085484886	0.07883082373782108	0.08431863497151165	0.005522222222222222	0.0074	0.0032279259862703644	0.06504666666666667	0.0581	0.04724579981331674	157750	0.011162449578291163
fam362	0.04479686154839272	0.041633935585231735	0.024091131686274834	0.003299999999999999	0.0037	0.002049498583664903	0.08724	0.1182	0.05513337525189862	392889	0.013310979017426203
fam177	0.18675821343548327	0.16949152542372883	0.16229247316978238	0.007177777777777778	0.01	0.0062507560036593945	0.03709111111111111	0.0261	0.029909632950102825	192132	0.011439287388654476
fam182	0.0	0.0	0.0	0.0	0.0	0.0	0.012871111111111113	0.0	0.017328263646068365	196998	0.0013316687473990847
fam79	0.09089552707626586	0.0992063492063492	0.01439476618197215	0.0044444444444444444	0.0075	0.003531166351571268	0.026897777777777784	0.0	0.03621227838969594	74903	0.006971677559912853
fam61	0.11935939904414884	0.11842233403668236	0.028287317678077382	0.009648888888888887	0.011	0.005943422965195214	0.07854	0.093	0.04613918267349107	58273	0.02990827818414025
fam266	0.13242666573653353	0.1143344709897611	0.055207828309334316	0.009253333333333334	0.0118	0.005214833543737412	0.06878444444444444	0.0626	0.036490491641616905	271071	0.01516352300945739
fam199	0.03997948711795639	0.034643300349433394	0.016150557858509523	0.0041288888888888885	0.0049	0.002109936515340078	0.11641777777777779	0.1365	0.06968109671572464	214880	0.013939924176144649
fam413	0.07310243333588566	0.06840390879478826	0.030409346308171374	0.0071133333333333335	0.0065	0.005111972874210763	0.09294444444444447	0.1158	0.05306205824024695	162959	0.016713615023474175
fam515	0.21218896895815262	0.21674876847290644	0.13596609353097827	0.0067177777777777765	0.0022	0.006453019582210723	0.02622888888888889	0.0204	0.014804303011432892	51836	0.01003584229390681
fam482	0.06720787461496762	0.057788242624679464	0.04865504086946347	0.007284444444444442	0.0088	0.0046196178560355475	0.1310533333333333	0.1584	0.0845029298637364	86185	0.016165226889087482
fam511	0.3177522936187764	0.31781701444622795	0.15091059547197058	0.01152888888888889	0.0131	0.007872106091827502	0.03521777777777778	0.0392	0.021637182902370107	55045	0.015026887828523822
fam58	0.10655104278012797	0.09460887949260041	0.057761831140504635	0.007991111111111112	0.0075	0.006093013201737151	0.08005555555555556	0.0937	0.061401000916762316	52694	0.015282392026578072
fam532	0.09573228222403501	0.09210526315789473	0.027266283647746803	0.005404444444444445	0.0071	0.003055629090024257	0.05802666666666667	0.0741	0.03231107412499794	23202	0.011165123456790122
fam144	0.18779201596141648	0.20721769499417927	0.0886623121915773	0.011940000000000003	0.0176	0.007248061809890973	0.06659333333333335	0.0609	0.037432483813453314	157109	0.018320610687022898
fam545	0.0554578475910069	0.0509031198686371	0.04411506881239529	0.002416666666666667	0.0031	0.0019505697173447102	0.05190555555555555	0.0457	0.025736916249323488	900	0.010683760683760684
fam13	0.06907724100962735	0.05365126676602086	0.07515576075249025	0.0034799999999999996	0.0027	0.002584879107424562	0.0644288888888889	0.0822	0.04198008322590989	7539	0.010207336523125997
fam380	0.18064723888462786	0.16960273692810457	0.09505812022417787	0.008882222222222222	0.0108	0.005142471904050679	0.06448444444444443	0.0682	0.04692165553371589	411412	0.016458096321577555
fam344	0.2541764891651901	0.2191011235955056	0.15572982224642404	0.010231111111111111	0.01	0.00672946496873504	0.04292222222222222	0.0456	0.02514452349376291	374090	0.016215119228817857
fam223	0.006249927074485693	0.0	0.018582399063756843	0.0008244444444444445	0.0	0.0016489937073602132	0.41169777777777783	0.4599	0.30138474007589916	229458	0.02130669995838535
fam409	0.589789428262516	0.4559314467606071	0.3428751727141067	0.01722444444444444	0.0177	0.007279931487942437	0.03252444444444445	0.0279	0.018631850335207728	171017	0.02735253772290809
fam218	0.3982286788479299	0.37673830594184576	0.09280020422937688	0.014844444444444448	0.0179	0.012355971216029844	0.04127111111111111	0.037	0.03906831977288688	227720	0.03851851851851852
fam377	0.07952361025155688	0.0765472312703583	0.03011040988302168	0.0061066666666666665	0.0062	0.003030760813906487	0.07950444444444443	0.1071	0.04952797618206662	408797	0.014179894179894181
fam91	0.6264865657122239	0.27768595041322314	0.5383781394868163	0.010906666666666667	0.0144	0.00681828913046863	0.02716222222222222	0.0119	0.02717053378520267	89852	0.015334632878492524
fam296	0.1955839404157727	0.19034478016826473	0.06238863900872818	0.010151111111111112	0.0127	0.005747641921198726	0.0521288888888889	0.0668	0.030221909802306764	320708	0.015296162588581363
fam539	0.06860429991737564	0.069715093244505	0.030632274546857862	0.0041177777777777775	0.0045	0.0027415558347518164	0.058868888888888894	0.0641	0.03823032433508029	16379	0.009656620182935973
fam313	0.051436298960095814	0.04205900816070308	0.04209603178519774	0.004846666666666667	0.0034	0.004092138805074921	0.09145777777777779	0.0929	0.051113157640187104	339171	0.013161375661375659
fam427	0.10919858904574273	0.09250372080308598	0.0761371079510525	0.004286666666666666	0.0043	0.002270839296628256	0.04949555555555556	0.0442	0.033762194212235246	145027	0.009280223619846262
fam486	0.04725846183335073	0.04293116210214656	0.02640282737771444	0.0036555555555555556	0.0043	0.00210961350389176	0.08534	0.0947	0.05210573608858562	81905	0.012636165577342045
fam113	0.10271420012731843	0.0	0.11871060404999237	0.00756	0.0	0.008082144929823188	0.04543111111111111	0.0659	0.03688094854300929	118026	0.01248097412480974
fam304	0.11020435059087516	0.07983193277310924	0.11228580917367356	0.005486666666666667	0.0056	0.0026509201756706627	0.0675577777777778	0.0659	0.045548277142141	329263	0.014566719829877724
fam168	0.025902458795625163	0.03822314049586777	0.02454171237419311	0.006180000000000001	0.0111	0.006465725017351109	0.15340444444444445	0.2792	0.14351969583077448	184873	0.03289760348583878
fam291	0.16662854822742953	0.1602787456445993	0.04533635091254803	0.0085	0.0092	0.0053836790394673414	0.05076222222222222	0.0684	0.02883379413033632	317098	0.015477734543882406
fam297	0.14881547130405653	0.15949037863510435	0.08478396070172504	0.005486666666666667	0.0051	0.0028696573546912064	0.042026666666666664	0.0475	0.02136012276285987	321865	0.01063973063973064
fam403	0.2209502749994211	0.2346938775510204	0.09930815385911021	0.011791666666666666	0.01325	0.007943563956646497	0.05033333333333333	0.0504	0.031878580408934286	436188	0.031547619047619054
fam99	0.07077483145033196	0.07364341085271318	0.030791714369516682	0.005953333333333333	0.0076	0.0039014299372865267	0.07763555555555555	0.0805	0.0437146919394158	99244	0.014037037037037039
fam305	0.09201665007780184	0.09627329192546583	0.0525622021094951	0.0067777777777777775	0.0075	0.0046612773112999295	0.07016888888888889	0.0879	0.0378557955182689	330640	0.014949801737956634
fam103	0.053620965186828365	0.048192771084337345	0.02520946718840745	0.004071111111111112	0.004	0.0026409276335091236	0.0723111111111111	0.0896	0.03589251994015356	105458	0.012382297551789077
fam11	0.13825123099617062	0.12229437229437229	0.05817967861549832	0.00777111111111111	0.0106	0.004556783574321901	0.0626622222222222	0.0879	0.038671271501027386	3595	0.013848631239935587
fam4	0.0685328241141272	0.047748976807639835	0.08941099366135084	0.0029599999999999995	0.0029	0.0016197942256142702	0.06462666666666665	0.0733	0.04018415055162366	5702	0.008867858394672273
fam202	0.20962058156771313	0.14135357694287187	0.20683001194781822	0.009504444444444446	0.0096	0.005558815043816264	0.06504888888888889	0.0776	0.052463272326551236	216643	0.019455970493314892
fam186	0.01665609051879107	0.00837598883201489	0.0188529106424713	0.0038311111111111107	0.0036	0.003583779644901438	0.21178222222222223	0.2042	0.15076411935188896	199489	0.017979144192736426
fam316	0.06055701491171212	0.04815864022662889	0.045868992574870864	0.007920000000000002	0.0035	0.008218937482018787	0.10912444444444444	0.097	0.06774743342594218	343829	0.01962962962962963
fam270	0.09385575456577488	0.09058534058534058	0.03248954347580616	0.005682222222222223	0.0069	0.0030348559467104777	0.06528222222222223	0.0768	0.03738330755766024	281958	0.012341597796143251
fam149	0.09662367666460692	0.07356948228882834	0.08377497172131392	0.005971111111111112	0.0054	0.0030210831186639905	0.0855511111111111	0.0889	0.05692068798765221	160770	0.01564361564361564
fam161	0.07952329335492739	0.09080902586681343	0.028144489511844048	0.008377777777777777	0.0102	0.005393489445160871	0.09847555555555555	0.1185	0.05233337221041254	180015	0.016093353627600202
fam28	0.08457269980414231	0.08287724784988271	0.037878841024573694	0.011428888888888891	0.0071	0.00917728166536432	0.1077288888888889	0.1279	0.08937858461429293	20881	0.02000692281066113
fam32	0.18078668428946457	0.12494535427245518	0.14185088338383567	0.009382222222222222	0.0117	0.0050484888339158325	0.07217777777777777	0.055	0.0529902502096749	25306	0.01662887377173091
fam373	0.11334708559130335	0.11527377521613832	0.03297328470662306	0.006295555555555555	0.0071	0.004434809556505119	0.06139111111111111	0.0759	0.0418937800857901	405137	0.012161929371231698
fam269	0.04097410786433219	0.041156558533145274	0.03718571113344025	0.00426888888888889	0.0054	0.003114112837620387	0.09951111111111112	0.1198	0.059587635638508545	280115	0.015103756238508008
fam276	0.07348610184137548	0.06843734881470731	0.028059880602826423	0.003957777777777777	0.004	0.0026532570247727928	0.05050222222222222	0.0624	0.02726883030444906	294928	0.011572353022167147
fam151	0.12590072017443132	0.10397196261682243	0.07299760613441693	0.007853333333333335	0.0089	0.0066307901322374685	0.06328222222222221	0.0711	0.0490021282480619	162010	0.013658745450652961
fam499	0.09299580535863605	0.08793103448275862	0.06229870878886313	0.007704444444444446	0.0061	0.004663615934041622	0.10934444444444444	0.0942	0.08688430252175221	70216	0.023655913978494626
fam468	0.055912236453223366	0.042417815482502653	0.04489056500101991	0.005724444444444445	0.0039	0.005052003147511801	0.09825555555555554	0.0966	0.06273856710564193	102333	0.014969135802469134
fam232	0.04040157154111233	0.037275064267352186	0.02530531494341801	0.006593333333333334	0.0029	0.005580696889975102	0.15130444444444444	0.1287	0.08424875852842133	234060	0.014992592592592594
fam282	0.26527115180143956	0.2914507772020725	0.08940652795126743	0.011702222222222221	0.0149	0.007948989841871283	0.040962222222222226	0.0463	0.027602039287695865	300222	0.01621115368241805
fam57	0.11262963994067582	0.09040152742420736	0.06027802313870527	0.010068888888888888	0.0076	0.007746879578893463	0.08494444444444443	0.1012	0.04540133407514001	51546	0.020620620620620624
fam195	0.3331218462291659	0.3160377358490566	0.2515875442985949	0.007982222222222222	0.004	0.007564692514537929	0.025004444444444444	0.0299	0.021950377932008932	209435	0.04570230607966457
fam420	0.07800155682946382	0.06417736289381563	0.07855615802511724	0.00412	0.0048	0.0027406892888063358	0.05972	0.063	0.04293262214731875	154677	0.010006224712107064
fam429	0.08147500073859792	0.09105431309904154	0.04283502397033079	0.004046666666666667	0.0052	0.002815717788889125	0.04291111111111111	0.0532	0.021249316038375578	140393	0.009293258987261434
fam39	0.06635531141427185	0.06596942880128721	0.03521927199104213	0.0049	0.0057	0.0031315597817488123	0.07375333333333332	0.088	0.0416480256968376	31289	0.012510838597795117
fam288	0.20319340835923988	0.21396396396396394	0.046389279372887386	0.01213111111111111	0.0172	0.007405278064318486	0.057444444444444444	0.0735	0.034544808618215496	313158	0.023588742476004558
fam241	0.11647038522356508	0.09569152261174169	0.07331042853124224	0.006862222222222222	0.0073	0.004244279228896175	0.07413111111111112	0.0875	0.05533904718379127	241339	0.012524366471734893
fam423	0.13633325514972114	0.12713038125649212	0.054026822305759004	0.007466666666666665	0.0089	0.00448300494460282	0.058391111111111116	0.0695	0.03539397200542753	149677	0.013221117975348437
fam493	0.17507189760732747	0.16859122401847576	0.07850055893555917	0.011626666666666667	0.0131	0.00577228627918686	0.07087333333333334	0.0837	0.03968782852882397	76320	0.03261952861952862
fam104	0.3223907180830815	0.34748935071640635	0.21902756618982247	0.01789777777777778	0.0238	0.012966255158661124	0.05320888888888888	0.0517	0.024465738603853735	106028	0.022463768115942036
fam335	0.100233843582033	0.09744013212221304	0.0330741460623011	0.007142222222222224	0.0084	0.0042988106308031486	0.07219333333333333	0.0749	0.04336939730065686	362847	0.014992721979621539
fam34	0.7943094266526044	0.5830508474576271	0.6755839452690604	0.01649111111111111	0.0171	0.011258632682370592	0.01983555555555555	0.0159	0.016313799960027783	25846	0.016681722372779286
fam310	0.10902954668149678	0.13	0.04506654298890454	0.008517777777777777	0.0068	0.007102590728862841	0.06790444444444445	0.0737	0.042909951995392784	335874	0.017166666666666667
fam194	0.28188496608949865	0.3168724279835391	0.12027279308125431	0.012662222222222219	0.0154	0.008598560315900148	0.042904444444444446	0.0492	0.025666683597878014	209018	0.016331291921843107
fam121	0.12952018217720843	0.09934263883553164	0.1095233825828154	0.005053333333333333	0.0068	0.0032066320164448065	0.050604444444444445	0.0529	0.029235989659288513	126105	0.010766580534022397
fam147	0.12841756989938888	0.09416445623342176	0.13732367069818094	0.004986666666666667	0.007	0.004309349009872476	0.04089555555555556	0.049	0.027412681214321673	159759	0.012750455373406196
fam522	0.055243765762231715	0.04781704781704782	0.060547519836814015	0.0036066666666666673	0.0034	0.0023627103080995776	0.08441555555555556	0.0962	0.05566793992777593	39054	0.011739618406285075
fam541	0.24024384174031438	0.2361111111111111	0.08475334104167284	0.009097777777777778	0.0103	0.005551796061291593	0.03631111111111112	0.0382	0.018905486825225245	13462	0.016761382193480962
fam118	0.15814819434598343	0.14969051300070274	0.04812059826042566	0.011235555555555556	0.0094	0.006502210070619768	0.0743711111111111	0.0625	0.052036007286502955	122631	0.01699074074074074
fam128	0.08891701812288244	0.07748184019370459	0.05691506526197401	0.00626	0.0072	0.003309810333605907	0.08130222222222222	0.1099	0.05102884800184169	135038	0.013859525487432463
fam390	0.22055113214722008	0.1977401129943503	0.09091047072358463	0.007004444444444445	0.0084	0.005143278485581635	0.03422666666666667	0.0362	0.02960341872149229	421936	0.022528735632183907
fam381	0.09760471677710793	0.08681135225375626	0.06815835317689176	0.006397777777777777	0.0045	0.005051445948719981	0.07362666666666667	0.0948	0.04992483416764313	412179	0.013859953703703706
fam339	0.22674972534655238	0.23478260869565218	0.09629446381144476	0.011857777777777776	0.0168	0.007082168183038264	0.056106666666666666	0.0707	0.03585659338097931	367721	0.02002605620696073
fam24	0.11079024583600999	0.12668161434977576	0.07232249574309249	0.008337777777777777	0.0104	0.006187596513775276	0.06715333333333333	0.0688	0.03263679995206502	18420	0.013871742112482854
fam178	0.05767960743101958	0.059	0.01691445813562423	0.006724444444444445	0.007	0.0027894368651560047	0.08940888888888888	0.1098	0.07420600102184675	192625	0.016241085806303197
fam152	0.08002990858139451	0.07507139942880456	0.04736475363403177	0.009175555555555555	0.0123	0.006164888232042837	0.12427777777777776	0.1452	0.09206553194784413	162446	0.021096296296296297
fam525	0.20777463579759595	0.13852242744063326	0.1125208813523402	0.007135555555555556	0.0105	0.004609514583050804	0.041328888888888894	0.0326	0.037447133830224785	36511	0.011895424836601307
fam54	0.1624131759472282	0.1331845238095238	0.07878541247363958	0.010053333333333334	0.0141	0.006461840123198483	0.06291333333333332	0.0607	0.043749136372428346	48143	0.02072829131652661
fam437	0.110934546297705	0.07948717948717948	0.07272233340426326	0.0057799999999999995	0.0069	0.0037565113839542375	0.05408	0.0461	0.02947541800664864	130245	0.012310902451747522
fam464	0.09484123589218206	0.09971509971509972	0.034253253993842665	0.006315555555555556	0.008	0.0036699957950660474	0.06891333333333334	0.0763	0.03524624865775711	105905	0.013639601139601143
fam220	0.036446463798907626	0.037489469250210614	0.021497662208819626	0.00736	0.006	0.0058303573361044225	0.19338444444444441	0.1966	0.13744793592978405	228373	0.020728793309438467
fam383	0.02076480282002581	0.019629837352776222	0.019013801827411962	0.0024977777777777776	0.0035	0.002001831260386781	0.10010222222222222	0.0993	0.0654221861412944	415352	0.013792319927289253
fam101	0.15991545725582904	0.12486772486772486	0.10202861896360894	0.007555555555555556	0.0086	0.00431630271595986	0.06027555555555556	0.0698	0.03982824322041698	102546	0.013307112422156668
fam337	0.1066948872493989	0.10468367889420521	0.04480480149464007	0.010262222222222225	0.009	0.006207604257463902	0.09618222222222222	0.1135	0.04971724623145882	365162	0.023008687700045726
fam459	0.32424483517914504	0.22249376390480685	0.24438520269152603	0.011242222222222223	0.0078	0.008342594557487334	0.043071111111111116	0.0305	0.04339454969474711	112725	0.016598079561042523
fam547	0.19858349330672348	0.19452887537993924	0.13233613965224922	0.004441666666666667	0.0032	0.0025308513060496723	0.022802777777777776	0.016399999999999998	0.016236849142051184	1768	0.007348618459729571
fam502	0.08369563717182225	0.08699020036051863	0.019979777508844436	0.007242222222222223	0.0099	0.0043447280384846946	0.08349555555555556	0.1114	0.048767712249240196	65283	0.01491946032813843
fam548	0.089892126418413	0.07847811333559551	0.049709092440003044	0.0031305555555555553	0.0032	0.0014458406713443845	0.041777777777777775	0.04245	0.02028609418503105	2872	0.00819587094096898
fam478	0.09080828032794441	0.0791315380207907	0.04410455895126998	0.003933333333333333	0.005	0.0019654798678976873	0.04974888888888889	0.0643	0.031294384460561486	91675	0.00990860990860991
fam382	0.14145839069713803	0.11524226992139158	0.06320672574598393	0.009971111111111113	0.0125	0.00587864769870011	0.08221111111111114	0.1047	0.053981755033929844	413549	0.018387181507748887
fam20	0.16516962632839954	0.14303329223181255	0.0679720202623928	0.012702222222222222	0.0139	0.0075830656037395115	0.08068222222222222	0.0933	0.05181846641621494	14468	0.03944875107665805
fam33	0.18170878459687126	0.18170878459687126	0.0	0.005368888888888888	0.0	0.00722808787446498	0.029546666666666666	0.0	0.03977841737536686	25458	0.007256235827664399
fam365	0.11234024358153885	0.11895161290322581	0.044091746060814445	0.006037777777777777	0.0058	0.0037198141464259496	0.05791111111111111	0.0496	0.03580459450481629	395758	0.01710239651416122
fam208	0.059558641744238576	0.06361474435196195	0.037715686835504976	0.006313333333333334	0.0075	0.004956190293181067	0.08758666666666666	0.113	0.05295266061933684	222942	0.015107763130362002
fam22	0.059204630505694786	0.05555555555555555	0.02552453401513454	0.004851111111111112	0.0055	0.0027260571627023868	0.08695777777777779	0.085	0.04897384103960847	16318	0.012962962962962964
fam238	0.11250197256806685	0.10827067669172931	0.05037268052704719	0.008702222222222224	0.009	0.005970054490311119	0.08321333333333333	0.1018	0.056727902599455704	239156	0.016457023060796647
fam299	0.16142641259115836	0.1880133572567783	0.07424844764790589	0.0089	0.0119	0.00581622252363546	0.05038888888888889	0.0593	0.022695983219966204	323808	0.014897348602083974
fam378	0.12657973111971646	0.09833333333333333	0.09628974590117367	0.0071422222222222225	0.0074	0.004174126063628376	0.07479777777777777	0.0946	0.051017201843599945	409562	0.013321622017274189
fam139	0.06072329258305611	0.03934491071094505	0.06802445877187097	0.0043888888888888875	0.0034	0.002925992498070601	0.11427555555555555	0.1079	0.08013073250231788	148325	0.015410052910052912
fam37	0.099917272562988	0.08878183069511356	0.048146477435425064	0.008555555555555554	0.0103	0.004327409055751775	0.10852666666666667	0.1292	0.07048166475521607	28807	0.018531073446327682
fam473	0.20741162900629023	0.2009184845005741	0.09826037830145405	0.016157777777777774	0.0183	0.009389887915291023	0.07829555555555556	0.0871	0.038096281274076875	96758	0.022391534391534393
fam447	0.11469482663322524	0.1144186046511628	0.04538563204399144	0.00810222222222222	0.0103	0.004473700376838887	0.0719311111111111	0.0884	0.04024741715507121	122845	0.015734843123378153
fam201	0.041992890291247593	0.03848620910840282	0.05062211753737214	0.0033377777777777785	0.0059	0.003488157035767289	0.07878444444444446	0.0839	0.04490872696954002	215892	0.01027479091995221
fam141	0.08782099621369469	0.07557117750439367	0.04249524998157171	0.00568	0.0062	0.0030078120508657677	0.0751311111111111	0.1012	0.04267985120364681	150418	0.014978432247508553
fam308	0.10779746200101309	0.12154233025984912	0.05689997427427079	0.009222222222222222	0.0134	0.006552620812024212	0.07658444444444443	0.0785	0.049144892152606846	333947	0.018680555555555558
fam391	0.0928557455592454	0.07299270072992702	0.04679275164283658	0.005057777777777778	0.0051	0.0023706997456343177	0.0667288888888889	0.0864	0.03975450566901385	424496	0.011831782521437694
fam528	0.004990008695887857	0.0	0.006269904752056387	0.0006044444444444445	0.0	0.0008137582375225471	0.0906822222222222	0.1186	0.05239873318608164	33778	0.010765432098765433
fam472	0.041463219722699486	0.041379310344827586	0.00014533530570562435	0.0032266666666666667	0.0036	0.0028995325293724315	0.030871111111111106	0.0	0.041561898268177314	97894	0.019028202514441043
fam516	0.12080466071019008	0.12058387032972201	0.0587979460646747	0.009253333333333334	0.0093	0.006278025167200272	0.07435333333333334	0.091	0.044525820723610596	50457	0.021723646723646725
fam325	0.04996137247360327	0.04555314533622559	0.018506962618116678	0.0029955555555555564	0.0042	0.0026185624177785926	0.06096	0.0922	0.047859973533911054	351971	0.019094650205761315
fam408	0.13737989840388523	0.12375525118695468	0.09830874247070535	0.00957111111111111	0.0102	0.0044930871456900804	0.08648888888888889	0.098	0.050883274799495636	171848	0.019949049578679205
fam421	0.3385086793414226	0.3262411347517731	0.2211451945875079	0.009444444444444445	0.0133	0.006494700593750966	0.027622222222222225	0.0188	0.019823183833177518	153910	0.0162534435261708
fam290	0.16985751512116018	0.14814814814814814	0.08457031590590385	0.006213333333333334	0.0084	0.003757043755105572	0.03975555555555555	0.0513	0.026865149300042614	315550	0.019034608378870672
fam255	0.40312259408728374	0.290593834614285	0.3211832359443543	0.01086	0.013	0.006706196139889338	0.04192666666666667	0.0194	0.037240470220208315	259823	0.01977124183006536
fam169	0.1372580085070116	0.15169366715758467	0.05740338200922797	0.011462222222222223	0.0111	0.008471003846820016	0.07954888888888889	0.0712	0.05999937267161761	185471	0.01695227565874332
fam338	0.11185836815268348	0.10513141426783479	0.041356300377430766	0.006755555555555555	0.0076	0.003866468705021881	0.06310666666666667	0.0746	0.03626339078342111	366510	0.013161520382526947
fam395	0.1025721611930931	0.07750865051903114	0.05746489442446557	0.00820222222222222	0.0093	0.005985259258800885	0.0813488888888889	0.0727	0.0599205497016108	430512	0.015483152325257588
fam452	0.11750868760424683	0.1149425287356322	0.07119814527215211	0.007031111111111111	0.0061	0.004960816340627024	0.06326888888888889	0.0729	0.04091856314530781	118053	0.020720987654320986
fam286	0.14586290965604048	0.1564245810055866	0.038072781001244484	0.007408888888888889	0.0084	0.004823913681843462	0.047948888888888895	0.0491	0.028614002960650208	306725	0.015356176140489867
fam506	0.1285864350731489	0.14422158548233047	0.08336501543179133	0.007406666666666667	0.0074	0.005955255382153368	0.05507999999999999	0.0492	0.045573718547230954	60691	0.013105413105413103
fam367	0.1469503403816025	0.14547307941803353	0.08766260018246025	0.0077266666666666655	0.0052	0.005794342067914182	0.049142222222222205	0.0539	0.028387919879091675	398823	0.013842802078096196
fam398	0.031112520883322198	0.028769841269841268	0.013529728911538705	0.003097777777777777	0.0029	0.002166357812744586	0.09387777777777775	0.0841	0.06214558852275442	434089	0.01312962962962963
fam136	0.07294917183993808	0.06930693069306931	0.04186397725273966	0.0051777777777777785	0.0067	0.0032588265706054304	0.07823555555555556	0.103	0.050298483103063216	145249	0.021452075894419942
fam342	0.40700060600947013	0.40892193308550184	0.2859075305708872	0.012188888888888886	0.0109	0.006779682792390223	0.03226444444444444	0.0345	0.017881165206322616	371526	0.015410052910052914
fam340	0.13570521335473962	0.12674743709226466	0.05516189304811776	0.009404444444444444	0.012	0.006249691745484751	0.06761555555555555	0.0746	0.04152148014678965	369206	0.017339380196523053
fam442	0.021438003638883995	0.017705927636643574	0.018533379825168176	0.0016933333333333334	0.0012	0.0014219548359760083	0.08097777777777779	0.1034	0.04422354771882855	126327	0.011167398401440955
fam264	0.05495715704430552	0.05752251959285877	0.04236221084220435	0.003155555555555556	0.0036	0.002131202639675079	0.07232444444444443	0.0845	0.04474657109423423	268285	0.013943355119825713
fam49	0.02490206675588416	0.0	0.036071616799935695	0.0018355555555555558	0.0	0.0024713608986463354	0.049357777777777785	0.0573	0.034154723043421674	41077	0.008561808561808564
fam451	0.04749406513357053	0.05316223648029331	0.018451076120950545	0.003466666666666666	0.0033	0.0022752777608214974	0.06952888888888888	0.0859	0.03754473848163443	119147	0.010022742040285899
fam303	0.20197473229040275	0.19288389513108614	0.08978855253391517	0.00764	0.0097	0.004570990653628111	0.043722222222222225	0.0534	0.02935276544903687	328527	0.01269668361171629
fam219	0.41436823346202867	0.3686534216335541	0.22089645162787497	0.027844444444444442	0.0371	0.01470811651293342	0.07470666666666667	0.079	0.04355191231928474	228000	0.03696067201221841
fam138	0.10860339882389734	0.10918172736354555	0.0503781994232797	0.007475555555555555	0.0089	0.003935544889878264	0.07290666666666666	0.084	0.030591316124387688	147974	0.01470330545599363
fam59	0.10478365934633183	0.1076487252124646	0.027755755105570212	0.009346666666666668	0.0114	0.006126757344269116	0.08240444444444443	0.1088	0.048853167555921215	53986	0.016265216265216265
fam492	0.08530416306951041	0.07849672802886673	0.051622870032134116	0.0068466666666666684	0.0053	0.005498145141772814	0.09400000000000001	0.1219	0.06666754332756933	77222	0.0191275720164609
fam206	0.006340384959275487	0.0	0.0071367254557457216	0.0010311111111111111	0.0	0.0013881758169502275	0.17508222222222222	0.1794	0.1378739928564225	220322	0.011640211640211643
fam477	0.17619250949358345	0.16027397260273973	0.08144601895534746	0.010362222222222222	0.0117	0.006929495376493117	0.053739999999999996	0.0573	0.029927559948055314	92371	0.014903450459006016
fam289	0.2605984997724988	0.2058823529411765	0.1525893562780068	0.0077666666666666665	0.0055	0.006409714848918354	0.028779999999999993	0.0349	0.021208757101201795	314056	0.01111111111111111
fam435	0.03309893571775255	0.04109589041095891	0.01954807936837863	0.0010666666666666667	0.0015	0.0009285592184789413	0.028415555555555555	0.0356	0.01638282238003582	135339	0.004854096520763187
fam189	0.1547706553096198	0.11447811447811448	0.10171944994776887	0.007644444444444445	0.0081	0.005263355733773551	0.05896444444444445	0.0588	0.04061704708100094	202329	0.014661293417770104
fam70	0.06645353580632728	0.0665137614678899	0.035395976203144094	0.00398	0.003	0.00278357084814931	0.05690666666666667	0.0651	0.029094676107112413	66615	0.01101177806158649
fam205	0.06636121365943198	0.06994328922495274	0.03387292367907324	0.007975	0.0094	0.006293443457722931	0.11789166666666666	0.1722	0.08612415900250572	219853	0.015466015466015467
fam160	0.17780692563903885	0.14721586968607964	0.13317637059228615	0.00901111111111111	0.0109	0.005131307921734412	0.06967999999999999	0.093	0.046709269125326955	178858	0.03161143599740091
fam125	0.21918805517744186	0.17668161434977578	0.13144440894734444	0.012731111111111108	0.015	0.0070934342794265175	0.06963111111111112	0.0868	0.04311581211482613	131563	0.01905173656146419
fam243	0.15713835737258677	0.15326950243289905	0.08441400465650035	0.0058111111111111115	0.0044	0.0036638912054579487	0.04304888888888889	0.0414	0.02701530942280463	243213	0.010582010582010581
fam42	0.05683840260251296	0.05710172744721689	0.016655707096626376	0.00788888888888889	0.0071	0.004618860957336763	0.13603777777777776	0.1589	0.07373609485150823	33712	0.01813865147198481
fam450	0.18573698837730457	0.16608200685069513	0.13794010705699064	0.00830888888888889	0.0117	0.005747997611621797	0.04036	0.0456	0.024959170214127267	120540	0.011134404845096669
fam173	0.01763208017757905	0.022874571101791842	0.008904442622063047	0.0026311111111111114	0.0029	0.0023806462448692114	0.13946444444444442	0.1201	0.12142724782181405	189119	0.022107378696525983
fam1	0.005920570923621978	0.0	0.007726792272209712	0.0007822222222222222	0.0	0.0010530988956174141	0.09800666666666667	0.1355	0.060186290059374085	8962	0.010950080515297908
fam56	0.043100116798102474	0.04477611940298507	0.021251783020670423	0.0023888888888888887	0.0025	0.001369220738996735	0.05295555555555555	0.0633	0.025139226148750575	50415	0.008735301175905928
fam354	0.09674411178387035	0.09363636363636364	0.05553198092594991	0.007651111111111111	0.0093	0.005679187039717813	0.06691555555555556	0.0729	0.040708912240472225	384865	0.014939458689458692
fam120	0.1725250140570547	0.12954333643988813	0.1107341282909367	0.00952	0.0097	0.00515444145050331	0.06207333333333333	0.0617	0.047224327064201425	125081	0.02229592776856458
fam105	0.042345269744897385	0.03567567567567568	0.035278261268244716	0.0027044444444444446	0.0032	0.001822325200342263	0.07381333333333334	0.0804	0.04178744947150201	106748	0.011268047708725675
fam51	0.0758742069463191	0.05380794701986755	0.062485550643962745	0.0061244444444444445	0.0065	0.0038554524481890463	0.09109777777777778	0.0906	0.05190531759908351	45000	0.022724419334588828
fam211	0.05946789207676093	0.04874746106973595	0.055168703716358854	0.003144444444444444	0.0018	0.002377165030082454	0.06237555555555556	0.0706	0.047451295055763607	224525	0.009463051568314725
fam3	0.0838517652738231	0.08362183636120163	0.07151366902156495	0.004391111111111111	0.0044	0.003998934425970233	0.04619555555555555	0.0343	0.03282792818829422	7603	0.00905349794238683
fam67	0.16423356263514213	0.1404195787377829	0.06413154033322647	0.013064444444444444	0.0137	0.006807778412491129	0.07511111111111111	0.085	0.06642084084657038	63777	0.021380471380471378
fam132	0.10651390558366987	0.07584269662921349	0.0875230754448163	0.003439999999999999	0.0036	0.0020015993605114885	0.04242666666666667	0.0366	0.02916313045229846	139802	0.009991386735572781
fam319	0.20128179295474188	0.1518467852257182	0.09835363114061743	0.00858	0.0105	0.0039356829140569745	0.05813111111111112	0.0593	0.03870843618771967	348324	0.01632124352331606
fam458	0.17000190793430472	0.23076923076923078	0.1327670012436066	0.0038266666666666666	0.0068	0.003993405675471613	0.024162222222222227	0.0299	0.0290847595744949	112892	0.007283950617283952
fam66	0.12554244381414031	0.09813407049067036	0.08287886257971938	0.008222222222222223	0.0087	0.004837211726185925	0.08104	0.0826	0.05591342275737056	63420	0.01610794855576639
fam72	0.01562846389017927	0.0	0.024832088433923392	0.00108	0.0	0.0014399999999999999	0.07781333333333333	0.0388	0.05965825862545958	67623	0.009718938796952983
fam198	0.14342395263700855	0.15963622655734613	0.07244774910133285	0.008826666666666668	0.0104	0.006039035978991644	0.056333333333333346	0.0655	0.03130224699069807	212934	0.020049382716049384
fam410	0.15625644119413123	0.15241635687732344	0.058477893574131856	0.0077244444444444435	0.0082	0.004995293587437215	0.04827555555555556	0.0358	0.03633593358007748	169905	0.011767080431930567
fam521	0.20074915049624462	0.17150760719225447	0.10058899423412977	0.010017777777777776	0.0123	0.0053905385791068695	0.06022444444444444	0.0723	0.04125537355198205	40056	0.016695601851851854
fam108	0.079314734150108	0.07834244574769758	0.032369095768347365	0.004655555555555555	0.0043	0.0025072832181072943	0.06162888888888888	0.0699	0.030222380391742965	112692	0.01193688169405609
fam394	0.050922588884545976	0.053903695179061795	0.041245744892715756	0.00404	0.0043	0.0030086837284396943	0.07305111111111111	0.0815	0.04692445759929095	428777	0.01639858120927163
fam210	0.09962010528408964	0.08415822459766667	0.07206750447355224	0.007215555555555557	0.0089	0.005317725309672906	0.07138666666666665	0.0565	0.04511814909521199	223905	0.01398017736045905
fam14	0.11786918777459411	0.1233108108108108	0.036018247350298536	0.005646666666666665	0.0073	0.0034584261031733944	0.04987555555555556	0.0524	0.03088281906789351	8998	0.011738707681428448
fam333	0.04411084060271706	0.045070780168856725	0.027121406441623357	0.0036599999999999996	0.0042	0.0028294797323104395	0.06922666666666667	0.0809	0.03728067953600989	360719	0.011406096361848575
fam64	0.09724250791262053	0.08999081726354453	0.06503117069017392	0.0064244444444444436	0.0065	0.004552223171426148	0.07357111111111113	0.1067	0.051479426838828744	61183	0.012872238232468781
fam97	0.20253566678957285	0.1863045163082131	0.07691905372811564	0.009922222222222223	0.0135	0.00585373153121205	0.05175111111111111	0.056	0.03086854293953436	97800	0.029961888009381415
fam415	0.1485316269707851	0.10574521232306411	0.09936155724880137	0.00900888888888889	0.0097	0.0038869480871371004	0.08194222222222222	0.1112	0.04859186712421415	160554	0.01765169424743893
fam156	0.12894440475570715	0.12608695652173912	0.07267027443344337	0.007782222222222222	0.0116	0.005339175503926462	0.05517555555555554	0.0572	0.0354544976338565	173644	0.016282320055904964
fam135	0.05912253315969443	0.0610134436401241	0.03720319522578276	0.005197777777777777	0.0059	0.0038439845582351937	0.07868222222222221	0.0839	0.048909268782506926	143579	0.013282247765006387
fam190	0.0655782414438691	0.05480303878254565	0.04023855469836047	0.006748888888888887	0.0078	0.005198231418140521	0.09600666666666667	0.1024	0.06303851168575886	203343	0.014190093708166
fam341	0.15354527936314713	0.12871287128712872	0.08108229128364419	0.009471111111111112	0.0105	0.00507834715990776	0.07265111111111112	0.0954	0.04445153976696782	371191	0.017242922680989148
fam183	0.13195437637894383	0.14437367303609341	0.07584909359552248	0.011255555555555557	0.0128	0.00787484195412639	0.08425111111111111	0.0763	0.05441764673838083	197974	0.01960933536276002
fam227	0.10759097309816168	0.09147963604073871	0.06097844928287824	0.012566666666666663	0.0156	0.006492354477896803	0.1709311111111111	0.1674	0.13257605586098237	231319	0.03306130989746809
fam412	0.4740537509721077	0.40192307692307694	0.23448974346685292	0.02406666666666667	0.0312	0.011872863550504101	0.06057777777777778	0.0793	0.03584047921857748	164081	0.031481481481481485
fam215	0.139455969404463	0.08528584817244611	0.1347829811408972	0.007031111111111111	0.0091	0.005733558996420297	0.06379555555555555	0.0328	0.05537044520743115	226328	0.011264156718702177
