fam	avg_dnds	med_dnds	SDdnds	dn	med_dn	SDdn	ds	med_ds	SDds	loc	Pi
fam393	nan	nan	nan	0.0	0.0	0.0	0.0	0.0	0.0	474673	0.0
fam875	nan	nan	nan	0.0	0.0	0.0	0.0	0.0	0.0	29574	0.0
fam425	nan	nan	nan	0.0	0.0	0.0	0.0	0.0	0.0	529116	0.0
fam98	nan	nan	nan	0.0	0.0	0.0	0.0	0.0	0.0	120465	0.0
fam657	nan	nan	nan	0.0	0.0	0.0	0.0	0.0	0.0	260702	0.0
fam265	nan	nan	nan	0.0	0.0	0.0	0.0	0.0	0.0	331997	0.0
fam443	nan	nan	nan	0.0	0.0	0.0	0.0	0.0	0.0	508932	0.0
fam355	nan	nan	nan	0.0	0.0	0.0	0.0	0.0	0.0	436766	0.0
fam519	nan	nan	nan	0.0	0.0	0.0	0.0	0.0	0.0	424116	0.0
fam814	nan	nan	nan	0.0	0.0	0.0	0.0	0.0	0.0	99898	0.006842105263157894
fam321	nan	nan	nan	0.0	0.0	0.0	0.0	0.0	0.0	399398	0.0
fam594	nan	nan	nan	0.0	0.0	0.0	0.0	0.0	0.0	333246	0.0
fam346	nan	nan	nan	0.0	0.0	0.0	0.0	0.0	0.0	424382	0.0
fam643	nan	nan	nan	0.0	0.0	0.0	0.0	0.0	0.0	279720	0.0
fam62	nan	nan	nan	0.0	0.0	0.0	0.0	0.0	0.0	75930	0.0
fam494	nan	nan	nan	0.0	0.0	0.0	0.0	0.0	0.0	452335	0.0
fam651	nan	nan	nan	0.0	0.0	0.0	0.0	0.0	0.0	269327	0.0
fam870	nan	nan	nan	0.0	0.0	0.0	0.0	0.0	0.0	34554	0.0
fam150	nan	nan	nan	0.0	0.0	0.0	0.0	0.0	0.0	192046	0.0
fam508	nan	nan	nan	0.0	0.0	0.0	0.0	0.0	0.0	435721	0.0
fam155	nan	nan	nan	0.0	0.0	0.0	0.0	0.0	0.0	198756	0.0
fam179	nan	nan	nan	0.0	0.0	0.0	0.0	0.0	0.0	221706	0.0
fam885	nan	nan	nan	0.0	0.0	0.0	0.0	0.0	0.0	20877	0.0
fam119	nan	nan	nan	0.0	0.0	0.0	0.0	0.0	0.0	149300	0.0
fam43	nan	nan	nan	0.0	0.0	0.0	0.0	0.0	0.0	50285	0.0
fam174	nan	nan	nan	0.0	0.0	0.0	0.0	0.0	0.0	218341	0.0
fam839	nan	nan	nan	0.0	0.0	0.0	0.0	0.0	0.0	71394	0.0
fam317	nan	nan	nan	0.0	0.0	0.0	0.0	0.0	0.0	392903	0.0
fam568	nan	nan	nan	0.0	0.0	0.0	0.0	0.0	0.0	367899	0.0
fam645	nan	nan	nan	0.0	0.0	0.0	0.0	0.0	0.0	276485	0.0
fam124	nan	nan	nan	0.0	0.0	0.0	0.0	0.0	0.0	163909	0.0
fam732	nan	nan	nan	0.0	0.0	0.0	0.0	0.0	0.0	175176	0.0
fam622	nan	nan	nan	0.0	0.0	0.0	0.0	0.0	0.0	301162	0.0
fam531	nan	nan	nan	0.0	0.0	0.0	0.0	0.0	0.0	413762	0.0
fam507	nan	nan	nan	0.0	0.0	0.0	0.0	0.0	0.0	436284	0.0
fam157	nan	nan	nan	0.0	0.0	0.0	0.0	0.0	0.0	200559	0.0
fam646	nan	nan	nan	0.0	0.0	0.0	0.0	0.0	0.0	276168	0.0
fam504	nan	nan	nan	0.0	0.0	0.0	0.0	0.0	0.0	439075	0.0012483559597851045
fam363	nan	nan	nan	0.0	0.0	0.0	0.0	0.0	0.0	444275	0.0
fam233	nan	nan	nan	0.0	0.0	0.0	0.0	0.0	0.0	286678	0.0008447043534762832
fam565	nan	nan	nan	0.0	0.0	0.0	0.0	0.0	0.0	373604	0.0
fam231	nan	nan	nan	0.0	0.0	0.0	0.0	0.0	0.0	283453	0.0
fam530	nan	nan	nan	0.0	0.0	0.0	0.0	0.0	0.0	414393	0.0
fam229	nan	nan	nan	0.0	0.0	0.0	0.0	0.0	0.0	280916	0.0
fam488	nan	nan	nan	0.0	0.0	0.0	0.0	0.0	0.0	459196	0.0
fam116	nan	nan	nan	0.0	0.0	0.0	0.0	0.0	0.0	145690	0.0
fam69	nan	nan	nan	0.0	0.0	0.0	0.0	0.0	0.0	82800	0.0
fam222	nan	nan	nan	0.0	0.0	0.0	0.0	0.0	0.0	275971	0.0
fam498	nan	nan	nan	0.0	0.0	0.0	0.0	0.0	0.0	448195	0.0
fam74	nan	nan	nan	0.0	0.0	0.0	0.0	0.0	0.0	90867	0.0
fam868	nan	nan	nan	0.0	0.0	0.0	0.0	0.0	0.0	37672	0.0
fam835	nan	nan	nan	0.0	0.0	0.0	0.0	0.0	0.0	77828	7.017543859649121e-05
fam93	nan	nan	nan	0.0	0.0	0.0	0.0	0.0	0.0	115327	0.0
fam176	nan	nan	nan	0.0	0.0	0.0	0.0	0.0	0.0	219127	0.0
fam817	nan	nan	nan	0.0	0.0	0.0	0.0	0.0	0.0	96828	0.0
fam287	nan	nan	nan	0.0	0.0	0.0	0.0	0.0	0.0	356859	0.0
fam271	nan	nan	nan	0.0	0.0	0.0	0.0	0.0	0.0	339585	0.0
fam374	nan	nan	nan	0.0	0.0	0.0	0.0	0.0	0.0	456932	0.0
fam256	nan	nan	nan	0.0	0.0	0.0	0.0	0.0	0.0	323442	0.0
fam44	nan	nan	nan	0.0	0.0	0.0	0.0	0.0	0.0	53038	0.0
fam518	nan	nan	nan	0.0	0.0	0.0	0.0	0.0	0.0	425430	0.0
fam258	nan	nan	nan	0.0	0.0	0.0	0.0	0.0	0.0	324337	0.0
fam846	nan	nan	nan	0.0	0.0	0.0	0.0	0.0	0.0	62749	0.0
fam581	nan	nan	nan	0.0	0.0	0.0	0.0	0.0	0.0	350557	0.0
fam833	nan	nan	nan	0.0	0.0	0.0	0.0	0.0	0.0	80536	0.0
fam794	nan	nan	nan	0.0	0.0	0.0	0.0	0.0	0.0	121077	0.0
fam162	nan	nan	nan	0.0	0.0	0.0	0.0	0.0	0.0	202512	0.0
fam254	nan	nan	nan	0.0	0.0	0.0	0.0	0.0	0.0	318658	0.0
fam475	nan	nan	nan	0.0	0.0	0.0	0.0	0.0	0.0	471420	0.0
fam796	nan	nan	nan	0.0	0.0	0.0	0.0	0.0	0.0	119747	0.0
fam15	nan	nan	nan	0.0	0.0	0.0	0.0	0.0	0.0	22746	0.0
fam559	nan	nan	nan	0.0	0.0	0.0	0.0	0.0	0.0	379713	0.0
fam462	nan	nan	nan	0.0	0.0	0.0	0.0	0.0	0.0	484739	0.0
fam17	nan	nan	nan	0.0	0.0	0.0	0.0	0.0	0.0	24590	0.0
fam90	nan	nan	nan	0.0	0.0	0.0	0.0	0.0	0.0	112526	0.0
fam603	nan	nan	nan	0.0	0.0	0.0	0.0	0.0	0.0	322648	0.0
fam300	nan	nan	nan	0.0	0.0	0.0	0.0	0.0	0.0	373217	0.0
fam200	nan	nan	nan	0.0	0.0	0.0	0.0	0.0	0.0	252019	0.0
fam698	nan	nan	nan	0.0	0.0	0.0	0.0	0.0	0.0	212756	0.0
fam274	nan	nan	nan	0.0	0.0	0.0	0.0	0.0	0.0	342575	0.0
fam563	nan	nan	nan	0.0	0.0	0.0	0.0	0.0	0.0	375223	0.0
fam463	nan	nan	nan	0.0	0.0	0.0	0.0	0.0	0.0	484175	0.0
fam360	nan	nan	nan	0.0	0.0	0.0	0.0	0.0	0.0	440391	0.0
fam77	nan	nan	nan	0.0	0.0	0.0	0.0	0.0	0.0	94258	0.0
fam647	nan	nan	nan	0.0	0.0	0.0	0.0	0.0	0.0	274709	0.00016244314489928527
fam802	nan	nan	nan	0.0	0.0	0.0	0.0	0.0	0.0	114383	0.0
fam444	nan	nan	nan	0.0	0.0	0.0	0.0	0.0	0.0	508103	0.0
fam705	0.0	0.0	0.0	0.0	0.0	0.0	0.00026	0.0	0.0007799999999999999	206704	0.005247324086389259
fam185	nan	nan	nan	0.0	0.0	0.0	0.0	0.0	0.0	229645	0.0
fam803	nan	nan	nan	0.0	0.0	0.0	0.0	0.0	0.0	113882	0.0
fam460	nan	nan	nan	0.0	0.0	0.0	0.0	0.0	0.0	488657	0.0011112467944804005
fam526	nan	nan	nan	0.0	0.0	0.0	0.0	0.0	0.0	417877	0.0
fam789	nan	nan	nan	0.0	0.0	0.0	0.0	0.0	0.0	125643	0.0
fam216	nan	nan	nan	0.0	0.0	0.0	0.0	0.0	0.0	268884	0.0
fam864	nan	nan	nan	0.0	0.0	0.0	0.0	0.0	0.0	39880	0.0
fam625	nan	nan	nan	0.0	0.0	0.0	0.0	0.0	0.0	298110	0.0
fam348	nan	nan	nan	0.0	0.0	0.0	0.0	0.0	0.0	427608	0.0
fam750	nan	nan	nan	0.0	0.0	0.0	0.0	0.0	0.0	155813	0.0
fam372	nan	nan	nan	0.0	0.0	0.0	0.0	0.0	0.0	456108	0.0
fam484	nan	nan	nan	0.0	0.0	0.0	0.0	0.0	0.0	463521	0.0
fam791	nan	nan	nan	0.0	0.0	0.0	0.0	0.0	0.0	124285	0.0
fam556	nan	nan	nan	0.0	0.0	0.0	0.0	0.0	0.0	382717	0.0
fam41	nan	nan	nan	0.0	0.0	0.0	0.0	0.0	0.0	47555	0.0
fam578	nan	nan	nan	0.0	0.0	0.0	0.0	0.0	0.0	357505	0.0
fam543	nan	nan	nan	0.0	0.0	0.0	0.0	0.0	0.0	398143	0.0
fam399	nan	nan	nan	0.0	0.0	0.0	0.0	0.0	0.0	480462	0.0
fam457	nan	nan	nan	0.0	0.0	0.0	0.0	0.0	0.0	492649	0.0
fam524	nan	nan	nan	0.0	0.0	0.0	0.0	0.0	0.0	419052	0.0
fam821	nan	nan	nan	0.0	0.0	0.0	0.0	0.0	0.0	89407	0.0
fam78	nan	nan	nan	0.0	0.0	0.0	0.0	0.0	0.0	98107	0.0
fam318	nan	nan	nan	0.0	0.0	0.0	0.0	0.0	0.0	394299	0.0
fam608	nan	nan	nan	0.0	0.0	0.0	0.0	0.0	0.0	315584	0.0
fam36	nan	nan	nan	0.0	0.0	0.0	0.0	0.0	0.0	43673	0.0
fam16	nan	nan	nan	0.0	0.0	0.0	0.0	0.0	0.0	23325	0.0
fam352	nan	nan	nan	0.0	0.0	0.0	0.0	0.0	0.0	430973	0.0
fam751	nan	nan	nan	0.0	0.0	0.0	0.0	0.0	0.0	154399	0.0
fam283	nan	nan	nan	0.0	0.0	0.0	0.0	0.0	0.0	354850	0.0
fam294	nan	nan	nan	0.0	0.0	0.0	0.0	0.0	0.0	365735	0.0
fam720	nan	nan	nan	0.0	0.0	0.0	0.0	0.0	0.0	185677	0.0
fam252	nan	nan	nan	0.0	0.0	0.0	0.0	0.0	0.0	314490	0.0
fam611	nan	nan	nan	0.0	0.0	0.0	0.0	0.0	0.0	313425	0.0
fam278	nan	nan	nan	0.0	0.0	0.0	0.0	0.0	0.0	349971	0.021052631578947368
fam709	nan	nan	nan	0.0	0.0	0.0	0.0	0.0	0.0	203414	0.0
fam798	nan	nan	nan	0.0	0.0	0.0	0.0	0.0	0.0	117472	0.0
fam126	nan	nan	nan	0.0	0.0	0.0	0.0	0.0	0.0	164927	0.0
fam785	nan	nan	nan	0.0	0.0	0.0	0.0	0.0	0.0	127493	0.0
fam112	nan	nan	nan	0.0	0.0	0.0	0.0	0.0	0.0	140554	0.0
fam295	nan	nan	nan	0.0	0.0	0.0	0.0	0.0	0.0	366986	0.0
fam769	nan	nan	nan	0.0	0.0	0.0	0.0	0.0	0.0	136090	0.0
fam887	nan	nan	nan	0.0	0.0	0.0	0.0	0.0	0.0	15589	0.0
fam513	nan	nan	nan	0.0	0.0	0.0	0.0	0.0	0.0	430412	0.0
fam491	nan	nan	nan	0.0	0.0	0.0	0.0	0.0	0.0	456868	0.0
fam722	nan	nan	nan	0.0	0.0	0.0	0.0	0.0	0.0	183343	0.0
fam703	nan	nan	nan	0.0	0.0	0.0	0.0	0.0	0.0	208551	0.0
fam115	nan	nan	nan	0.0	0.0	0.0	0.0	0.0	0.0	142896	0.0
fam497	nan	nan	nan	0.0	0.0	0.0	0.0	0.0	0.0	449464	0.02661826981246219
fam35	nan	nan	nan	0.0	0.0	0.0	0.0	0.0	0.0	43398	0.0
fam619	nan	nan	nan	0.0	0.0	0.0	0.0	0.0	0.0	304833	0.0
fam213	nan	nan	nan	0.0	0.0	0.0	0.0	0.0	0.0	265657	0.0
fam873	nan	nan	nan	0.0	0.0	0.0	0.0	0.0	0.0	32843	0.0
fam277	nan	nan	nan	0.0	0.0	0.0	0.0	0.0	0.0	349569	0.0
fam510	nan	nan	nan	0.0	0.0	0.0	0.0	0.0	0.0	433082	0.0
fam422	nan	nan	nan	0.0	0.0	0.0	0.0	0.0	0.0	531782	0.0
fam610	nan	nan	nan	0.0	0.0	0.0	0.0	0.0	0.0	314509	0.0
fam659	nan	nan	nan	0.0	0.0	0.0	0.0	0.0	0.0	258047	0.0
fam775	nan	nan	nan	0.0	0.0	0.0	0.0	0.0	0.0	131763	0.0
fam148	nan	nan	nan	0.0	0.0	0.0	0.0	0.0	0.0	189255	0.0
fam786	nan	nan	nan	0.0	0.0	0.0	0.0	0.0	0.0	127147	0.0
fam470	nan	nan	nan	0.0	0.0	0.0	0.0	0.0	0.0	477620	0.0
fam246	nan	nan	nan	0.0	0.0	0.0	0.0	0.0	0.0	302815	0.0
fam890	nan	nan	nan	0.0	0.0	0.0	0.0	0.0	0.0	9552	0.0
fam48	nan	nan	nan	0.0	0.0	0.0	0.0	0.0	0.0	56564	0.0
fam65	nan	nan	nan	0.0	0.0	0.0	0.0	0.0	0.0	79642	0.0
fam853	nan	nan	nan	0.0	0.0	0.0	0.0	0.0	0.0	54689	0.0
fam2	nan	nan	nan	0.0	0.0	0.0	0.0	0.0	0.0	2697	0.0
fam60	nan	nan	nan	0.0	0.0	0.0	0.0	0.0	0.0	73306	0.0
fam320	nan	nan	nan	0.0	0.0	0.0	0.0	0.0	0.0	397624	0.0
fam88	nan	nan	nan	0.0	0.0	0.0	0.0	0.0	0.0	110473	0.0
fam778	nan	nan	nan	0.0	0.0	0.0	0.0	0.0	0.0	130375	0.0
fam597	nan	nan	nan	0.0	0.0	0.0	0.0	0.0	0.0	329329	0.0
fam400	nan	nan	nan	0.0	0.0	0.0	0.0	0.0	0.0	481304	0.0
fam248	nan	nan	nan	0.0	0.0	0.0	0.0	0.0	0.0	304045	0.0
fam630	nan	nan	nan	0.0	0.0	0.0	0.0	0.0	0.0	292623	0.0
fam671	nan	nan	nan	0.0	0.0	0.0	0.0	0.0	0.0	239774	0.0
fam357	nan	nan	nan	0.0	0.0	0.0	0.0	0.0	0.0	438425	0.0
fam631	nan	nan	nan	0.0	0.0	0.0	0.0	0.0	0.0	291157	0.0
fam25	nan	nan	nan	0.0	0.0	0.0	0.0	0.0	0.0	32343	0.0
fam253	nan	nan	nan	0.0	0.0	0.0	0.0	0.0	0.0	317463	0.0
fam5	nan	nan	nan	0.0	0.0	0.0	0.0	0.0	0.0	6801	0.0
fam153	nan	nan	nan	0.0	0.0	0.0	0.0	0.0	0.0	195514	0.0
fam432	nan	nan	nan	0.0	0.0	0.0	0.0	0.0	0.0	522362	0.0
fam371	nan	nan	nan	0.0	0.0	0.0	0.0	0.0	0.0	455521	0.0048772644442062404
fam655	nan	nan	nan	0.0	0.0	0.0	0.0	0.0	0.0	263126	0.0
fam84	nan	nan	nan	0.0	0.0	0.0	0.0	0.0	0.0	106849	0.0
fam100	nan	nan	nan	0.0	0.0	0.0	0.0	0.0	0.0	122947	0.0
fam23	nan	nan	nan	0.0	0.0	0.0	0.0	0.0	0.0	31042	0.0
fam18	nan	nan	nan	0.0	0.0	0.0	0.0	0.0	0.0	25129	0.0
fam356	nan	nan	nan	0.0	0.0	0.0	0.0	0.0	0.0	438042	0.0
fam758	nan	nan	nan	0.0	0.0	0.0	0.0	0.0	0.0	145848	0.0
fam736	nan	nan	nan	0.0	0.0	0.0	0.0	0.0	0.0	172164	0.03954611298889426
fam847	nan	nan	nan	0.0	0.0	0.0	0.0	0.0	0.0	61956	0.0
fam285	nan	nan	nan	0.0	0.0	0.0	0.0	0.0	0.0	355956	0.0
fam679	nan	nan	nan	0.0	0.0	0.0	0.0	0.0	0.0	229383	0.0
fam899	nan	nan	nan	0.0	0.0	0.0	0.0	0.0	0.0	32	0.0
fam431	nan	nan	nan	0.0	0.0	0.0	0.0	0.0	0.0	523057	0.0
fam350	nan	nan	nan	0.0	0.0	0.0	0.0	0.0	0.0	429883	0.004821617802896503
fam102	nan	nan	nan	0.0	0.0	0.0	0.0	0.0	0.0	124781	0.0
fam706	nan	nan	nan	0.0	0.0	0.0	0.0	0.0	0.0	206290	0.0
fam455	nan	nan	nan	0.0	0.0	0.0	0.0	0.0	0.0	495773	0.0
fam293	nan	nan	nan	0.0	0.0	0.0	0.0	0.0	0.0	365141	0.02493074792243767
fam708	nan	nan	nan	0.0	0.0	0.0	0.0	0.0	0.0	204221	0.0
fam617	nan	nan	nan	0.0	0.0	0.0	0.0	0.0	0.0	307149	0.0
fam71	nan	nan	nan	0.0	0.0	0.0	0.0	0.0	0.0	87353	0.0
fam345	nan	nan	nan	0.0	0.0	0.0	0.0	0.0	0.0	423092	0.0
fam716	nan	nan	nan	0.0	0.0	0.0	0.0	0.0	0.0	192735	0.0
fam407	nan	nan	nan	0.0	0.0	0.0	0.0	0.0	0.0	493515	0.0
fam536	nan	nan	nan	0.0	0.0	0.0	0.0	0.0	0.0	409545	0.0
fam682	nan	nan	nan	0.0	0.0	0.0	0.0	0.0	0.0	228366	0.0
fam489	nan	nan	nan	0.0	0.0	0.0	0.0	0.0	0.0	458903	0.0
fam589	nan	nan	nan	0.0	0.0	0.0	0.0	0.0	0.0	337648	0.0
fam661	nan	nan	nan	0.0	0.0	0.0	0.0	0.0	0.0	255948	0.0
fam137	nan	nan	nan	0.0	0.0	0.0	0.0	0.0	0.0	178329	0.0
fam801	nan	nan	nan	0.0	0.0	0.0	0.0	0.0	0.0	115414	0.0
fam275	nan	nan	nan	0.0	0.0	0.0	0.0	0.0	0.0	346707	0.0
fam481	nan	nan	nan	0.0	0.0	0.0	0.0	0.0	0.0	467498	0.0
fam664	nan	nan	nan	0.0	0.0	0.0	0.0	0.0	0.0	253694	0.0
fam542	nan	nan	nan	0.0	0.0	0.0	0.0	0.0	0.0	399353	0.0
fam386	nan	nan	nan	0.0	0.0	0.0	0.0	0.0	0.0	465650	0.0
fam249	nan	nan	nan	0.0	0.0	0.0	0.0	0.0	0.0	305266	0.0
fam766	nan	nan	nan	0.0	0.0	0.0	0.0	0.0	0.0	138728	0.0
fam129	nan	nan	nan	0.0	0.0	0.0	0.0	0.0	0.0	169256	0.0
fam471	nan	nan	nan	0.0	0.0	0.0	0.0	0.0	0.0	475120	0.0
fam527	nan	nan	nan	0.0	0.0	0.0	0.0	0.0	0.0	417061	0.0
fam143	nan	nan	nan	0.0	0.0	0.0	0.0	0.0	0.0	184754	0.0
fam453	nan	nan	nan	0.0	0.0	0.0	0.0	0.0	0.0	497576	0.0
fam827	nan	nan	nan	0.0	0.0	0.0	0.0	0.0	0.0	84363	0.0
fam741	nan	nan	nan	0.0	0.0	0.0	0.0	0.0	0.0	164998	0.0
fam574	nan	nan	nan	0.0	0.0	0.0	0.0	0.0	0.0	361006	0.0
fam512	nan	nan	nan	0.0	0.0	0.0	0.0	0.0	0.0	431201	0.0
fam6	nan	nan	nan	0.0	0.0	0.0	0.0	0.0	0.0	7786	0.0
fam465	nan	nan	nan	0.0	0.0	0.0	0.0	0.0	0.0	482993	0.0
fam406	nan	nan	nan	0.0	0.0	0.0	0.0	0.0	0.0	493290	0.0
fam598	nan	nan	nan	0.0	0.0	0.0	0.0	0.0	0.0	328116	0.0
fam430	nan	nan	nan	0.0	0.0	0.0	0.0	0.0	0.0	523720	0.0
fam438	nan	nan	nan	0.0	0.0	0.0	0.0	0.0	0.0	515713	0.0
fam540	nan	nan	nan	0.0	0.0	0.0	0.0	0.0	0.0	402278	0.0
fam404	nan	nan	nan	0.0	0.0	0.0	0.0	0.0	0.0	490600	0.0
fam888	nan	nan	nan	0.0	0.0	0.0	0.0	0.0	0.0	13039	0.0
fam805	nan	nan	nan	0.0	0.0	0.0	0.0	0.0	0.0	111253	0.0
fam893	nan	nan	nan	0.0	0.0	0.0	0.0	0.0	0.0	5930	0.0
fam73	nan	nan	nan	0.0	0.0	0.0	0.0	0.0	0.0	89520	0.0
fam117	nan	nan	nan	0.0	0.0	0.0	0.0	0.0	0.0	146953	0.0
fam694	nan	nan	nan	0.0	0.0	0.0	0.0	0.0	0.0	216840	0.0
fam397	nan	nan	nan	0.0	0.0	0.0	0.0	0.0	0.0	478603	0.0
fam849	nan	nan	nan	0.0	0.0	0.0	0.0	0.0	0.0	60221	0.0
fam30	nan	nan	nan	0.0	0.0	0.0	0.0	0.0	0.0	36391	0.0
fam738	nan	nan	nan	0.0	0.0	0.0	0.0	0.0	0.0	168742	0.0
fam187	nan	nan	nan	0.0	0.0	0.0	0.0	0.0	0.0	235281	0.0
fam577	nan	nan	nan	0.0	0.0	0.0	0.0	0.0	0.0	358832	0.0
fam858	nan	nan	nan	0.0	0.0	0.0	0.0	0.0	0.0	46253	0.0
fam86	nan	nan	nan	0.0	0.0	0.0	0.0	0.0	0.0	108592	0.0
fam263	nan	nan	nan	0.0	0.0	0.0	0.0	0.0	0.0	330405	0.0
fam448	nan	nan	nan	0.0	0.0	0.0	0.0	0.0	0.0	502949	0.0
fam94	nan	nan	nan	0.0	0.0	0.0	0.0	0.0	0.0	115955	0.0
fam240	nan	nan	nan	0.0	0.0	0.0	0.0	0.0	0.0	295237	0.0
fam166	nan	nan	nan	0.0	0.0	0.0	0.0	0.0	0.0	209648	0.0
fam770	nan	nan	nan	0.0	0.0	0.0	0.0	0.0	0.0	134948	0.0
fam428	nan	nan	nan	0.0	0.0	0.0	0.0	0.0	0.0	525802	0.0
fam812	nan	nan	nan	0.0	0.0	0.0	0.0	0.0	0.0	100752	0.0
fam351	nan	nan	nan	0.0	0.0	0.0	0.0	0.0	0.0	430565	0.0
fam764	nan	nan	nan	0.0	0.0	0.0	0.0	0.0	0.0	139918	0.0
fam752	nan	nan	nan	0.0	0.0	0.0	0.0	0.0	0.0	153953	0.0
fam53	nan	nan	nan	0.0	0.0	0.0	0.0	0.0	0.0	66510	0.0
fam89	nan	nan	nan	0.0	0.0	0.0	0.0	0.0	0.0	111476	0.0
fam474	0.0	0.0	0.0	0.0	0.0	0.0	0.00063	0.0	0.0018900000000000002	472313	0.00017361111111111112
fam302	nan	nan	nan	0.0	0.0	0.0	0.0	0.0	0.0	375079	0.0
fam142	nan	nan	nan	0.0	0.0	0.0	0.0	0.0	0.0	183487	0.0
fam19	nan	nan	nan	0.0	0.0	0.0	0.0	0.0	0.0	26412	0.0
fam209	nan	nan	nan	0.0	0.0	0.0	0.0	0.0	0.0	261777	0.0
fam212	nan	nan	nan	0.0	0.0	0.0	0.0	0.0	0.0	263371	9.775171065493646e-05
fam620	nan	nan	nan	0.0	0.0	0.0	0.0	0.0	0.0	303836	0.0
fam123	nan	nan	nan	0.0	0.0	0.0	0.0	0.0	0.0	163043	0.0
fam322	nan	nan	nan	0.0	0.0	0.0	0.0	0.0	0.0	399586	0.0
fam247	nan	nan	nan	0.0	0.0	0.0	0.0	0.0	0.0	303162	0.0
fam436	nan	nan	nan	0.0	0.0	0.0	0.0	0.0	0.0	518145	0.009708392603129445
fam426	nan	nan	nan	0.0	0.0	0.0	0.0	0.0	0.0	527498	0.0
fam9	nan	nan	nan	0.0	0.0	0.0	0.0	0.0	0.0	15591	0.0
fam109	nan	nan	nan	0.0	0.0	0.0	0.0	0.0	0.0	133043	0.0
fam330	nan	nan	nan	0.0	0.0	0.0	0.0	0.0	0.0	408118	0.0
fam181	nan	nan	nan	0.0	0.0	0.0	0.0	0.0	0.0	225801	0.0
fam214	nan	nan	nan	0.0	0.0	0.0	0.0	0.0	0.0	266754	0.0
fam707	nan	nan	nan	0.0	0.0	0.0	0.0	0.0	0.0	205738	0.0
fam897	nan	nan	nan	0.0	0.0	0.0	0.0	0.0	0.0	2220	0.0
fam867	nan	nan	nan	0.0	0.0	0.0	0.0	0.0	0.0	38256	0.0
fam433	nan	nan	nan	0.0	0.0	0.0	0.0	0.0	0.0	521283	0.0
fam368	nan	nan	nan	0.0	0.0	0.0	0.0	0.0	0.0	449140	0.0
fam347	nan	nan	nan	0.0	0.0	0.0	0.0	0.0	0.0	426526	0.0
fam748	nan	nan	nan	0.0	0.0	0.0	0.0	0.0	0.0	157162	0.0
fam461	nan	nan	nan	0.0	0.0	0.0	0.0	0.0	0.0	486201	0.0
fam10	nan	nan	nan	0.0	0.0	0.0	0.0	0.0	0.0	16432	0.0
fam639	nan	nan	nan	0.0	0.0	0.0	0.0	0.0	0.0	282948	0.0
fam306	nan	nan	nan	0.0	0.0	0.0	0.0	0.0	0.0	379983	0.0
fam583	nan	nan	nan	0.0	0.0	0.0	0.0	0.0	0.0	348550	0.0
fam63	nan	nan	nan	0.0	0.0	0.0	0.0	0.0	0.0	77178	0.0
fam81	nan	nan	nan	0.0	0.0	0.0	0.0	0.0	0.0	103428	0.0
fam257	nan	nan	nan	0.0	0.0	0.0	0.0	0.0	0.0	323834	0.0
fam575	nan	nan	nan	0.0	0.0	0.0	0.0	0.0	0.0	360754	0.0
fam170	nan	nan	nan	0.0	0.0	0.0	0.0	0.0	0.0	214769	0.0
fam616	nan	nan	nan	0.0	0.0	0.0	0.0	0.0	0.0	308000	0.0
fam566	nan	nan	nan	0.0	0.0	0.0	0.0	0.0	0.0	373228	0.0
fam697	nan	nan	nan	0.0	0.0	0.0	0.0	0.0	0.0	214848	0.0
fam621	nan	nan	nan	0.0	0.0	0.0	0.0	0.0	0.0	303086	0.0
fam877	nan	nan	nan	0.0	0.0	0.0	0.0	0.0	0.0	28030	0.0
fam500	nan	nan	nan	0.0	0.0	0.0	0.0	0.0	0.0	445925	0.0
fam261	nan	nan	nan	0.0	0.0	0.0	0.0	0.0	0.0	328407	0.0
fam164	nan	nan	nan	0.0	0.0	0.0	0.0	0.0	0.0	205103	0.0
fam309	nan	nan	nan	0.0026947368421052632	0.0	0.003781043254003141	0.0	0.0	0.0	381862	0.00184066724187518
fam145	nan	nan	nan	0.0	0.0	0.0	0.0	0.0	0.0	185911	0.0
fam607	nan	nan	nan	0.0	0.0	0.0	0.0	0.0	0.0	317693	0.0
fam411	nan	nan	nan	0.0	0.0	0.0	0.0	0.0	0.0	498629	0.0
fam349	nan	nan	nan	0.0	0.0	0.0	0.0	0.0	0.0	428969	0.0
fam284	nan	nan	nan	0.0	0.0	0.0	0.0	0.0	0.0	355240	0.0
fam848	nan	nan	nan	0.0	0.0	0.0	0.0	0.0	0.0	61436	0.0
fam38	nan	nan	nan	0.0	0.0	0.0	0.0	0.0	0.0	44841	0.0
fam818	nan	nan	nan	0.0	0.0	0.0	0.0	0.0	0.0	95439	0.0
fam364	nan	nan	nan	0.0	0.0	0.0	0.0	0.0	0.0	445437	0.0
fam336	nan	nan	nan	0.0	0.0	0.0	0.0	0.0	0.0	413875	0.0
fam702	nan	nan	nan	0.0	0.0	0.0	0.0	0.0	0.0	209122	0.0
fam626	nan	nan	nan	0.0	0.0	0.0	0.0	0.0	0.0	296992	0.0
fam658	nan	nan	nan	0.0	0.0	0.0	0.0	0.0	0.0	259507	0.0
fam666	nan	nan	nan	0.0	0.0	0.0	0.0	0.0	0.0	252791	0.0
fam701	nan	nan	nan	0.0	0.0	0.0	0.0	0.0	0.0	211224	0.0
fam784	nan	nan	nan	0.0	0.0	0.0	0.0	0.0	0.0	128200	0.0
fam629	nan	nan	nan	0.0	0.0	0.0	0.0	0.0	0.0	293280	0.0
fam106	nan	nan	nan	0.0	0.0	0.0	0.0	0.0	0.0	129205	0.0
fam612	nan	nan	nan	0.0	0.0	0.0	0.0	0.0	0.0	312349	0.0
fam281	nan	nan	nan	0.0	0.0	0.0	0.0	0.0	0.0	353437	0.0
fam311	nan	nan	nan	0.0	0.0	0.0	0.0	0.0	0.0	385831	0.0
fam45	nan	nan	nan	0.0	0.0	0.0	0.0	0.0	0.0	54422	0.0
fam653	nan	nan	nan	0.0	0.0	0.0	0.0	0.0	0.0	267506	0.0
fam376	nan	nan	nan	0.0	0.0	0.0	0.0	0.0	0.0	458418	0.0
fam207	nan	nan	nan	0.0	0.0	0.0	0.0	0.0	0.0	260188	0.0
fam402	nan	nan	nan	0.0	0.0	0.0	0.0	0.0	0.0	484192	0.0
fam323	nan	nan	nan	0.0	0.0	0.0	0.0	0.0	0.0	400221	0.0
fam272	nan	nan	nan	0.0	0.0	0.0	0.0	0.0	0.0	340519	0.0
fam331	nan	nan	nan	0.0	0.0	0.0	0.0	0.0	0.0	409042	0.0
fam193	nan	nan	nan	0.0	0.0	0.0	0.0	0.0	0.0	242170	0.0024128330902823806
fam865	nan	nan	nan	0.0	0.0	0.0	0.0	0.0	0.0	39317	0.0
fam12	nan	nan	nan	0.0	0.0	0.0	0.0	0.0	0.0	19958	0.0
fam652	nan	nan	nan	0.0	0.0	0.0	0.0	0.0	0.0	268075	0.007330827067669172
fam307	nan	nan	nan	0.0	0.0	0.0	0.0	0.0	0.0	381251	0.0
fam808	nan	nan	nan	0.0	0.0	0.0	0.0	0.0	0.0	104483	0.0
fam595	nan	nan	nan	0.0	0.0	0.0	0.0	0.0	0.0	332935	0.0035714285714285718
fam505	nan	nan	nan	0.0	0.0	0.0	0.0	0.0	0.0	437953	0.0
fam52	nan	nan	nan	0.0	0.0	0.0	0.0	0.0	0.0	64710	0.0
fam889	nan	nan	nan	0.0	0.0	0.0	0.0	0.0	0.0	10953	0.0
fam514	nan	nan	nan	0.0	0.0	0.0	0.0	0.0	0.0	429689	0.0
fam467	nan	nan	nan	0.0	0.0	0.0	0.0	0.0	0.0	481068	0.0
fam236	nan	nan	nan	0.0	0.0	0.0	0.0	0.0	0.0	290607	0.0
fam55	nan	nan	nan	0.0	0.0	0.0	0.0	0.0	0.0	68465	0.0
fam469	nan	nan	nan	0.0	0.0	0.0	0.0	0.0	0.0	478488	0.0
fam731	nan	nan	nan	0.0	0.0	0.0	0.0	0.0	0.0	175850	0.0
fam780	nan	nan	nan	0.0	0.0	0.0	0.0	0.0	0.0	129478	0.0
fam800	nan	nan	nan	0.0	0.0	0.0	0.0	0.0	0.0	116109	0.0
fam324	nan	nan	nan	0.0	0.0	0.0	0.0	0.0	0.0	400831	0.0
fam715	nan	nan	nan	0.0	0.0	0.0	0.0	0.0	0.0	193382	0.0
fam82	nan	nan	nan	0.0	0.0	0.0	0.0	0.0	0.0	104629	0.0
fam755	nan	nan	nan	0.0	0.0	0.0	0.0	0.0	0.0	149349	0.0
fam389	nan	nan	nan	0.0	0.0	0.0	0.0	0.0	0.0	471044	0.0
fam641	nan	nan	nan	0.0	0.0	0.0	0.0	0.0	0.0	281700	0.0
fam197	nan	nan	nan	0.0	0.0	0.0	0.0	0.0	0.0	245963	0.0
fam449	nan	nan	nan	0.0	0.0	0.0	0.0	0.0	0.0	501861	0.0
fam793	nan	nan	nan	0.0	0.0	0.0	0.0	0.0	0.0	121909	0.00010582010582010584
fam273	nan	nan	nan	0.0	0.0	0.0	0.0	0.0	0.0	342011	0.0
fam892	nan	nan	nan	0.0	0.0	0.0	0.0	0.0	0.0	6659	0.0
fam797	nan	nan	nan	nan	nan	nan	nan	nan	nan	118018	0.0
fam797	nan	nan	nan	nan	nan	nan	nan	nan	nan	118018	0.0
fam797	nan	nan	nan	0.0	0.0	0.0	0.0	0.0	0.0	118018	0.0
fam332	nan	nan	nan	0.0	0.0	0.0	0.0	0.0	0.0	410298	0.0
fam251	nan	nan	nan	0.0	0.0	0.0	0.0	0.0	0.0	311355	0.0
fam820	nan	nan	nan	0.0	0.0	0.0	0.0	0.0	0.0	91013	0.0
fam485	nan	nan	nan	0.0	0.0	0.0	0.0	0.0	0.0	463064	0.0
fam134	nan	nan	nan	0.0	0.0	0.0	0.0	0.0	0.0	174512	0.0
fam95	nan	nan	nan	0.0	0.0	0.0	0.0	0.0	0.0	116524	0.0
fam809	nan	nan	nan	0.0	0.0	0.0	0.0	0.0	0.0	103457	0.0
fam192	nan	nan	nan	0.0	0.0	0.0	0.0	0.0	0.0	240786	0.0
fam203	nan	nan	nan	0.0	0.0	0.0	0.0	0.0	0.0	256603	0.0
fam747	nan	nan	nan	0.0	0.0	0.0	0.0	0.0	0.0	157974	0.0
fam857	nan	nan	nan	0.0	0.0	0.0	0.0	0.0	0.0	47116	0.0
fam490	nan	nan	nan	0.0	0.0	0.0	0.0	0.0	0.0	457791	0.0
fam167	nan	nan	nan	0.0	0.0	0.0	0.0	0.0	0.0	210018	0.0
fam127	nan	nan	nan	0.0	0.0	0.0	0.0	0.0	0.0	165845	0.0
fam401	nan	nan	nan	0.0	0.0	0.0	0.0	0.0	0.0	482168	0.0
fam765	nan	nan	nan	0.0	0.0	0.0	0.0	0.0	0.0	139386	0.0
fam358	nan	nan	nan	0.0	0.0	0.0	0.0	0.0	0.0	438861	0.0
fam642	nan	nan	nan	0.0	0.0	0.0	0.0	0.0	0.0	280109	0.0
fam746	nan	nan	nan	0.0	0.0	0.0	0.0	0.0	0.0	159072	0.0
fam301	nan	nan	nan	0.0	0.0	0.0	0.0	0.0	0.0	373986	0.004583228405943086
fam654	nan	nan	nan	0.0	0.0	0.0	0.0	0.0	0.0	265513	0.0
fam558	nan	nan	nan	0.0	0.0	0.0	0.0	0.0	0.0	381725	0.0
fam228	nan	nan	nan	0.0	0.0	0.0	0.0	0.0	0.0	280235	0.0
fam733	nan	nan	nan	0.0	0.0	0.0	0.0	0.0	0.0	174551	0.0
fam237	nan	nan	nan	0.0	0.0	0.0	0.0	0.0	0.0	291631	0.0
fam825	nan	nan	nan	0.0	0.0	0.0	0.0	0.0	0.0	85607	0.0
fam838	nan	nan	nan	0.0	0.0	0.0	0.0	0.0	0.0	73134	0.0
fam165	nan	nan	nan	0.0	0.0	0.0	0.0	0.0	0.0	207586	0.0
fam878	nan	nan	nan	0.0	0.0	0.0	0.0	0.0	0.0	27579	0.0
fam662	nan	nan	nan	0.0	0.0	0.0	0.0	0.0	0.0	255133	0.0
fam523	nan	nan	nan	0.0	0.0	0.0	0.0	0.0	0.0	421000	0.0
fam585	nan	nan	nan	0.0	0.0	0.0	0.0	0.0	0.0	346785	0.0
fam605	nan	nan	nan	0.0	0.0	0.0	0.0	0.0	0.0	319998	0.0
fam80	nan	nan	nan	0.0	0.0	0.0	0.0	0.0	0.0	101008	0.0
fam171	nan	nan	nan	0.0	0.0	0.0	0.0	0.0	0.0	216199	0.0
fam856	nan	nan	nan	0.0	0.0	0.0	0.0	0.0	0.0	49003	0.0018005540166204984
fam628	nan	nan	nan	0.0	0.0	0.0	0.0	0.0	0.0	294747	0.0
fam866	nan	nan	nan	0.0	0.0	0.0	0.0	0.0	0.0	38719	0.0
fam188	nan	nan	nan	0.0	0.0	0.0	0.0	0.0	0.0	235648	0.0
fam487	nan	nan	nan	0.0	0.0	0.0	0.0	0.0	0.0	459635	0.0
fam180	nan	nan	nan	0.0	0.0	0.0	0.0	0.0	0.0	224702	0.0
fam159	nan	nan	nan	0.0	0.0	0.0	0.0	0.0	0.0	201305	0.0
fam298	nan	nan	nan	0.0	0.0	0.0	0.0	0.0	0.0	370451	0.0
fam83	nan	nan	nan	0.0	0.0	0.0	0.0	0.0	0.0	105709	0.0
fam314	nan	nan	nan	0.0	0.0	0.0	0.0	0.0	0.0	389679	0.0
fam315	nan	nan	nan	0.0	0.0	0.0	0.0	0.0	0.0	390032	0.0
fam424	nan	nan	nan	0.0	0.0	0.0	0.0	0.0	0.0	529645	0.0
fam260	nan	nan	nan	0.0	0.0	0.0	0.0	0.0	0.0	327292	0.0
fam8	nan	nan	nan	0.0	0.0	0.0	0.0	0.0	0.0	13899	0.0
fam375	nan	nan	nan	0.0	0.0	0.0	0.0	0.0	0.0	457467	0.0
fam111	nan	nan	nan	0.0	0.0	0.0	0.0	0.0	0.0	139284	0.0
fam292	nan	nan	nan	0.0	0.0	0.0	0.0	0.0	0.0	364444	0.0
fam669	nan	nan	nan	0.0	0.0	0.0	0.0	0.0	0.0	247959	0.0
fam826	nan	nan	nan	0.0	0.0	0.0	0.0	0.0	0.0	84659	0.0
fam479	nan	nan	nan	0.0	0.0	0.0	0.0	0.0	0.0	468836	0.0
fam85	nan	nan	nan	0.0	0.0	0.0	0.0	0.0	0.0	108213	0.0
fam224	nan	nan	nan	0.0	0.0	0.0	0.0	0.0	0.0	277151	0.0
fam46	nan	nan	nan	0.0	0.0	0.0	0.0	0.0	0.0	54933	0.0
fam446	nan	nan	nan	0.0	0.0	0.0	0.0	0.0	0.0	505016	0.0
fam217	nan	nan	nan	0.0	0.0	0.0	0.0	0.0	0.0	271784	0.0
fam636	nan	nan	nan	0.0	0.0	0.0	0.0	0.0	0.0	285465	0.0
fam552	nan	nan	nan	0.0	0.0	0.0	0.0	0.0	0.0	390160	0.0
fam735	nan	nan	nan	0.0	0.0	0.0	0.0	0.0	0.0	173002	0.0
fam537	nan	nan	nan	0.0	0.0	0.0	0.0	0.0	0.0	407446	0.0
fam593	nan	nan	nan	0.0	0.0	0.0	0.0	0.0	0.0	333842	0.0
fam110	nan	nan	nan	nan	nan	nan	nan	nan	nan	133705	0.0
fam110	nan	nan	nan	nan	nan	nan	nan	nan	nan	133705	0.0
fam110	nan	nan	nan	0.0	0.0	0.0	0.0	0.0	0.0	133705	0.0
fam692	nan	nan	nan	0.0	0.0	0.0	0.0	0.0	0.0	219353	0.0
fam361	nan	nan	nan	0.0	0.0	0.0	0.0	0.0	0.0	441277	0.0
fam230	nan	nan	nan	0.0	0.0	0.0	0.0	0.0	0.0	281534	0.0
fam87	nan	nan	nan	0.0	0.0	0.0	0.0	0.0	0.0	109889	0.0
fam640	nan	nan	nan	0.0	0.0	0.0	0.0	0.0	0.0	282622	0.0
fam245	nan	nan	nan	0.0	0.0	0.0	0.0	0.0	0.0	301916	0.0
fam359	nan	nan	nan	0.0	0.0	0.0	0.0	0.0	0.0	439462	0.0
fam379	nan	nan	nan	0.0	0.0	0.0	0.0	0.0	0.0	460129	0.0
fam721	nan	nan	nan	0.0	0.0	0.0	0.0	0.0	0.0	184997	0.0
fam613	nan	nan	nan	0.0	0.0	0.0	0.0	0.0	0.0	309953	0.0
fam533	nan	nan	nan	0.0	0.0	0.0	0.0	0.0	0.0	411291	0.0
fam685	nan	nan	nan	0.0	0.0	0.0	0.0	0.0	0.0	224538	0.0
fam667	nan	nan	nan	0.0	0.0	0.0	0.0	0.0	0.0	251331	0.0
fam384	nan	nan	nan	0.0	0.0	0.0	0.0	0.0	0.0	463959	0.0
fam535	nan	nan	nan	0.0	0.0	0.0	0.0	0.0	0.0	409925	0.0
fam816	nan	nan	nan	0.0	0.0	0.0	0.0	0.0	0.0	97931	0.0
fam242	nan	nan	nan	0.0	0.0	0.0	0.0	0.0	0.0	297551	0.0
fam196	nan	nan	nan	0.0	0.0	0.0	0.0	0.0	0.0	245073	0.0
fam719	nan	nan	nan	0.0	0.0	0.0	0.0	0.0	0.0	186435	0.0
fam76	nan	nan	nan	0.0	0.0	0.0	0.0	0.0	0.0	92762	0.0
fam781	nan	nan	nan	0.0	0.0	0.0	0.0	0.0	0.0	129097	0.0
fam768	nan	nan	nan	0.0	0.0	0.0	0.0	0.0	0.0	136559	0.0
fam440	nan	nan	nan	0.0	0.0	0.0	0.0	0.0	0.0	514217	0.0
fam419	nan	nan	nan	0.0	0.0	0.0	0.0	0.0	0.0	536573	0.0
fam175	nan	nan	nan	0.0	0.0	0.0	0.0	0.0	0.0	218603	0.0
fam546	nan	nan	nan	0.0	0.0	0.0	0.0	0.0	0.0	396498	0.0
fam762	nan	nan	nan	0.0	0.0	0.0	0.0	0.0	0.0	141149	0.0
fam235	nan	nan	nan	0.0	0.0	0.0	0.0	0.0	0.0	288689	0.0
fam554	nan	nan	nan	0.0	0.0	0.0	0.0	0.0	0.0	388471	0.0
fam813	nan	nan	nan	0.0	0.0	0.0	0.0	0.0	0.0	100325	0.0
fam21	nan	nan	nan	0.0	0.0	0.0	0.0	0.0	0.0	29999	0.0
fam131	nan	nan	nan	0.0	0.0	0.0	0.0	0.0	0.0	171643	0.0
fam259	nan	nan	nan	0.0	0.0	0.0	0.0	0.0	0.0	325824	0.0
fam584	nan	nan	nan	0.0	0.0	0.0	0.0	0.0	0.0	346987	0.0
fam405	nan	nan	nan	0.0	0.0	0.0	0.0	0.0	0.0	492191	6.587615283267457e-05
fam501	nan	nan	nan	0.0	0.0	0.0	0.0	0.0	0.0	443460	0.0
fam154	nan	nan	nan	0.0	0.0	0.0	0.0	0.0	0.0	197314	0.0
fam806	nan	nan	nan	0.0	0.0	0.0	0.0	0.0	0.0	109986	0.0
fam687	nan	nan	nan	0.0	0.0	0.0	0.0	0.0	0.0	223231	0.0
fam822	nan	nan	nan	0.0	0.0	0.0	0.0	0.0	0.0	88484	0.0
fam441	nan	nan	nan	0.0	0.0	0.0	0.0	0.0	0.0	511714	0.0
fam880	nan	nan	nan	0.0	0.0	0.0	0.0	0.0	0.0	25865	0.0
fam804	nan	nan	nan	0.0	0.0	0.0	0.0	0.0	0.0	113135	0.0
fam834	nan	nan	nan	0.0	0.0	0.0	0.0	0.0	0.0	79345	0.0
fam267	nan	nan	nan	0.0	0.0	0.0	0.0	0.0	0.0	334732	0.0
fam244	nan	nan	nan	0.0	0.0	0.0	0.0	0.0	0.0	299688	0.0001016260162601626
fam876	nan	nan	nan	0.0	0.0	0.0	0.0	0.0	0.0	28758	0.010411899313501144
fam562	nan	nan	nan	0.0	0.0	0.0	0.0	0.0	0.0	376017	0.0
fam688	nan	nan	nan	0.0	0.0	0.0	0.0	0.0	0.0	222458	0.0
fam744	nan	nan	nan	0.0	0.0	0.0	0.0	0.0	0.0	160787	0.0
fam561	nan	nan	nan	0.0	0.0	0.0	0.0	0.0	0.0	377795	0.0
fam385	nan	nan	nan	0.0	0.0	0.0	0.0	0.0	0.0	464807	0.0
fam860	nan	nan	nan	0.0	0.0	0.0	0.0	0.0	0.0	43154	0.0
fam184	nan	nan	nan	0.0	0.0	0.0	0.0	0.0	0.0	228656	0.0
fam312	nan	nan	nan	0.0	0.0	0.0	0.0	0.0	0.0	386595	0.0
fam696	nan	nan	nan	0.0	0.0	0.0	0.0	0.0	0.0	215181	0.0
fam334	nan	nan	nan	0.0	0.0	0.0	0.0	0.0	0.0	412114	0.0
fam863	nan	nan	nan	0.0	0.0	0.0	0.0	0.0	0.0	41174	0.0
fam122	nan	nan	nan	0.0	0.0	0.0	0.0	0.0	0.0	155664	0.0
fam239	nan	nan	nan	0.0	0.0	0.0	0.0	0.0	0.0	294690	0.0
fam480	nan	nan	nan	0.0	0.0	0.0	0.0	0.0	0.0	468321	0.0
fam414	nan	nan	nan	0.0	0.0	0.0	0.0	0.0	0.0	503000	0.0
fam790	nan	nan	nan	0.0	0.0	0.0	0.0	0.0	0.0	124959	0.0
fam226	nan	nan	nan	0.0	0.0	0.0	0.0	0.0	0.0	278170	0.0
fam675	nan	nan	nan	0.0	0.0	0.0	0.0	0.0	0.0	232260	0.0
fam396	nan	nan	nan	0.0	0.0	0.0	0.0	0.0	0.0	477735	8.653513326410522e-05
fam517	nan	nan	nan	0.0	0.0	0.0	0.0	0.0	0.0	426370	0.0
fam520	nan	nan	nan	0.0	0.0	0.0	0.0	0.0	0.0	423696	0.0
fam47	nan	nan	nan	0.0	0.0	0.0	0.0	0.0	0.0	55830	0.0
fam163	nan	nan	nan	0.0	0.0	0.0	0.0	0.0	0.0	203265	0.0
fam114	nan	nan	nan	0.0	0.0	0.0	0.0	0.0	0.0	142333	0.0
fam466	nan	nan	nan	0.0	0.0	0.0	0.0	0.0	0.0	481248	0.0
fam456	nan	nan	nan	0.0	0.0	0.0	0.0	0.0	0.0	494330	0.0
fam280	nan	nan	nan	0.0	0.0	0.0	0.0	0.0	0.0	352094	0.0
fam842	nan	nan	nan	0.0003947368421052632	0.0	0.0004887940952896502	0.0	0.0	0.0	68510	0.00026798156286847463
fam279	nan	nan	nan	0.0	0.0	0.0	0.0	0.0	0.0	351238	0.0
fam819	nan	nan	nan	0.0	0.0	0.0	0.0	0.0	0.0	91671	0.0
fam96	nan	nan	nan	0.0	0.0	0.0	0.0	0.0	0.0	117671	0.0
fam604	nan	nan	nan	0.0	0.0	0.0	0.0	0.0	0.0	321638	0.0
fam353	nan	nan	nan	0.0	0.0	0.0	0.0	0.0	0.0	433670	0.0
fam250	nan	nan	nan	0.0	0.0	0.0	0.0	0.0	0.0	308275	0.00030737704918032784
fam418	nan	nan	nan	0.0	0.0	0.0	0.0	0.0	0.0	526124	0.0
fam370	nan	nan	nan	0.0	0.0	0.0	0.0	0.0	0.0	454036	0.0
fam673	nan	nan	nan	0.0	0.0	0.0	0.0	0.0	0.0	233839	0.0
fam776	nan	nan	nan	0.0	0.0	0.0	0.0	0.0	0.0	131377	0.0
fam745	nan	nan	nan	0.0	0.0	0.0	0.0	0.0	0.0	160049	0.0
fam483	nan	nan	nan	0.0	0.0	0.0	0.0	0.0	0.0	465191	0.0
fam841	nan	nan	nan	0.0	0.0	0.0	0.0	0.0	0.0	70022	0.0
fam439	nan	nan	nan	0.0	0.0	0.0	0.0	0.0	0.0	514844	0.0
fam725	nan	nan	nan	0.0	0.0	0.0	0.0	0.0	0.0	180835	0.0
fam759	nan	nan	nan	0.0	0.0	0.0	0.0	0.0	0.0	143936	0.0
fam674	nan	nan	nan	0.0	0.0	0.0	0.0	0.0	0.0	233132	0.0
fam815	nan	nan	nan	0.0	0.0	0.0	0.0	0.0	0.0	98474	0.0
fam840	nan	nan	nan	0.0	0.0	0.0	0.0	0.0	0.0	70409	0.0
fam495	nan	nan	nan	0.0	0.0	0.0	0.0	0.0	0.0	451743	0.0
fam27	nan	nan	nan	0.0	0.0	0.0	0.0	0.0	0.0	33415	0.0
fam712	nan	nan	nan	0.0	0.0	0.0	0.0	0.0	0.0	196156	0.0
fam50	nan	nan	nan	0.0	0.0	0.0	0.0	0.0	0.0	58270	0.0017044390335268775
fam133	nan	nan	nan	0.0	0.0	0.0	0.0	0.0	0.0	173542	0.0
fam29	nan	nan	nan	0.0	0.0	0.0	0.0	0.0	0.0	34830	0.0
fam882	nan	nan	nan	0.0	0.0	0.0	0.0	0.0	0.0	22715	0.0
fam387	nan	nan	nan	0.0	0.0	0.0	0.0	0.0	0.0	466342	0.0
fam828	nan	nan	nan	0.0	0.0	0.0	0.0	0.0	0.0	83487	0.0
fam700	nan	nan	nan	0.0	0.0	0.0	0.0	0.0	0.0	211820	0.0
fam509	nan	nan	nan	0.0	0.0	0.0	0.0	0.0	0.0	434286	0.0
fam571	nan	nan	nan	0.0	0.0	0.0	0.0	0.0	0.0	362829	0.0
fam434	nan	nan	nan	0.0	0.0	0.0	0.0	0.0	0.0	520170	0.0
fam326	nan	nan	nan	0.0	0.0	0.0	0.0	0.0	0.0	402602	0.0
fam534	nan	nan	nan	0.0	0.0	0.0	0.0	0.0	0.0	410663	0.0
fam555	nan	nan	nan	0.0	0.0	0.0	0.0	0.0	0.0	385551	0.0
fam761	nan	nan	nan	0.0	0.0	0.0	0.0	0.0	0.0	141840	0.0
fam807	nan	nan	nan	0.0	0.0	0.0	0.0	0.0	0.0	108210	0.0
fam587	nan	nan	nan	0.0	0.0	0.0	0.0	0.0	0.0	344611	0.0
fam496	nan	nan	nan	0.0	0.0	0.0	0.0	0.0	0.0	450651	0.0
fam831	nan	nan	nan	0.0	0.0	0.0	0.0	0.0	0.0	81332	0.0
fam569	nan	nan	nan	0.0	0.0	0.0	0.0	0.0	0.0	364116	0.0
fam146	nan	nan	nan	0.0	0.0	0.0	0.0	0.0	0.0	187198	0.0
fam476	nan	nan	nan	0.0	0.0	0.0	0.0	0.0	0.0	470453	0.0
fam757	nan	nan	nan	0.0	0.0	0.0	0.0	0.0	0.0	146564	0.0
fam234	nan	nan	nan	0.0	0.0	0.0	0.0	0.0	0.0	287486	0.0
fam343	nan	nan	nan	0.0	0.0	0.0	0.0	0.0	0.0	420915	0.0
fam850	nan	nan	nan	0.0	0.0	0.0	0.0	0.0	0.0	58194	0.0
fam268	nan	nan	nan	0.0	0.0	0.0	0.0	0.0	0.0	335523	0.0
fam107	nan	nan	nan	0.0	0.0	0.0	0.0	0.0	0.0	129870	0.0
fam92	nan	nan	nan	0.0	0.0	0.0	0.0	0.0	0.0	114312	0.0
fam602	nan	nan	nan	0.0	0.0	0.0	0.0	0.0	0.0	323833	0.0
fam75	nan	nan	nan	0.0	0.0	0.0	0.0	0.0	0.0	92141	0.0016706443914081147
fam204	nan	nan	nan	0.0	0.0	0.0	0.0	0.0	0.0	257677	0.0
fam417	nan	nan	nan	0.0	0.0	0.0	0.0	0.0	0.0	516096	1.1378506002161915e-05
fam362	nan	nan	nan	0.0	0.0	0.0	0.0	0.0	0.0	443464	0.0017166572344840595
fam177	nan	nan	nan	0.0	0.0	0.0	0.0	0.0	0.0	220043	0.0
fam182	nan	nan	nan	0.0	0.0	0.0	0.0	0.0	0.0	227352	0.0
fam788	nan	nan	nan	0.0	0.0	0.0	0.0	0.0	0.0	126002	0.0
fam551	nan	nan	nan	0.0	0.0	0.0	0.0	0.0	0.0	391508	0.0
fam580	nan	nan	nan	0.0	0.0	0.0	0.0	0.0	0.0	355050	0.0
fam79	nan	nan	nan	0.0	0.0	0.0	0.0	0.0	0.0	99212	0.0
fam883	nan	nan	nan	0.0	0.0	0.0	0.0	0.0	0.0	22580	0.0
fam61	nan	nan	nan	0.0	0.0	0.0	0.0	0.0	0.0	74589	0.0
fam266	nan	nan	nan	0.0	0.0	0.0	0.0	0.0	0.0	333355	0.0
fam199	nan	nan	nan	0.0	0.0	0.0	0.0	0.0	0.0	250727	0.0
fam413	nan	nan	nan	0.0	0.0	0.0	0.0	0.0	0.0	501627	0.0
fam699	nan	nan	nan	0.0	0.0	0.0	0.0	0.0	0.0	212241	0.0
fam832	nan	nan	nan	0.0	0.0	0.0	0.0	0.0	0.0	80919	0.0
fam567	nan	nan	nan	0.0	0.0	0.0	0.0	0.0	0.0	372200	0.0
fam711	nan	nan	nan	0.0	0.0	0.0	0.0	0.0	0.0	196884	0.0
fam515	nan	nan	nan	0.0	0.0	0.0	0.0	0.0	0.0	428922	0.0
fam482	nan	nan	nan	0.0	0.0	0.0	0.0	0.0	0.0	466791	0.0
fam511	nan	nan	nan	0.0	0.0	0.0	0.0	0.0	0.0	431953	0.0
fam58	nan	nan	nan	0.0	0.0	0.0	0.0	0.0	0.0	71511	0.0
fam649	nan	nan	nan	0.0	0.0	0.0	0.0	0.0	0.0	272409	0.0
fam532	nan	nan	nan	0.0	0.0	0.0	0.0	0.0	0.0	412249	0.0
fam454	nan	nan	nan	0.0	0.0	0.0	0.0	0.0	0.0	496831	0.0
fam144	nan	nan	nan	0.0	0.0	0.0	0.0	0.0	0.0	185203	0.0
fam545	nan	nan	nan	0.0	0.0	0.0	0.0	0.0	0.0	396937	0.0
fam13	nan	nan	nan	0.0	0.0	0.0	0.0	0.0	0.0	20989	0.0
fam650	nan	nan	nan	0.0	0.0	0.0	0.0	0.0	0.0	271263	0.0
fam672	nan	nan	nan	0.0	0.0	0.0	0.0	0.0	0.0	235213	0.0
fam344	nan	nan	nan	0.0	0.0	0.0	0.0	0.0	0.0	422647	0.0
fam223	nan	nan	nan	0.0	0.0	0.0	0.0	0.0	0.0	276624	0.0
fam409	nan	nan	nan	0.0	0.0	0.0	0.0	0.0	0.0	495384	0.0
fam772	nan	nan	nan	0.0	0.0	0.0	0.0	0.0	0.0	134139	0.0
fam810	nan	nan	nan	0.0	0.0	0.0	0.0	0.0	0.0	102467	0.0
fam582	nan	nan	nan	0.0	0.0	0.0	0.0	0.0	0.0	349558	0.0
fam218	nan	nan	nan	0.0	0.0	0.0	0.0	0.0	0.0	274029	0.0
fam663	nan	nan	nan	0.0	0.0	0.0	0.0	0.0	0.0	254540	0.0
fam366	nan	nan	nan	0.0	0.0	0.0	0.0	0.0	0.0	447035	0.0
fam377	nan	nan	nan	0.0	0.0	0.0	0.0	0.0	0.0	458803	0.0
fam823	nan	nan	nan	0.0	0.0	0.0	0.0	0.0	0.0	87384	0.0
fam896	nan	nan	nan	0.0	0.0	0.0	0.0	0.0	0.0	2954	0.0
fam763	nan	nan	nan	0.0	0.0	0.0	0.0	0.0	0.0	140666	0.0
fam586	nan	nan	nan	0.0	0.0	0.0	0.0	0.0	0.0	346506	0.0
fam891	nan	nan	nan	0.0	0.0	0.0	0.0	0.0	0.0	7702	0.0
fam91	nan	nan	nan	0.0	0.0	0.0	0.0	0.0	0.0	113677	0.0
fam296	nan	nan	nan	0.0	0.0	0.0	0.0	0.0	0.0	367812	0.0
fam894	nan	nan	nan	0.0	0.0	0.0	0.0	0.0	0.0	4562	0.0
fam539	nan	nan	nan	0.0	0.0	0.0	0.0	0.0	0.0	405098	0.0
fam872	nan	nan	nan	0.0	0.0	0.0	0.0	0.0	0.0	33517	0.024250499666888733
fam313	nan	nan	nan	0.0	0.0	0.0	0.0	0.0	0.0	388409	0.0
fam544	nan	nan	nan	0.0	0.0	0.0	0.0	0.0	0.0	397415	0.0
fam779	nan	nan	nan	0.0	0.0	0.0	0.0	0.0	0.0	129815	0.0
fam486	nan	nan	nan	0.0	0.0	0.0	0.0	0.0	0.0	462481	0.0
fam113	nan	nan	nan	0.0	0.0	0.0	0.0	0.0	0.0	141040	0.0
fam304	nan	nan	nan	0.0	0.0	0.0	0.0	0.0	0.0	377279	0.0
fam140	nan	nan	nan	0.0	0.0	0.0	0.0	0.0	0.0	180899	0.0
fam726	nan	nan	nan	0.0	0.0	0.0	0.0	0.0	0.0	180209	0.0
fam168	nan	nan	nan	0.0	0.0	0.0	0.0	0.0	0.0	210636	0.0
fam291	nan	nan	nan	0.0	0.0	0.0	0.0	0.0	0.0	363280	0.0
fam297	nan	nan	nan	0.0	0.0	0.0	0.0	0.0	0.0	369871	0.0
fam403	nan	nan	nan	0.0	0.0	0.0	0.0	0.0	0.0	486185	0.0
fam739	nan	nan	nan	0.0	0.0	0.0	0.0	0.0	0.0	168211	0.00019723865877712034
fam714	nan	nan	nan	0.0	0.0	0.0	0.0	0.0	0.0	194029	0.0
fam99	nan	nan	nan	0.0	0.0	0.0	0.0	0.0	0.0	121790	0.0
fam305	nan	nan	nan	0.0	0.0	0.0	0.0	0.0	0.0	377698	0.0
fam538	nan	nan	nan	0.0	0.0	0.0	0.0	0.0	0.0	405822	0.0
fam854	nan	nan	nan	0.0	0.0	0.0	0.0	0.0	0.0	52764	0.0
fam103	nan	nan	nan	0.0	0.0	0.0	0.0	0.0	0.0	126177	0.0
fam730	nan	nan	nan	0.0	0.0	0.0	0.0	0.0	0.0	176616	0.0
fam11	nan	nan	nan	0.0	0.0	0.0	0.0	0.0	0.0	17380	0.0
fam4	nan	nan	nan	0.0	0.0	0.0	0.0	0.0	0.0	5410	0.0
fam202	nan	nan	nan	0.0	0.0	0.0	0.0	0.0	0.0	253239	0.0
fam690	nan	nan	nan	0.0	0.0	0.0	0.0	0.0	0.0	220788	0.0
fam632	nan	nan	nan	0.0	0.0	0.0	0.0	0.0	0.0	289931	0.0
fam186	nan	nan	nan	0.0	0.0	0.0	0.0	0.0	0.0	234419	0.0
fam753	nan	nan	nan	0.0	0.0	0.0	0.0	0.0	0.0	152548	0.0
fam316	nan	nan	nan	0.0	0.0	0.0	0.0	0.0	0.0	392034	0.0
fam270	nan	nan	nan	0.0	0.0	0.0	0.0	0.0	0.0	338187	0.0
fam149	nan	nan	nan	0.0	0.0	0.0	0.0	0.0	0.0	190876	0.0
fam161	nan	nan	nan	0.0	0.0	0.0	0.0	0.0	0.0	202170	0.0
fam572	nan	nan	nan	0.0	0.0	0.0	0.0	0.0	0.0	362109	0.0
fam737	nan	nan	nan	0.0	0.0	0.0	0.0	0.0	0.0	169704	0.0
fam28	nan	nan	nan	0.0	0.0	0.0	0.0	0.0	0.0	34495	0.0
fam32	nan	nan	nan	0.0006189473684210526	0.0	0.0006952916445018791	0.0	0.0	0.0	39543	0.0004425478109688636
fam665	nan	nan	nan	0.0	0.0	0.0	0.0	0.0	0.0	253300	0.0
fam599	nan	nan	nan	0.0	0.0	0.0	0.0	0.0	0.0	327914	0.0
fam742	nan	nan	nan	0.0	0.0	0.0	0.0	0.0	0.0	162926	0.0
fam373	nan	nan	nan	0.0	0.0	0.0	0.0	0.0	0.0	456636	0.0
fam269	nan	nan	nan	0.0	0.0	0.0	0.0	0.0	0.0	337120	0.0
fam276	nan	nan	nan	0.0	0.0	0.0	0.0	0.0	0.0	348639	0.0
fam861	nan	nan	nan	0.0	0.0	0.0	0.0	0.0	0.0	42303	0.0
fam573	nan	nan	nan	0.0	0.0	0.0	0.0	0.0	0.0	361661	0.0
fam151	nan	nan	nan	0.0	0.0	0.0	0.0	0.0	0.0	194226	0.0
fam499	nan	nan	nan	0.0	0.0	0.0	0.0	0.0	0.0	447216	0.0
fam468	nan	nan	nan	0.0	0.0	0.0	0.0	0.0	0.0	479902	0.0
fam232	nan	nan	nan	0.0	0.0	0.0	0.0	0.0	0.0	284894	0.0
fam282	nan	nan	nan	0.0	0.0	0.0	0.0	0.0	0.0	353778	0.0
fam676	nan	nan	nan	0.0	0.0	0.0	0.0	0.0	0.0	231337	0.0
fam57	nan	nan	nan	0.0	0.0	0.0	0.0	0.0	0.0	70649	0.0
fam195	nan	nan	nan	0.0	0.0	0.0	0.0	0.0	0.0	243843	0.0
fam529	nan	nan	nan	0.0	0.0	0.0	0.0	0.0	0.0	415031	0.0
fam420	nan	nan	nan	0.0	0.0	0.0	0.0	0.0	0.0	534815	0.0
fam749	nan	nan	nan	0.0	0.0	0.0	0.0	0.0	0.0	156547	0.0
fam429	nan	nan	nan	0.0	0.0	0.0	0.0	0.0	0.0	525089	0.0
fam550	nan	nan	nan	0.0	0.0	0.0	0.0	0.0	0.0	392316	0.0
fam39	nan	nan	nan	0.0	0.0	0.0	0.0	0.0	0.0	46171	0.0
fam724	nan	nan	nan	0.0	0.0	0.0	0.0	0.0	0.0	181650	0.0
fam754	nan	nan	nan	0.0	0.0	0.0	0.0	0.0	0.0	151943	0.0
fam727	nan	nan	nan	0.0	0.0	0.0	0.0	0.0	0.0	179478	0.0
fam588	nan	nan	nan	0.0	0.0	0.0	0.0	0.0	0.0	343050	0.0
fam241	nan	nan	nan	0.0	0.0	0.0	0.0	0.0	0.0	296709	0.0
fam549	nan	nan	nan	0.0	0.0	0.0	0.0	0.0	0.0	392931	0.0
fam423	nan	nan	nan	0.0	0.0	0.0	0.0	0.0	0.0	530693	0.0
fam493	nan	nan	nan	0.0	0.0	0.0	0.0	0.0	0.0	455127	0.0
fam104	nan	nan	nan	0.0	0.0	0.0	0.0	0.0	0.0	127210	0.0
fam335	nan	nan	nan	0.0	0.0	0.0	0.0	0.0	0.0	413042	0.0
fam570	nan	nan	nan	0.0	0.0	0.0	0.0	0.0	0.0	363379	0.0
fam638	nan	nan	nan	0.0	0.0	0.0	0.0	0.0	0.0	283856	0.0
fam34	nan	nan	nan	0.0	0.0	0.0	0.0	0.0	0.0	43099	0.0
fam310	nan	nan	nan	0.0	0.0	0.0	0.0	0.0	0.0	384733	0.0
fam634	nan	nan	nan	0.0	0.0	0.0	0.0	0.0	0.0	288589	0.0
fam590	nan	nan	nan	0.0	0.0	0.0	0.0	0.0	0.0	336152	0.0
fam799	nan	nan	nan	0.0	0.0	0.0	0.0	0.0	0.0	116586	0.0
fam811	nan	nan	nan	0.0	0.0	0.0	0.0	0.0	0.0	101361	0.0
fam194	nan	nan	nan	0.0	0.0	0.0	0.0	0.0	0.0	242926	0.0
fam121	nan	nan	nan	0.0	0.0	0.0	0.0	0.0	0.0	155165	0.0
fam606	nan	nan	nan	0.0	0.0	0.0	0.0	0.0	0.0	319375	0.0
fam522	nan	nan	nan	0.0	0.0	0.0	0.0	0.0	0.0	421318	0.0
fam541	nan	nan	nan	0.0	0.0	0.0	0.0	0.0	0.0	401221	0.0
fam118	nan	nan	nan	0.0	0.0	0.0	0.0	0.0	0.0	148323	0.0
fam128	nan	nan	nan	0.0	0.0	0.0	0.0	0.0	0.0	167469	0.0
fam623	nan	nan	nan	0.0	0.0	0.0	0.0	0.0	0.0	299672	0.0
fam390	nan	nan	nan	0.0	0.0	0.0	0.0	0.0	0.0	471923	0.0
fam564	nan	nan	nan	0.0	0.0	0.0	0.0	0.0	0.0	374427	0.0
fam592	nan	nan	nan	0.0	0.0	0.0	0.0	0.0	0.0	334157	0.0
fam381	nan	nan	nan	0.0	0.0	0.0	0.0	0.0	0.0	462010	0.0
fam637	nan	nan	nan	0.0	0.0	0.0	0.0	0.0	0.0	284658	0.0
fam339	nan	nan	nan	0.0	0.0	0.0	0.0	0.0	0.0	417063	0.0
fam689	nan	nan	nan	0.0	0.0	0.0	0.0	0.0	0.0	221812	0.0
fam24	nan	nan	nan	0.0	0.0	0.0	0.0	0.0	0.0	31537	0.0
fam824	nan	nan	nan	0.0	0.0	0.0	0.0	0.0	0.0	86547	0.0
fam178	nan	nan	nan	0.0	0.0	0.0	0.0	0.0	0.0	220230	0.0
fam152	nan	nan	nan	0.0	0.0	0.0	0.0	0.0	0.0	194855	0.0
fam525	nan	nan	nan	0.0	0.0	0.0	0.0	0.0	0.0	418778	0.0
fam54	nan	nan	nan	0.0	0.0	0.0	0.0	0.0	0.0	67280	0.0
fam695	nan	nan	nan	0.0	0.0	0.0	0.0	0.0	0.0	216230	0.0
fam579	nan	nan	nan	0.0	0.0	0.0	0.0	0.0	0.0	357056	0.0
fam560	nan	nan	nan	0.0	0.0	0.0	0.0	0.0	0.0	379096	0.0
fam734	nan	nan	nan	0.0	0.0	0.0	0.0	0.0	0.0	173302	0.0
fam615	nan	nan	nan	0.0	0.0	0.0	0.0	0.0	0.0	308666	0.0
fam844	nan	nan	nan	0.0	0.0	0.0	0.0	0.0	0.0	66142	0.0
fam369	nan	nan	nan	0.0	0.0	0.0	0.0	0.0	0.0	451137	0.0
fam437	nan	nan	nan	0.0	0.0	0.0	0.0	0.0	0.0	516506	0.0
fam464	nan	nan	nan	0.0	0.0	0.0	0.0	0.0	0.0	483712	0.0
fam879	nan	nan	nan	0.0	0.0	0.0	0.0	0.0	0.0	26230	0.0
fam220	nan	nan	nan	0.0	0.0	0.0	0.0	0.0	0.0	275027	0.0
fam383	nan	nan	nan	0.0	0.0	0.0	0.0	0.0	0.0	463066	0.0
fam101	nan	nan	nan	0.0	0.0	0.0	0.0	0.0	0.0	124339	0.0
fam337	nan	nan	nan	0.0	0.0	0.0	0.0	0.0	0.0	414436	0.0
fam459	nan	nan	nan	0.0	0.0	0.0	0.0	0.0	0.0	490168	0.0
fam547	nan	nan	nan	0.0	0.0	0.0	0.0	0.0	0.0	395533	0.0
fam502	nan	nan	nan	0.0	0.0	0.0	0.0	0.0	0.0	442955	0.0
fam548	nan	nan	nan	0.0	0.0	0.0	0.0	0.0	0.0	394842	0.0
fam478	nan	nan	nan	0.0	0.0	0.0	0.0	0.0	0.0	469333	0.0
fam691	nan	nan	nan	0.0	0.0	0.0	0.0	0.0	0.0	219900	0.0
fam382	nan	nan	nan	0.0	0.0	0.0	0.0	0.0	0.0	462651	0.0
fam20	nan	nan	nan	0.0	0.0	0.0	0.0	0.0	0.0	28513	0.0
fam618	nan	nan	nan	0.0	0.0	0.0	0.0	0.0	0.0	306143	0.0
fam635	nan	nan	nan	0.0	0.0	0.0	0.0	0.0	0.0	286912	0.0009122807017543862
fam33	nan	nan	nan	0.0	0.0	0.0	0.0	0.0	0.0	40621	0.0
fam365	nan	nan	nan	0.0	0.0	0.0	0.0	0.0	0.0	446231	0.0
fam208	nan	nan	nan	0.0	0.0	0.0	0.0	0.0	0.0	260795	0.0
fam677	nan	nan	nan	0.0	0.0	0.0	0.0	0.0	0.0	230993	0.0
fam22	nan	nan	nan	0.0	0.0	0.0	0.0	0.0	0.0	30244	0.0
fam633	nan	nan	nan	0.0	0.0	0.0	0.0	0.0	0.0	288912	0.0
fam238	nan	nan	nan	0.0	0.0	0.0	0.0	0.0	0.0	293151	0.0
fam299	nan	nan	nan	0.0	0.0	0.0	0.0	0.0	0.0	371396	0.0
fam378	nan	nan	nan	0.0	0.0	0.0	0.0	0.0	0.0	459585	0.0
fam139	nan	nan	nan	0.0	0.0	0.0	0.0	0.0	0.0	179838	0.0
fam37	nan	nan	nan	0.0	0.0	0.0	0.0	0.0	0.0	44148	0.0
fam884	nan	nan	nan	0.0	0.0	0.0	0.0	0.0	0.0	21902	0.0
fam836	nan	nan	nan	0.0	0.0	0.0	0.0	0.0	0.0	75562	0.0
fam774	nan	nan	nan	0.0	0.0	0.0	0.0	0.0	0.0	132253	0.0
fam473	nan	nan	nan	0.0	0.0	0.0	0.0	0.0	0.0	472888	0.0
fam447	nan	nan	nan	0.0	0.0	0.0	0.0	0.0	0.0	503485	0.0
fam201	nan	nan	nan	0.0	0.0	0.0	0.0	0.0	0.0	252814	0.0
fam141	nan	nan	nan	0.0	0.0	0.0	0.0	0.0	0.0	182684	5.9101654846335695e-05
fam308	nan	nan	nan	0.0	0.0	0.0	0.0	0.0	0.0	381687	0.0
fam591	nan	nan	nan	0.0	0.0	0.0	0.0	0.0	0.0	335869	0.0
fam795	nan	nan	nan	0.0	0.0	0.0	0.0	0.0	0.0	120604	0.0
fam391	nan	nan	nan	0.0	0.0	0.0	0.0	0.0	0.0	472707	0.0
fam528	nan	nan	nan	0.0	0.0	0.0	0.0	0.0	0.0	416635	0.0
fam777	nan	nan	nan	0.0	0.0	0.0	0.0	0.0	0.0	130804	0.0
fam472	nan	nan	nan	0.0	0.0	0.0	0.0	0.0	0.0	473905	0.0
fam773	nan	nan	nan	0.0	0.0	0.0	0.0	0.0	0.0	132710	0.0
fam516	nan	nan	nan	0.0	0.0	0.0	0.0	0.0	0.0	428300	0.0
fam729	nan	nan	nan	0.0	0.0	0.0	0.0	0.0	0.0	177822	0.0
fam756	nan	nan	nan	0.0	0.0	0.0	0.0	0.0	0.0	148337	0.0
fam627	nan	nan	nan	0.0	0.0	0.0	0.0	0.0	0.0	295575	0.0
fam837	nan	nan	nan	0.0	0.0	0.0	0.0	0.0	0.0	74329	0.0
fam408	nan	nan	nan	0.0	0.0	0.0	0.0	0.0	0.0	493838	0.0
fam421	nan	nan	nan	0.0	0.0	0.0	0.0	0.0	0.0	533335	0.0
fam678	nan	nan	nan	0.0	0.0	0.0	0.0	0.0	0.0	230638	0.0
fam172	nan	nan	nan	0.0	0.0	0.0	0.0	0.0	0.0	217318	0.0
fam740	nan	nan	nan	0.0	0.0	0.0	0.0	0.0	0.0	166478	0.0
fam290	nan	nan	nan	0.0	0.0	0.0	0.0	0.0	0.0	362159	0.009831764161135978
fam255	nan	nan	nan	0.0	0.0	0.0	0.0	0.0	0.0	321349	0.0
fam169	nan	nan	nan	0.0	0.0	0.0	0.0	0.0	0.0	213722	0.0
fam338	nan	nan	nan	0.0	0.0	0.0	0.0	0.0	0.0	415001	0.0
fam395	nan	nan	nan	0.0	0.0	0.0	0.0	0.0	0.0	476452	0.0
fam452	nan	nan	nan	0.0	0.0	0.0	0.0	0.0	0.0	498414	0.0
fam845	nan	nan	nan	0.0	0.0	0.0	0.0	0.0	0.0	63985	0.0
fam286	nan	nan	nan	0.0	0.0	0.0	0.0	0.0	0.0	356564	0.0
fam506	nan	nan	nan	0.0	0.0	0.0	0.0	0.0	0.0	437055	0.0
fam686	nan	nan	nan	0.0	0.0	0.0	0.0	0.0	0.0	224309	0.0
fam898	nan	nan	nan	0.0	0.0	0.0	0.0	0.0	0.0	1799	0.0
fam718	nan	nan	nan	0.0	0.0	0.0	0.0	0.0	0.0	189667	0.0
fam787	nan	nan	nan	0.0	0.0	0.0	0.0	0.0	0.0	126862	0.0
fam723	nan	nan	nan	0.0	0.0	0.0	0.0	0.0	0.0	182296	0.0
fam830	nan	nan	nan	0.0	0.0	0.0	0.0	0.0	0.0	81862	0.0
fam367	nan	nan	nan	0.0	0.0	0.0	0.0	0.0	0.0	448793	0.0
fam614	nan	nan	nan	0.0	0.0	0.0	0.0	0.0	0.0	309205	0.0
fam624	nan	nan	nan	0.0	0.0	0.0	0.0	0.0	0.0	299176	0.0
fam398	nan	nan	nan	0.0	0.0	0.0	0.0	0.0	0.0	479242	0.0
fam670	nan	nan	nan	0.0	0.0	0.0	0.0	0.0	0.0	244921	0.0
fam136	nan	nan	nan	0.0	0.0	0.0	0.0	0.0	0.0	177368	0.0
fam340	nan	nan	nan	0.0	0.0	0.0	0.0	0.0	0.0	417545	0.0
fam442	nan	nan	nan	0.0	0.0	0.0	0.0	0.0	0.0	509285	0.0
fam264	nan	nan	nan	0.0	0.0	0.0	0.0	0.0	0.0	331323	0.0
fam49	nan	nan	nan	0.0	0.0	0.0	0.0	0.0	0.0	57428	0.0
fam871	nan	nan	nan	0.0	0.0	0.0	0.0	0.0	0.0	33730	0.0
fam683	nan	nan	nan	0.0	0.0	0.0	0.0	0.0	0.0	227102	0.0
fam451	nan	nan	nan	0.0	0.0	0.0	0.0	0.0	0.0	499283	0.0
fam303	nan	nan	nan	0.0	0.0	0.0	0.0	0.0	0.0	375886	0.0
fam219	nan	nan	nan	0.0	0.0	0.0	0.0	0.0	0.0	274326	0.0
fam138	nan	nan	nan	0.0	0.0	0.0	0.0	0.0	0.0	178815	0.0
fam783	nan	nan	nan	0.0	0.0	0.0	0.0	0.0	0.0	128618	0.0
fam553	nan	nan	nan	0.0	0.0	0.0	0.0	0.0	0.0	389454	0.0
fam660	nan	nan	nan	0.0	0.0	0.0	0.0	0.0	0.0	256941	0.0
fam59	nan	nan	nan	0.0	0.0	0.0	0.0	0.0	0.0	72469	0.0
fam492	nan	nan	nan	0.0	0.0	0.0	0.0	0.0	0.0	455868	0.0
fam206	nan	nan	nan	0.0	0.0	0.0	0.0	0.0	0.0	259317	0.0
fam477	nan	nan	nan	0.0	0.0	0.0	0.0	0.0	0.0	469579	0.0
fam289	nan	nan	nan	0.0	0.0	0.0	0.0	0.0	0.0	360884	0.0
fam435	nan	nan	nan	0.0	0.0	0.0	0.0	0.0	0.0	518584	0.0
fam189	nan	nan	nan	0.0	0.0	0.0	0.0	0.0	0.0	236030	0.0
fam70	nan	nan	nan	0.0	0.0	0.0	0.0	0.0	0.0	84190	0.0
fam710	nan	nan	nan	0.0	0.0	0.0	0.0	0.0	0.0	201204	0.0
fam684	nan	nan	nan	0.0	0.0	0.0	0.0	0.0	0.0	226580	0.0
fam205	nan	nan	nan	0.0	0.0	0.0	0.0	0.0	0.0	258617	0.0
fam160	nan	nan	nan	0.0	0.0	0.0	0.0	0.0	0.0	201634	0.0
fam125	nan	nan	nan	0.0	0.0	0.0	0.0	0.0	0.0	164690	0.0
fam852	nan	nan	nan	0.0	0.0	0.0	0.0	0.0	0.0	56762	0.0
fam243	nan	nan	nan	0.0	0.0	0.0	0.0	0.0	0.0	298447	0.0
fam609	nan	nan	nan	0.0	0.0	0.0	0.0	0.0	0.0	315212	0.0
fam42	nan	nan	nan	0.0	0.0	0.0	0.0	0.0	0.0	48686	0.0
fam644	nan	nan	nan	0.0	0.0	0.0	0.0	0.0	0.0	278854	0.0
fam728	nan	nan	nan	0.0	0.0	0.0	0.0	0.0	0.0	178858	0.0
fam859	nan	nan	nan	0.0	0.0	0.0	0.0	0.0	0.0	45317	0.0
fam450	nan	nan	nan	0.0	0.0	0.0	0.0	0.0	0.0	500341	0.0
fam173	nan	nan	nan	0.0	0.0	0.0	0.0	0.0	0.0	217865	0.0
fam1	nan	nan	nan	0.0	0.0	0.0	0.0	0.0	0.0	1267	0.0
fam829	nan	nan	nan	0.0	0.0	0.0	0.0	0.0	0.0	82945	0.0
fam56	nan	nan	nan	0.0	0.0	0.0	0.0	0.0	0.0	69670	0.0
fam354	nan	nan	nan	0.0	0.0	0.0	0.0	0.0	0.0	434931	0.0
fam120	nan	nan	nan	0.0	0.0	0.0	0.0	0.0	0.0	152562	0.0
fam105	nan	nan	nan	0.0	0.0	0.0	0.0	0.0	0.0	128685	0.0
fam51	nan	nan	nan	0.0	0.0	0.0	0.0	0.0	0.0	63641	0.0
fam211	nan	nan	nan	0.0	0.0	0.0	0.0	0.0	0.0	262339	0.0
fam3	nan	nan	nan	0.0	0.0	0.0	0.0	0.0	0.0	3150	0.0
fam67	nan	nan	nan	0.0	0.0	0.0	0.0	0.0	0.0	81619	0.0
fam132	nan	nan	nan	0.0	0.0	0.0	0.0	0.0	0.0	172371	0.0
fam656	nan	nan	nan	0.0	0.0	0.0	0.0	0.0	0.0	262109	0.0
fam319	nan	nan	nan	0.0	0.0	0.0	0.0	0.0	0.0	395748	0.0
fam600	nan	nan	nan	0.0	0.0	0.0	0.0	0.0	0.0	327082	0.0
fam843	nan	nan	nan	0.0	0.0	0.0	0.0	0.0	0.0	67169	0.0
fam596	nan	nan	nan	0.0	0.0	0.0	0.0	0.0	0.0	331430	0.0
fam704	nan	nan	nan	0.0	0.0	0.0	0.0	0.0	0.0	208365	0.0
fam458	nan	nan	nan	0.0	0.0	0.0	0.0	0.0	0.0	491796	0.0
fam66	nan	nan	nan	0.0	0.0	0.0	0.0	0.0	0.0	80280	0.0
fam881	nan	nan	nan	0.0	0.0	0.0	0.0	0.0	0.0	24124	0.0
fam72	nan	nan	nan	0.0	0.0	0.0	0.0	0.0	0.0	87972	0.00018832391713747646
fam198	nan	nan	nan	0.0	0.0	0.0	0.0	0.0	0.0	247599	0.0
fam410	nan	nan	nan	0.0	0.0	0.0	0.0	0.0	0.0	496123	0.0
fam521	nan	nan	nan	0.0	0.0	0.0	0.0	0.0	0.0	422684	0.0
fam792	nan	nan	nan	0.0	0.0	0.0	0.0	0.0	0.0	122973	0.0
fam108	nan	nan	nan	0.0	0.0	0.0	0.0	0.0	0.0	130655	0.0
fam394	nan	nan	nan	0.0	0.0	0.0	0.0	0.0	0.0	475527	0.0
fam601	nan	nan	nan	0.0	0.0	0.0	0.0	0.0	0.0	324316	0.0
fam210	nan	nan	nan	0.0	0.0	0.0	0.0	0.0	0.0	261949	0.0
fam760	nan	nan	nan	0.0	0.0	0.0	0.0	0.0	0.0	143691	0.0
fam14	nan	nan	nan	0.0	0.0	0.0	0.0	0.0	0.0	21264	0.0
fam713	nan	nan	nan	0.0	0.0	0.0	0.0	0.0	0.0	194952	0.0
fam333	nan	nan	nan	0.0	0.0	0.0	0.0	0.0	0.0	411398	0.0
fam668	nan	nan	nan	0.0	0.0	0.0	0.0	0.0	0.0	249840	0.0
fam64	nan	nan	nan	0.0	0.0	0.0	0.0	0.0	0.0	78384	0.0
fam97	nan	nan	nan	0.0	0.0	0.0	0.0	0.0	0.0	119695	0.0
fam415	nan	nan	nan	0.0	0.0	0.0	0.0	0.0	0.0	504304	0.0
fam782	nan	nan	nan	0.0	0.0	0.0	0.0	0.0	0.0	128829	0.0
fam862	nan	nan	nan	0.0	0.0	0.0	0.0	0.0	0.0	41899	0.0
fam156	nan	nan	nan	0.0	0.0	0.0	0.0	0.0	0.0	200118	0.0
fam135	nan	nan	nan	0.0	0.0	0.0	0.0	0.0	0.0	176928	0.0
fam190	nan	nan	nan	0.0	0.0	0.0	0.0	0.0	0.0	237654	0.0
fam341	nan	nan	nan	0.0	0.0	0.0	0.0	0.0	0.0	418638	0.001949860724233983
fam183	nan	nan	nan	0.0	0.0	0.0	0.0	0.0	0.0	228217	0.013121845710165827
fam874	nan	nan	nan	0.0	0.0	0.0	0.0	0.0	0.0	30858	0.0
fam681	nan	nan	nan	0.0	0.0	0.0	0.0	0.0	0.0	228861	0.0
fam227	nan	nan	nan	0.0	0.0	0.0	0.0	0.0	0.0	279403	0.0
fam412	nan	nan	nan	0.0	0.0	0.0	0.0	0.0	0.0	499743	0.0
fam215	nan	nan	nan	0.0	0.0	0.0	0.0	0.0	0.0	267821	0.0
