fam	avg_dnds	med_dnds	SDdnds	dn	med_dn	SDdn	ds	med_ds	SDds	loc	Pi
fam1037	0.15354461201206746	0.10492505353319058	0.14417972227120096	0.04634106280193237	0.0098	0.0678992805155005	0.4942188405797101	0.0595	0.7894580484628133	171326	0.06810187139439988
fam3479	0.04075807041052839	0.038922155688622756	0.03149587183778797	0.032302222222222225	0.0088	0.04491365398074741	0.7089400966183574	0.2158	0.9559282214811661	1745999	0.07460108329673547
fam1031	0.0300031530313523	0.01539193906696287	0.05567215427513641	0.01418231884057971	0.0028	0.0217724700174699	0.8536504347826087	0.0	1.3927544230845401	174545	0.048964255589514394
fam680	0.044474262954769375	0.03353244637523758	0.07052096653447008	0.03814038647342995	0.0029	0.053094620048659426	8.448352173913044	0.059	26.24582668153145	537862	0.07147411777081865
fam1195	0.04271930775443462	0.03401842664776754	0.04864313224844922	0.046981289640591964	0.0032	0.07868905943566486	0.9528536997885835	0.1619	1.4806643863989433	1625	0.08156531111387472
fam1040	0.02507695780756879	0.021627774615822427	0.023561449724200136	0.02889848484848485	0.0038	0.04469953457972141	0.6974560606060606	0.0882	1.0516266214815617	168684	0.054415693458514616
fam3801	0.013645960508296423	0.0	0.018624029452448967	0.028414589371980676	0.0	0.04679093856803646	0.7876372946859904	0.0504	1.2039094822011098	1432323	0.07552979066022546
fam1446	0.0323515434064173	0.024189090774823	0.037639449343898845	0.03467932367149759	0.0037	0.04414746716985692	22.143413236714974	0.1405	40.85950879524193	288725	0.07591095574490811
fam1447	0.03233436903385924	0.01940491591203105	0.04215845376974226	0.04291919191919191	0.01225	0.06252746576589029	19.31434828282828	0.3841	38.713782421793034	289533	0.08141902899967415
fam645	0.04166998723898793	0.03608957989649952	0.04125070269562256	0.04663855072463768	0.0066	0.06827811959398783	1.3155414492753623	0.1903	1.8958903251498842	579983	0.0805886928040137
fam2613	0.03632175510513421	0.03698896820246594	0.02038529714758204	0.036903699788583516	0.0057	0.05582173393911255	0.9848223044397462	0.1541	1.4331068911045206	1581542	0.08385306553911205
fam1082	0.059367117896241516	0.0392872898387334	0.04616997927218404	0.04660589371980676	0.0056	0.06792576634370796	1.212739806763285	0.1046	1.769723467751146	110303	0.08181741963648137
fam3365	0.03346326780060469	0.031457136544410076	0.0365524882901928	0.03011121212121212	0.0027	0.04656768925305556	0.937030404040404	0.0918	1.4783595689089597	1876223	0.06342209978573614
fam565	0.029471791930296018	0.02776626605884791	0.03787077770486957	0.040270338164251206	0.0101	0.05300816726226254	17.8766277294686	0.2399	37.234485310440185	678859	0.09479424620089581
fam3187	0.01923618874508933	0.0	0.028021313491468056	0.040533719806763284	0.0	0.06719573063544763	1.0655662801932368	0.0574	1.5849300553222976	2051361	0.08150153657400033
fam2003	0.05941768734045372	0.05187319884726224	0.026705365151626186	0.027039721254355404	0.0072	0.051024253775291226	0.5423480836236934	0.1281	1.071392325669947	953424	0.05394399899248563
fam1009	0.011523476537471213	0.0	0.021022807125749703	0.02944705314009662	0.0	0.04876794245324258	1.054828309178744	0.0556	1.6657301371289568	184493	0.06835876594330702
fam1312	0.04810039598822356	0.03892033493942087	0.04271663240954154	0.04784289855072464	0.0034	0.07175226889849196	1.2772450241545896	0.0857	1.8342021205673051	143094	0.08601018507241864
fam942	0.03407461223892934	0.03220271254965565	0.02155454906022605	0.04024347826086957	0.0066	0.057289511424890575	1.2807541062801933	0.1334	1.817585280724225	250010	0.08335234220817744
fam1050	0.018293715590533655	0.02106847253574116	0.020522668041057766	0.02098106280193237	0.0	0.03373310661593799	1.3312383574879227	0.0518	6.940052902728047	155233	0.059661264718310666
fam949	0.04050916432503257	0.022510021584952206	0.06308539377945635	0.04098125603864734	0.0025	0.0629615707988308	26.761018067632854	0.0792	43.88479898153496	243128	0.07366893340307908
fam1046	0.017801811834698502	0.018661518661518658	0.016432431059995523	0.02833353535353535	0.0022	0.04386344589155158	1.3601511111111109	0.1555	2.0633760326060564	157800	0.07059259259259258
fam1546	0.11194960389011904	0.09246336357292392	0.08136081865471952	0.033693263646922184	0.0112	0.0545952200275779	0.594519512195122	0.1051	1.1943665971453377	434023	0.05718904306837554
fam3089	0.01949285066955783	0.0	0.03222439846005936	0.039483535353535354	0.0	0.07000361781146168	0.7345991919191919	0.0604	1.1756014053160897	2161085	0.08461873638344226
fam3017	0.040489753590203285	0.03556303758844727	0.02037049276809755	0.039102125603864744	0.006	0.05657213936208836	1.1118957487922707	0.1356	1.6314980288514538	1992614	0.07400102926772581
fam3763	0.046931299400119295	0.034267765628321095	0.06492555459706417	0.04629989898989899	0.0119	0.06257411742651245	4.190145656565656	0.3649	16.84693838544038	1467562	0.08720443875373454
fam1002	0.014878502851405897	0.01493305870236869	0.016644870330580222	0.02195594202898551	0.0	0.03507809577010335	0.8463351690821256	0.0677	1.3240385947495352	189739	0.05169577604360213
fam1172	0.0725152227291586	0.03516208146726381	0.07413802694364878	0.038949393939393936	0.008	0.055190280532800846	11.122603939393938	0.0649	30.138266397402532	19136	0.07105557128921614
fam3951	0.05213643036864167	0.0461973744008092	0.03898854523677303	0.04187832980972517	0.0048	0.06883101350747553	0.9449155391120507	0.1057	1.5259625483219295	1271593	0.07365279576552734
fam2026	0.0875978475667001	0.0685483129583879	0.06748893654925552	0.05269700996677741	0.0235	0.06104361730476875	11.186836323366556	0.2414	30.477536842272187	969691	0.1214202791553651
fam2489	0.043582603450579446	0.050835734870317	0.01927435255973827	0.06023949494949495	0.0372	0.06726413835645137	1.190237878787879	0.769	1.2832960099372057	1457383	0.12069289385078857
fam1049	0.019812402811915854	0.02241650586117539	0.019839858372142992	0.02812618357487923	0.0033	0.04432860408931645	11.748965990338164	0.0742	31.170507930404092	155715	0.05857997735726993
fam3465	0.050491087104638364	0.04834605597964376	0.05127960365507342	0.028550241545893723	0.0092	0.03617446836896714	1.0891842512077294	0.175	1.6407555103156601	1757149	0.06924019062701102
fam1048	0.11054073485224569	0.0543982216576691	0.09516369624374324	0.04276181818181818	0.0045	0.07004359462655643	0.787428888888889	0.0539	1.328436346765571	156606	0.0667936853565596
fam200	0.03637352171563368	0.0	0.0448281555277878	0.022466060606060604	0.0	0.04038211349770813	0.2846650505050505	0.0434	0.4348624396344152	1046420	0.056883991429445974
fam2248	0.09613318294711612	0.07706416603471218	0.07748891653321537	0.05564636363636364	0.01525	0.07028647298560839	1.0026483838383837	0.1561	1.4352446810974777	1188568	0.09648321890314772
fam1317	0.042168781356566425	0.037086291585337085	0.02226180673353023	0.04804995169082126	0.005	0.0702160996134448	1.289542028985507	0.1342	1.9039559961123351	149486	0.08278737767868202
fam463	0.05895510834329647	0.05987291447211934	0.047241346963680104	0.04898125603864736	0.0038	0.07575509993110778	0.8298833816425121	0.0543	1.284473349042384	770701	0.08372352285395762
fam3888	0.011869265893233071	0.0026860483488702794	0.014991963256768237	0.030202608695652177	0.0	0.0490083195437168	1.0203021256038647	0.1574	1.4747092195079552	1340366	0.07226916092781031
fam1019	0.02379192409655976	0.028002154011847063	0.01935833792671097	0.03736763285024155	0.0026	0.05804702046804691	2.693847536231884	0.2347	13.230137389834427	179077	0.07378068956389384
fam1029	0.08027597198688906	0.0756578947368421	0.07767204200477774	0.02838270531400966	0.0046	0.04220036701565705	0.4064429951690821	0.031	0.675131151285763	175212	0.04892646269457863
fam216	0.06758271327856989	0.036750267213376084	0.11775611012096217	0.040367536231884056	0.0126	0.05095189233558642	1.212764154589372	0.2631	1.6159836623989203	1026034	0.0846895861670028
fam625	0.08718220242991895	0.05015827966379216	0.0991006417874096	0.039134108527131777	0.0107	0.06658187018122771	0.7618772978959026	0.1838	1.3343661764573165	601556	0.06760622748994842
fam3406	0.060019027893739	0.05679405520169851	0.027833794061891504	0.04717552602436322	0.0174	0.06301193007966424	1.1482872646733113	0.2574	1.705801442600064	1834731	0.08917428803713
fam950	0.09931961325020022	0.07862818904224174	0.10811010228709036	0.04335072463768116	0.0029	0.0625862991208072	1.0043400966183575	0.0174	1.5528666499750783	242304	0.07386955346333322
fam1182	0.05114314182762888	0.052662307333021956	0.01723681409086565	0.03860282828282827	0.0	0.05991296593351319	0.7285459595959597	0.0	1.1326445947868364	7530	0.07475964463916271
fam1041	0.029427179955756513	0.03469079939668175	0.013141438775215612	0.044427632850241545	0.0092	0.06426457262284255	1.2733661835748795	0.2545	1.8230405179383302	166575	0.08387266914047002
fam1421	0.03917796692668437	0.04015146102736301	0.023005379878850585	0.04403585858585859	0.0075	0.0701252097857479	1.087169898989899	0.1215	1.731571090401469	259607	0.08954750038205381
fam1077	0.04878867918991676	0.04210526315789474	0.021552144521821668	0.044682415458937204	0.0116	0.06134238134238783	1.1852342028985507	0.2244	1.6816397029622467	115397	0.07882275020168061
fam798	0.03754218526849703	0.034524530587522716	0.026035907323146076	0.03958151515151516	0.0065	0.06133593251843764	10.087133232323232	0.2004	28.82842574103379	435942	0.0753409444585915
fam1013	0.03776127848061782	0.024004248539564524	0.024936701287050562	0.006945314009661836	0.0	0.008899391759759116	0.30012057971014494	0.0	0.4481129739279621	182757	0.03345954650302476
fam1449	0.02392283736573867	0.026330296904943165	0.01752324212724059	0.034686666666666664	0.0052	0.05133995530411006	21.43877536231884	0.1761	40.42240438907243	292505	0.06828961705957387
fam1219	0.04609272444225435	0.036149698531169484	0.03414159013955744	0.04127227053140097	0.0107	0.05578082466366643	2.5168704347826085	0.2555	11.803379180031017	32990	0.07519524014727118
fam3852	0.049043362943665916	0.048824502481327386	0.007757030699624097	0.028144927536231885	0.0	0.04716590556941693	1.1206031884057972	0.0	7.530223681830151	1376555	0.05444367763208343
fam3392	0.04727229328582865	0.04229848363926576	0.06774217866643356	0.047535656565656566	0.006	0.07164041754190871	0.9389360606060606	0.1091	1.1498870996941688	1846095	0.10002405002405002
fam775	0.06064211065033061	0.042600896860986545	0.09524804018812749	0.04469949494949495	0.0038	0.07415460351163067	0.9413258585858586	0.1243	1.538124905010039	455250	0.0706697814189671
fam1403	0.02790956453123646	0.02617203669835249	0.019626079723720095	0.0506983574879227	0.0015	0.08091063948482435	1.1107856038647341	0.0817	1.7098090623053628	242142	0.08105043380295489
fam3759	0.023432569554315462	0.006615606104232652	0.027972427412800642	0.04272939393939394	0.0018	0.07469429625863064	0.9055320202020202	0.0849	1.4422880126343864	1472963	0.09854050143306341
fam2292	0.032371031807603826	0.01746083550913838	0.03546622774922142	0.03621088794926004	0.0053	0.0595408019875926	0.7621110993657505	0.1114	1.014231746139315	1238348	0.06889378010754245
fam3594	0.058255893069431394	0.04973194575843583	0.04021482382364963	0.03678549280177187	0.0027	0.06546371011593856	0.7164305647840532	0.0554	1.2678880482683648	1609259	0.0603117812420138
fam357	0.008347568765334115	0.0	0.016703557668409114	0.022837584541062807	0.0	0.037689049242623535	1.127662995169082	0.0785	1.6733461764079904	863146	0.07398623920363051
fam2271	0.03752444408842852	0.03976232857823351	0.019393317508286195	0.04565942028985508	0.0043	0.06858883682394683	1.1562444444444444	0.1361	1.712730066945147	1220063	0.07989182047153061
fam2549	0.07997427912421243	0.06296023564064801	0.045527351651798956	0.052168787878787884	0.0148	0.0710118417038111	2.3360068686868685	0.199	12.05141906729615	1509391	0.08413219241244718
fam1042	0.024927194569334916	0.023106713964916845	0.0271173671216615	0.020301739130434787	0.0	0.0325010845879162	0.6351300483091787	0.043	1.0508428469660933	166033	0.04630868326520499
fam1993	0.050091355422929064	0.049900134169875224	0.02762511728613418	0.027568060394889665	0.0121	0.04241873520044703	12.293645296167249	0.2129	32.31631160515505	944158	0.06763273876825808
fam23	0.038304959452915406	0.039732351695127094	0.015777422428626064	0.05124811594202899	0.0127	0.06863373900131456	1.3165674396135267	0.2925	1.7624259236463775	1236471	0.09830565450533245
fam679	0.039377959366999865	0.036283185840707964	0.03533774171680578	0.045200505050505047	0.0084	0.06984589682132536	23.509520303030303	0.1731	41.99910929488167	539234	0.07942130184874249
fam1087	0.052794812328927875	0.04278204609785686	0.04316820852550788	0.047574975845410636	0.006	0.07466972730447094	0.8425966183574879	0.1919	1.2715503293521342	102201	0.08370557072510443
fam2334	0.03177719304636217	0.02710095104263381	0.02117333023093265	0.03209343434343435	0.0072	0.0428242533392454	1.2449036363636363	0.246	1.728764564409652	1292241	0.08917084730002325
fam617	0.008278363258870608	0.0	0.013050751632596275	0.015242125603864735	0.0	0.027596971816719724	0.6116951690821256	0.0744	0.9710739799654988	610755	0.04334564743771904
fam3745	0.042196569050842875	0.040837696335078534	0.04341667791277399	0.053168757259001165	0.0088	0.0777530035313982	24.969895702671312	0.2424	42.84077790924264	1488151	0.10128367818069715
fam1888	0.027667306894252657	0.019651823719827696	0.03880395722751576	0.02050040404040404	0.004	0.03111984815727257	1.0353995959595959	0.189	1.6017005978179386	822895	0.06228192928444817
fam3789	0.012814295301700059	0.0	0.016731004852752765	0.02485246376811594	0.0	0.04032132149818255	0.7752504347826087	0.0575	1.217043328460434	1444209	0.052621757790632585
fam589	0.05015857799666816	0.046534469485811365	0.029987005516090716	0.05196299516908212	0.0116	0.06981748070017148	1.188668888888889	0.2314	1.5560124571978222	652948	0.08915799662313198
fam1554	0.027179664160612974	0.02286897163557505	0.024826793187773012	0.024405858585858586	0.0031	0.03831250772926845	16.76789919191919	0.113	36.65528178120549	442394	0.06404416006009632
fam951	0.03237592256775498	0.03495296744941463	0.019676551249762152	0.028407826086956522	0.0034	0.04344336094560304	1.0203826086956522	0.0429	4.500786910718785	241688	0.06450858141679397
fam471	0.02629323040744148	0.020542317173377157	0.0318125260721592	0.04164463768115942	0.0015	0.06407584302723869	6.596301256038648	0.136	22.96337482176978	762143	0.08120924862516331
fam1023	0.045858382356044135	0.046858359957401494	0.025030003485821847	0.037427246376811586	0.0044	0.05783451380537014	0.7942140096618359	0.0939	1.2603377043980715	177429	0.06628556092324209
fam1543	0.03708081385908321	0.03094302554027505	0.03603386831140748	0.02636141414141414	0.0124	0.030676613769183167	1.0049788888888889	0.3638	1.2589266560615038	430857	0.07575580365054049
fam3359	0.05008636444492541	0.039699071237777835	0.058928513508826136	0.04561383838383839	0.0071	0.06784081308187752	2.088461111111111	0.17154999999999998	9.924707901825542	1882991	0.09769944916388432
fam1036	0.049053733102925115	0.05702364394993046	0.05303136743172564	0.04165454545454545	0.0	0.07335841344231205	0.4393880808080808	0.0244	0.7387454428096828	171946	0.06618223046794475
fam3875	0.02758805614369947	0.03160299856233313	0.014098930127026772	0.03889256038647343	0.0063	0.05449632840280572	1.229456231884058	0.2948	1.632823943729019	1352833	0.08281741184583612
fam1566	0.032356977379765214	0.03714354181643901	0.01492766128740055	0.041089595959595965	0.0042	0.06485638916088582	1.0018262626262626	0.1088	1.5321005166134645	454502	0.0783132248410026
fam1851	0.04133690622522525	0.04396984924623115	0.027494673367577396	0.01820418118466899	0.0106	0.027701585612880587	0.3835031358885017	0.2058	0.5873742207627494	785690	0.0454611254187076
fam2269	0.048789175568929505	0.04039479885774488	0.028033415089022514	0.044179613526570044	0.0076	0.06068625850112306	1.0622784541062802	0.1309	1.5450955297294342	1217371	0.0813216801268577
fam1277	0.029749836020005332	0.022727272727272724	0.03021260740342486	0.04476299516908213	0.0013	0.07115408586293773	1.0505674396135267	0.0653	1.5722102656493664	109287	0.0804195215391578
fam764	0.017244527226714716	0.016552716804605974	0.026175905187048005	0.031276908212560385	0.0009	0.04959752056786204	1.6713385507246379	0.0532	7.624038973334888	465225	0.07376678633160483
fam1159	0.055004559448553224	0.047332185886402756	0.03478211158059008	0.05334222222222222	0.0165	0.06815738912276074	10.785911313131313	0.3253	29.59804534625049	31064	0.09569150227457439
fam1385	0.030361689386683533	0.022985644344867644	0.023242013876759247	0.025708599033816427	0.003	0.037094823961086	2.0062157487922705	0.0958	9.706485573135184	220457	0.05924772765649003
fam302	0.031018103335094357	0.02909987669543773	0.038010948072755436	0.0470936231884058	0.0095	0.06718852154896184	22.397838647342994	0.2025	41.066936039861105	929815	0.08993175369986964
fam1025	0.04244267896201728	0.025870500782472616	0.060751481639433565	0.01658570048309179	0.0	0.02532544706325572	0.574431690821256	0.0368	0.9209869561464088	176792	0.04594915656925636
fam1060	0.06800990680195014	0.056032872618602916	0.056531954572566205	0.04394096618357488	0.0133	0.06046872919667398	1.1431139130434782	0.2074	1.6885590469147171	147823	0.07570699283927776
fam2873	0.015545506854125132	0.013513513513513514	0.02482493628706024	0.013155454545454547	0.0014	0.020625916950427044	2.466196666666667	0.1784	12.447316840741099	1828570	0.05259600839310984
fam3470	0.036907854752272595	0.02601020548889808	0.0332662040506051	0.024964541062801934	0.0042	0.037312008773348296	0.962016425120773	0.0919	1.4928383031861434	1753981	0.059576735949937246
fam1353	0.021148042329086746	0.0	0.032113858750452196	0.029180676328502415	0.0	0.047689233874763634	0.757423574879227	0.0841	1.1625528431207288	191682	0.07537126498479156
fam977	0.0488558885999649	0.042976053271865794	0.02968341203332292	0.0492559595959596	0.007	0.07044587964837057	5.404258282828284	0.0897	20.24720628263771	216069	0.08732809577254022
fam1045	0.024975300691886516	0.022322865912554463	0.019529416534797932	0.029011207729468597	0.0036	0.043797255886403104	1.335657004830918	0.145	2.029494987861581	161519	0.0663883489306092
fam461	0.0159597146593562	0.0	0.021034584147715623	0.021477070707070705	0.0	0.034588877021977237	0.6169449494949495	0.0691	0.9571603721582126	771347	0.056835016835016836
fam1055	0.016142956412059397	0.0	0.03330897655432877	0.025926376811594203	0.0	0.04147833110922865	0.9859725603864734	0.0527	1.4939920430175404	151813	0.08528268994962254
fam145	0.009233866023922063	0.0	0.012336043283964036	0.02016434782608696	0.0	0.03362584631673526	0.8501182608695652	0.0577	1.307108832524161	1115922	0.052577166132153345
fam1026	0.025450793037566633	0.0	0.0350297492869543	0.02669487922705314	0.0	0.043269201628022634	0.49318057971014495	0.054	0.7714884635751954	176233	0.053374485596707814
fam1020	0.07111051162134131	0.0971844230913449	0.06423842410724946	0.041096908212560394	0.0	0.06623765738717918	0.36061004830917875	0.0297	0.5768152196993499	178878	0.06411201179071482
fam45	0.011062500581283384	0.0062606715993170185	0.012912111770895273	0.04424550724637681	0.0034	0.06886269771668836	26.253719806763282	0.1948	43.543826608897646	1213335	0.09153305794767673
fam1375	0.0176198479701124	0.0009282828282828283	0.027361020552879596	0.028256811594202902	0.0017	0.03817270744522587	17.75967449275362	0.0525	37.29223271047367	210215	0.06979704592148371
fam3926	0.05764441534707365	0.04784816893878642	0.03470382777168868	0.046608585858585856	0.0111	0.06606639449704053	1.1064925252525253	0.1704	1.6589805048886783	1304028	0.08892979640643192
fam2871	0.05146706570081564	0.04615384615384615	0.03690108078469865	0.026794889663182345	0.0031	0.05981956374107466	0.5940585365853659	0.0757	1.34066845130254	1826342	0.04984442437016963
fam652	0.04982079230409293	0.037815126050420166	0.04960353711040553	0.04807806763285025	0.0036	0.0760461674682171	0.9708789371980676	0.1117	1.5009173942132892	567763	0.09810774084250728
fam595	0.029369643652573486	0.03046062407132244	0.036225697550443484	0.03735632850241545	0.0055	0.051411723376383396	15.439188212560385	0.2019	35.08658676202678	639076	0.0919126261896737
fam3918	0.03657104029223012	0.04407407407407407	0.03142512915377044	0.04871091787439613	0.003	0.07620046639534205	0.9947908212560385	0.1119	3.3196903673090716	1312929	0.08465742797700905
fam1035	0.028679857684483678	0.03182492174199572	0.02232687091711241	0.03319458937198068	0.0014	0.05054394873111716	0.9861185507246378	0.063	1.5233472280988185	172294	0.06696663701843422
fam2242	0.04024480252734706	0.023877205711310745	0.03515259788258273	0.014089082462253195	0.004	0.027737203731071813	0.6020910569105691	0.0719	1.2327570327858022	1183474	0.037509308376159525
fam1124	0.00759154661195295	0.0016444444444444445	0.020375813601494642	0.04383444444444445	0.0009	0.0702673355111952	27.280355454545454	0.1393	44.1429448728384	64697	0.08402420430722318
fam3753	0.0006448889787677416	0.0	0.0030786527962377176	0.026514202898550724	0.0	0.044585125454620435	26.70919526570048	0.0288	43.916177879539	1481533	0.060281616297794265
fam941	0.022940391036690475	0.02484472049689441	0.013533487266633799	0.043145990338164256	0.0021	0.06613777239995985	1.856695458937198	0.1199	7.665082266325323	252017	0.08155651488676467
fam3590	0.022901219805754117	0.018386416155932884	0.012837961979689023	0.019821352657004833	0.0051	0.025223332463926686	1.1285157487922708	0.1976	1.6041557554436507	1611809	0.06403056155137563
fam3923	0.06540577130019558	0.03934796642995481	0.04972088678920906	0.03188028985507246	0.0054	0.04708927196523111	3.2804917874396136	0.0588	15.417359659207307	1307132	0.06418790604697651
fam747	0.021315776999070793	0.02370689655172414	0.018046379437074846	0.03258985507246376	0.0022	0.051266693649549645	0.9333085024154589	0.152	1.3530296525149452	484149	0.06377873334395073
fam765	0.02708765377513797	0.027320772744916545	0.02214865950476929	0.03574434782608695	0.0	0.05608139921237832	1.3099936231884057	0.0229	6.251171594751804	464621	0.07270490941017486
fam1047	0.03557441527234921	0.028104335047759	0.025920121227682575	0.021140772946859905	0.0031	0.03280004888917121	0.6394095652173913	0.0379	1.028855737644667	157154	0.04958433159210819
fam838	0.017913302156993334	0.0	0.023097546173274846	0.04308141414141414	0.0	0.07656842083200668	0.8598186868686868	0.0774	1.4109262245688303	388506	0.0716113516113516
fam171	0.031020272848222317	0.027215862150359964	0.01996872393797975	0.03427020202020201	0.0036	0.0490204726450391	1.3238505050505052	0.0946	1.8243358071437994	1080005	0.0796546372350354
fam3467	0.07259219504341136	0.06719337834019837	0.057829376209333254	0.039589090909090914	0.0056	0.05658850386678044	0.6102741414141414	0.1031	0.9164903234777241	1755634	0.07481541876160709
fam159	0.07599768853454787	0.05637181409295352	0.058325473298402826	0.0445376811594203	0.0061	0.06501680191935809	0.815563961352657	0.1251	1.2400104677623303	1098462	0.07935835294085992
fam1453	0.022401437337675002	0.0	0.029544907405871543	0.04804579710144928	0.0	0.07898138256269252	0.861272463768116	0.1257	1.320441306469594	297241	0.078114290433131
fam1367	0.09266261941116014	0.0580110497237569	0.08840503712104524	0.040749595959595965	0.0031	0.06268763813212479	0.9897977777777778	0.0488	1.5906466295428001	203483	0.07112772749136385
fam998	0.07142442613685444	0.056591540598950295	0.059933604756669055	0.04883707070707071	0.0085	0.07154868081783743	3.522846464646465	0.1122	16.036877050548423	194107	0.08343362705064832
fam1205	0.04640270403420265	0.034692526980248425	0.044207277935228634	0.036633623188405795	0.0026	0.05711066255694957	1.1106812560386474	0.0975	1.7099270743486965	10635	0.07779543464135377
fam1102	0.010406951650860103	0.0012474747474747474	0.018089987529495	0.0337295652173913	0.0012	0.052515315229248974	22.62937729468599	0.1226	41.284215834752054	86607	0.07051019944573168
fam3847	0.035840889556795014	0.03724928366762177	0.021645308562492634	0.03928585858585858	0.0052	0.06589492417738743	0.8224747474747474	0.0841	1.3590429069451286	1382197	0.07520119898168677
fam1254	0.01585567499442295	0.001590909090909091	0.027306886378641804	0.03896989898989899	0.0017	0.06561506496601863	23.54343858585859	0.1515	41.980716423417554	62004	0.08920314253647586
fam361	0.04949998405080692	0.04144385026737967	0.032681855001457254	0.04305252525252525	0.0049	0.06844949556511026	1.137579090909091	0.10195	1.8393903529546434	856140	0.07426066057765032
fam1006	0.059924853831856355	0.043341213553979505	0.06112506733345245	0.028709756097560976	0.0041	0.0616904802378214	0.5717996515679442	0.1359	1.199060105904816	186749	0.04983976427065858
fam932	0.04041946018443269	0.0439819252362043	0.030658509849474283	0.04667507246376812	0.0068	0.07063475035935275	1.0927328502415459	0.1528	1.5722368614018731	263528	0.08199634120959173
fam245	0.06534088656875825	0.0644868301544051	0.026280916151487102	0.05414434343434343	0.0234	0.0640761181131294	1.1353772727272724	0.3265	1.5612665508641077	992371	0.10238474975317081
fam1373	0.03186013704292537	0.027318045862412765	0.04099601416819166	0.03352647342995169	0.0024	0.04549853715998537	1.780532270531401	0.0408	7.61628637054991	207940	0.07462362293280166
fam3915	0.016563658971470257	0.011293634496919919	0.02466781371713549	0.03856338164251208	0.0014	0.06193039557285963	22.335398937198065	0.0736	41.10249916028754	1314232	0.0853999869817093
fam379	0.021794571226094597	0.02509309939766564	0.02055914738538138	0.029038937198067633	0.0025	0.045374134887012973	1.1507772946859902	0.1036	1.745438478735268	839590	0.060893861968605495
fam613	0.03907131799533052	0.03154672516661167	0.031460258439820095	0.03462299516908212	0.0057	0.04981519210985747	2.67834309178744	0.1132	12.542082919944416	614472	0.07010008597798774
fam1695	0.044953529472942864	0.03997626640955277	0.05098622576753226	0.03481265700483092	0.0062	0.043228498206524975	0.8196175845410628	0.1124	1.1333657765518157	616381	0.11586457123055911
fam685	0.02073786227167331	0.015985790408525755	0.019856274851838347	0.04042154589371981	0.0036	0.05920997345096786	26.807517101449278	0.1393	43.85675995289773	532851	0.08838466638978147
fam2550	0.06347522503442217	0.05286493860845839	0.03395555987907562	0.04471162790697675	0.0156	0.07115969630791384	0.9200972314507198	0.2932	1.5381433815035612	1511974	0.08304541426650291
fam3754	0.07352029547987493	0.05601907032181168	0.04971412676365469	0.04459594202898551	0.0031	0.07040609549641125	1.1287499516908213	0.0252	1.8093980650974122	1479853	0.07836303210956311
fam3764	0.024320264800577078	0.0	0.025216651898167505	0.037666956521739126	0.0	0.06214877016294229	0.770344734299517	0.0254	1.2352114097597928	1467035	0.05961228787315743
fam535	0.029117086163988403	0.021152829190904283	0.02781980825442189	0.04383487922705314	0.0085	0.06310253025435923	1.374395845410628	0.5708	1.6694370653086081	708716	0.09002121087480744
fam1010	0.016354649254571415	0.021549213744903904	0.01671143331862147	0.02864753623188406	0.0	0.04575943060287059	0.9473347826086957	0.04	1.4782328032834389	183805	0.06115879492831794
fam1930	0.10778030245879323	0.08572256009267304	0.08784402677474952	0.037712775842044126	0.0296	0.02867602201554749	0.5316218350754937	0.3291	0.5830803211937574	874459	0.0785322637279529
fam554	0.042151451188510956	0.03646159288182635	0.022146738600921718	0.03433555555555555	0.0054	0.05387673874898806	0.9466156565656566	0.1287	1.5076466760904523	690047	0.07617879196826566
fam21	0.04559547736661806	0.03130148270181219	0.06981151751199559	0.04379217391304348	0.002	0.06912398960384422	1.0102193236714978	0.1082	1.5486229535569982	1239656	0.09046831226700196
fam3474	0.039844750367792954	0.03747534516765286	0.025819870249082798	0.030521313131313132	0.0038	0.046644980245617744	0.5986569696969697	0.1094	0.8765798677198943	1751475	0.06543665824915824
fam3815	0.04942532636442639	0.047520661157024795	0.04385245432042782	0.04817454545454545	0.0046	0.08057034105126167	0.9581079797979798	0.1392	1.5392080541127031	1418720	0.07681838464970994
fam3878	0.02952256927694652	0.024861878453038673	0.03895198167662938	0.033822415458937195	0.0016	0.05187459069123292	14.578232077294686	0.0496	34.366586550738305	1349612	0.06963193923180065
fam930	0.03943931515263279	0.02948150105340741	0.07158886141461543	0.04660628019323671	0.0025	0.07364871778963132	1.0719804830917874	0.076	1.6084706693112403	265753	0.07940078330971212
fam2226	0.04260720241400736	0.040498442367601244	0.025024041192344307	0.04706666666666667	0.0052	0.07726229822670776	0.9556335353535353	0.1711	1.4905226271706524	1166177	0.07504536894367402
fam1770	0.0656522908262592	0.04957333459054263	0.06516099034094561	0.058583961352657005	0.0088	0.08733886979772752	5.16412502415459	0.1167	19.611473037449056	707703	0.09453298618949438
fam562	0.07922590351939965	0.06219673577415086	0.09746232910244994	0.05567381642512078	0.016	0.06563674239403998	5.934701835748792	0.2329	21.658028099802447	682603	0.09959830829396046
fam3386	0.037344982022068075	0.032151794192484165	0.042209546316091064	0.05160492753623188	0.0134	0.06829532406928784	1.2351825120772948	0.474	1.3931981591366351	1852010	0.10740606548577562
fam3473	0.01784586448030653	0.012616958676809713	0.030062410364841783	0.013525151515151516	0.0	0.021038453099394616	0.748411111111111	0.1979	1.101982268073888	1752468	0.04761000316555872
fam1032	0.060898896455512545	0.04485488126649076	0.03880538626172133	0.03182202898550725	0.0035	0.04766129631994613	0.9433375845410629	0.061	1.4829663225131495	173856	0.06402951986886478
fam334	0.1438339994060137	0.072	0.15504294335594007	0.03397212543554007	0.0126	0.056860608858271953	0.5155264808362369	0.0669	0.8296095511359132	887040	0.05976980900761388
fam863	0.044273611463873354	0.04220858232160722	0.019767786606368194	0.04519314009661835	0.0083	0.06572786702507821	1.0879147826086957	0.1312	1.5927255916095366	355342	0.08118800560272132
fam3477	0.0649704414554176	0.04846766000677277	0.07405116580898649	0.03183826086956522	0.0038	0.04656441369825655	0.7363419323671498	0.0832	1.1674712100931082	1746900	0.06056644880174291
fam3469	0.03367123656566678	0.040914309571025986	0.034377520370000296	0.0292969696969697	0.004	0.049092434057870414	0.7421852525252526	0.0874	1.2093338343625497	1754904	0.05819191919191919
fam3475	0.032117546227807624	0.028955821423583633	0.025508620167281646	0.0188880193236715	0.0052	0.02618302417625052	0.6293901449275363	0.1099	0.9302478552579717	1748789	0.05213203747482708
fam1404	0.10783329869703967	0.07092198581560284	0.1764689667258862	0.046307149758454104	0.0135	0.05724187588364008	1.3216034782608697	0.1338	1.8744573347490907	244888	0.08603330593645107
fam3812	0.07015297618092844	0.08994112489039209	0.036761761609093016	0.03838850241545894	0.0	0.0635082470446538	0.4358269565217392	0.0	0.7103423798129815	1421683	0.0576336170539069
fam3561	0.0750354018157732	0.031712910760069865	0.12368986371813573	0.020321881606765325	0.0086	0.02472939458849035	1.0335640591966173	0.2728	1.5082926991323096	1644489	0.058126703817538296
fam1039	0.0077266734465386	0.0	0.009361763890327135	0.014312850241545895	0.0	0.023777742182072067	1.438829275362319	0.0234	8.143548555637881	170274	0.046509425026049066
fam1249	0.023199028189797077	0.01790123456790123	0.0330843885419548	0.03289256038647343	0.0019	0.05104251664092028	14.085991304347827	0.046	33.87787871713815	59047	0.06684721612257845
fam1092	0.026536276573471622	0.0008858585858585858	0.038008164694846	0.024074589371980672	0.0041	0.03636579352689896	17.502492077294683	0.0341	37.40119076784236	100362	0.05565771475074888
fam3869	0.017814490611998798	0.013579469416673227	0.019112755182513704	0.01037024154589372	0.0	0.01610487739124599	4.621776328502415	0.0	19.43892694049801	1361150	0.046521916087133484
fam2872	0.06189638052776756	0.05286671630677588	0.041295652106528344	0.03168646464646464	0.0071	0.0480556838062589	0.9905735353535354	0.0884	1.6544339374360122	1827715	0.06930917801564568
fam1128	0.07544545746433282	0.05981941309255079	0.07103979358371589	0.06209555555555555	0.0156	0.08315848955029978	1.0515827272727274	0.1945	1.4133472540818994	62124	0.10846409588547953
fam828	0.015348514795303502	0.013173757779560752	0.016923557634846657	0.03273169082125604	0.0024	0.04965419919913428	26.81942144927536	0.0773	43.84970778296283	399726	0.0745784591634394
fam3914	0.0382546485758854	0.036878919440424505	0.030452943633508086	0.04470959595959596	0.0091	0.06496747685828426	1.2606839393939393	0.2086	1.7842508024363004	1316585	0.0814798228591332
fam1022	0.13979307262749097	0.15116279069767444	0.10816328457789286	0.03381463414634147	0.0099	0.06689550691246168	12.487602206736351	0.043	32.7650566394841	177990	0.05151979490983385
fam973	0.017403434608482687	0.0	0.023131679506318507	0.04382694541231127	0.0	0.07502526693912778	0.8991480836236935	0.1078	1.3795488289098368	220281	0.07562057955448985
fam1295	0.03996695588093768	0.03199229312574569	0.035382725340349766	0.04009884057971015	0.0042	0.056321508909168115	1.2690314009661836	0.1068	1.802212980392478	125114	0.08052618169495215
fam831	0.02335729800985692	0.01788685524126456	0.026518394962948645	0.03763275362318841	0.0	0.06073502614332293	1.03404077294686	0.0606	5.407071711415142	396515	0.07268751589117722
fam3472	0.08327506609229708	0.06306638252270091	0.09911206029550233	0.034819494949494954	0.0059	0.05138705270399841	0.5303934343434343	0.0536	0.8662855675426261	1752818	0.06673755094807726
fam1634	0.030645657317918847	0.03326859362504284	0.016620098929388327	0.04426338164251208	0.005	0.0663865572080408	1.3298596135265701	0.1565	1.877121161226544	541746	0.08493150177244839
fam569	0.020947072231718593	0.008766437069505322	0.025672354291193904	0.048930917874396136	0.0	0.07898649704590417	0.9307721739130433	0.0852	1.3823525208715788	675960	0.08861187122056688
fam476	0.03810731213205685	0.018906699547883273	0.05707987557863351	0.0304910101010101	0.0035	0.05077933336466218	23.080082424242427	0.044050000000000006	41.765744417684786	756151	0.07810343875917646
fam1425	0.030334514254299456	0.02677376171352075	0.031312503996440144	0.03495739957716702	0.002	0.05769710342247268	20.148833932346726	0.0995	39.660942968857206	264280	0.07671196008230015
fam2553	0.03430364117670442	0.027906976744186046	0.05334497522507523	0.042893140096618355	0.0054	0.06207812797004592	22.927738164251206	0.1484	41.46215431251381	1514735	0.08323575027642349
fam3068	0.057447386906913214	0.03644939965694683	0.097984723340911	0.032131304347826094	0.0054	0.04656733886559671	1.1731300483091789	0.0799	1.812822848806543	2046150	0.07241231097066336
fam3746	0.051960467353301884	0.036179450072358905	0.03454414799717776	0.040974396135265705	0.0084	0.05693372493753914	1.2065210628019323	0.131	1.7327882363407259	1486670	0.08035055381696526
fam3803	0.026568022746052643	0.022893481717011128	0.028982198885744836	0.043612367149758455	0.0009	0.0698980365858097	1.1526467632850241	0.0602	1.7563963260937465	1430674	0.080793377173381
fam3798	0.03784001851715701	0.04641318315821302	0.0401056506066346	0.04125613526570048	0.0	0.06611444322124427	0.7943229951690821	0.1027	1.2096180261197063	1434021	0.06737464601032817
fam2562	0.03955290904019753	0.0	0.05242952941313577	0.017277932636469224	0.0	0.04324841300345229	0.18925389082462254	0.0	0.48748787306691077	1526827	0.031316650828845945
fam3482	0.06818072740535973	0.06007067137809187	0.04547181472044005	0.04021033816425121	0.0137	0.05035454720800621	1.0777330434782608	0.184	1.5796804785980247	1742338	0.07632007149421217
fam551	0.0190391905380901	0.015280202002444456	0.017176636998623748	0.045985700483091786	0.0024	0.07084260139446752	1.5802778743961357	0.3635	6.26065211674485	692571	0.09734811463889123
fam1390	0.03318909064850518	0.03465765004226543	0.013574658145817483	0.04601024154589372	0.0025	0.07080959330349519	1.255544541062802	0.0831	1.899274168102109	228267	0.0776863924336783
fam1008	0.07795875531364259	0.033025706304586115	0.059348139255796455	0.02521458937198068	0.0033	0.03836935509411946	0.7666165217391304	0.0275	1.2423051581548874	185484	0.05336810454163282
fam1363	0.00954518300807396	0.0008090909090909092	0.015393956619301567	0.03444589371980677	0.0	0.0565862712737377	9.62453381642512	0.2099	28.108794704077532	199543	0.07712209817472974
fam61	0.021587343235849585	0.017409470752089137	0.02355816309847907	0.03581191919191919	0.0012	0.056606039933232946	1.1147785858585857	0.0812	1.6855033260804628	1199953	0.07503735580658656
fam1923	0.07948772277009479	0.07275458740208177	0.02962627200886522	0.029296013289036544	0.0148	0.02675699855971366	0.3719337763012181	0.1902	0.33672285790265827	865076	0.07433540531675747
fam1279	0.02372319781396021	0.0	0.03579900279562144	0.029388599033816427	0.0	0.04882832101168238	0.482932077294686	0.1111	0.6914392084700538	109754	0.06081306325394807
fam2444	0.06603280426558053	0.05413459150732555	0.05504505401508322	0.030954703832752613	0.0045	0.06134889156665343	13.345068524970964	0.1714	33.63105748293543	1406813	0.06100188425706972
fam1210	0.026623635643497512	0.03151209579677122	0.016784662382565423	0.042713333333333325	0.017	0.05621857942409936	4.418333429951691	0.4089	17.510467737060896	15614	0.08895967156836722
fam1011	0.12632421993210916	0.06805074971164936	0.13734133030213994	0.01888202898550725	0.0059	0.024832676885383216	0.8122206763285024	0.0218	1.3085934074002243	183372	0.048221343873517786
fam3802	0.07227436439965511	0.06077241272664012	0.04678170151489567	0.04207314009661836	0.0047	0.065120326333135	0.7348417391304348	0.0655	1.1256375326090682	1432054	0.0668561144264469
fam3464	0.046458618792077064	0.04401579760746379	0.02446029653252615	0.04314270531400966	0.0055	0.06486749133653007	0.9171072463768116	0.1097	1.4086285141220631	1758747	0.07525645613407288
fam2207	0.045064938046811276	0.042291871849834885	0.01784394685061613	0.04880096618357488	0.0163	0.06098378686123103	1.7010329468599035	0.369	7.562417269933338	1149709	0.10470272489027817
fam3771	0.09648722478191006	0.054421508176630544	0.1024911844250232	0.043170202020202025	0.0088	0.06049124330116553	1.5661725252525254	0.0318	8.864270527953222	1461094	0.07743733632622522
fam946	0.01674895024811185	0.0017797979797979798	0.020013993901431854	0.04787565217391304	0.0052	0.07328043946476814	25.31406193236715	0.1193	43.01065256667029	245643	0.0849789530186174
fam3790	0.023418876128764816	0.021082220660576245	0.019835712352382306	0.0458575845410628	0.003	0.07339977272247819	2.023260193236715	0.0965	10.161983457710537	1443196	0.07897711375972247
fam313	0.05324333520002432	0.04807667333316017	0.02949965316850886	0.050219767441860456	0.0108	0.07542130533520353	2.8445467230443975	0.1202	13.48024685436526	912199	0.08187711263480206
fam1027	0.06647450546672407	0.06941838649155722	0.03761116857569765	0.03449734219269103	0.0036	0.06832386180979405	6.288485935769657	0.0594	23.39852719851952	175893	0.05496317390005097
fam3144	0.0504660717560437	0.03861193441589937	0.05746526033825021	0.03880222222222222	0.0064	0.05333012277373575	1.2408295959595959	0.1688	1.783195570035089	2100203	0.08317733317733318
fam304	0.07447791208621543	0.05408754286372936	0.08227676737913864	0.047410909090909094	0.0067	0.07499491230004023	0.8810151515151514	0.1047	1.4268794116698156	927510	0.07691955011103947
fam1381	0.012719107313054407	0.023213021939136592	0.011847640403421804	0.01766038647342995	0.0	0.029026189005100497	0.7580600966183575	0.0239	1.2117007997353215	215757	0.05437083045778698
fam305	0.09356154321313101	0.04566210045662101	0.08515734222455218	0.04177961352657005	0.0128	0.05419654301902435	4.954838937198067	0.0931	19.622791764580242	927031	0.08670130343633214
fam1083	0.024716200960371446	0.027874564459930314	0.017913851929039267	0.045207979797979796	0.004	0.07631550848492541	1.0869733333333336	0.1569	1.743673318779129	108295	0.07929348859581417
fam1209	0.01153626592005742	0.0	0.014787162591303292	0.021879710144927535	0.0	0.03614576787373156	0.7568816425120772	0.0834	1.1682338683998719	13683	0.05520635437587074
fam861	0.035128604799395974	0.03148371531966225	0.03334329837470957	0.036473913043478266	0.0015	0.05730375286503982	1.0897008695652175	0.0598	1.6830831263121078	357871	0.06960646063241659
fam1078	0.04200228016342891	0.03862660944206008	0.03991841658976695	0.03451178743961353	0.0096	0.045321684310997715	0.9605813526570048	0.2247	1.3089947628501746	114896	0.07199074074074073
fam3890	0.01996805321977361	0.019173157579388856	0.019777205464022216	0.04341458937198068	0.0011	0.0688881959816363	4.252515748792271	0.1745	17.53249759033506	1338135	0.0874841194701365
fam1065	0.06340338652323342	0.047368421052631574	0.07367082041204545	0.05037178743961353	0.006	0.07507328681000476	21.282695458937198	0.0727	40.384528155038176	142163	0.08886467376169893
fam550	0.05269849415876022	0.04501448292059184	0.03467089154408172	0.050614040404040404	0.0107	0.06888060079952422	1.163449494949495	0.2371	1.6320689298224091	693633	0.09268441995714723
fam549	0.02383717065432281	0.021329661479306854	0.044114641865253566	0.02482347826086956	0.0032	0.03559395730453911	1.1710353623188405	0.2024	1.631190273491737	694714	0.07012181390981437
fam3478	0.016396867534806226	0.01791958041958042	0.01233248546543925	0.01535777777777778	0.0041	0.022287299840764992	0.7320398067632851	0.1917	1.118076793841773	1746580	0.0551611949127477
fam3805	0.03279495477771157	0.026584867075664622	0.026685341917986712	0.04809169082125604	0.0026	0.0745766493388495	1.8357565217391305	0.1247	8.711611116218165	1429194	0.08688318107173036
fam638	0.06291455435081654	0.0464756229369322	0.050478831226489065	0.04484521739130436	0.0038	0.06909282689494173	0.971084347826087	0.0358	1.5056250342803246	587876	0.09962833866704716
fam3212	0.019385452773951137	0.02863312054074352	0.019195463145715803	0.030093429951690825	0.0	0.048198211277609	0.8857011594202897	0.0322	1.3959650202207128	2028300	0.05930626278452365
fam1076	0.02110374636607265	0.021998508575689784	0.015858622009785113	0.030482608695652176	0.0051	0.04414280040932288	1.259335072463768	0.3017	1.6626503486574364	117231	0.0747481071079531
fam310	0.12962170815972993	0.06595238095238096	0.15341108044135535	0.043354444444444445	0.0079	0.06332574512312057	6.081333131313131	0.0504	22.14506130627139	916624	0.07555031047493359
fam2270	0.061548891472139676	0.04505004093057646	0.08012800689022817	0.050976328502415465	0.0078	0.07266442843281	23.012777487922705	0.1987	41.53012274320935	1218605	0.08868690483290592
fam1043	0.008152811318680687	0.0	0.0133043138160068	0.015419227053140097	0.0	0.025565338615652793	0.6535261835748792	0.0794	1.0168741536530272	165495	0.047832528180354265
fam590	0.02079052868732106	0.01695230239283601	0.014872308749795003	0.03829314009661836	0.0026	0.05774808461423827	1.2072208695652173	0.1901	1.629201194530655	651568	0.07795130846550342
fam1030	0.06761926675989291	0.06574410806215462	0.06634701000905764	0.029880289855072465	0.0	0.049696764714661154	0.26287681159420295	0.0246	0.4829313364777161	174978	0.0479549114331723
fam811	0.051420229290124714	0.04757281553398058	0.022458542986107864	0.03654673311184939	0.013	0.05811295515528396	0.8378753045404208	0.2418	1.398998867003615	421282	0.06611687688040847
fam1171	0.04059616661217065	0.04991867884398849	0.04721748777222525	0.03912787878787878	0.0	0.0627283502879192	0.6980135353535354	0.0429	1.0609795601943177	20548	0.07030623697290364
fam1021	0.022639458194746234	0.026431718061674006	0.022892220967025315	0.02451381642512077	0.0023	0.03900174890696633	0.7569602898550725	0.0908	1.1839264556485158	178367	0.05587273703215733
fam1066	0.04695827972143722	0.02018348623853211	0.07564781399667324	0.029286267995570325	0.0011	0.06203737316877892	4.832711517165006	0.0616	20.04635188868497	141070	0.05474636751735687
fam541	0.024685735548924618	0.011335633316904879	0.03815463910361672	0.033889811738648946	0.0	0.06953530335201621	2.1526847176079738	0.0867	12.207805731340125	701976	0.06156051748263755
fam2241	0.055362486298024385	0.043641289577388234	0.04214276552600385	0.018257142857142857	0.0053	0.025765579695850343	0.7520783972125435	0.0956	1.3768924292804219	1182333	0.047792140525013245
fam637	0.02486518695053514	0.0226408572416177	0.022768350433779092	0.04829429951690821	0.0081	0.0714544975063243	22.41388	0.1855	41.057564761614394	588693	0.09008706569502443
fam24	0.09052611381687561	0.04667721518987341	0.07256218366765681	0.04404927536231884	0.019	0.05009647028707404	0.9642943961352656	0.0821	1.226716409202338	1236149	0.08867313915857604
fam3468	0.03467436483160629	0.04077967358423129	0.03402847957212433	0.031016908212560385	0.0046	0.04822180329629082	0.8039969082125604	0.1065	1.1693229045153684	1755203	0.07213430321876099
fam3786	0.03101506088469841	0.0009676767676767676	0.06308213733367735	0.025795169082125605	0.0017	0.04049322166507405	23.127738550724636	0.0407	41.69236560017087	1446296	0.06437434877332575
fam1357	0.019479714422482277	0.01273148148148148	0.014994315565399884	0.04176376811594203	0.0044	0.06426251814218935	1.9511787439613524	0.4038	8.700097875946328	195435	0.08793880837359098
fam3776	0.04156498083034013	0.03957915831663327	0.03973586058363681	0.05127333333333334	0.0158	0.06709679160346091	23.535604347826087	0.2537	41.80558695359971	1453252	0.09701055234878582
fam1448	0.055590551873763286	0.04447524253496283	0.04479544333748558	0.05183449275362319	0.0107	0.072628724428991	1.656128695652174	0.222	6.9829525096354415	291154	0.08790387132619525
fam615	0.047197622134643416	0.04702750665483585	0.03969934182301485	0.027834959349593496	0.0035	0.05913214141516689	0.6008610917537747	0.208	1.1280971340140444	612592	0.05429296892711528
fam844	0.04020660874466713	0.029833347724721525	0.029268829175051678	0.0405016425120773	0.0024	0.05992584457096704	1.9963068599033815	0.0913	8.246928451273623	375066	0.07867595192126643
fam1184	0.07391141291743114	0.05823863636363636	0.05994986352448393	0.039605813953488375	0.0043	0.065000341989857	0.6898823467230444	0.0421	1.21247796239653	6765	0.06379956233077409
fam3851	0.028947813661811313	0.04773479170886503	0.02346439028867339	0.0383071497584541	0.0	0.06309352315298933	0.8127568115942029	0.0	1.307628978713194	1376946	0.07435209270958064
fam383	0.026471500315893823	0.027426160337552744	0.020107230171344855	0.03260048309178744	0.0026	0.0502361048614508	1.2055016425120773	0.116	1.8054143359065307	834655	0.07167359472718422
fam3887	0.042091924844099876	0.019479073909171862	0.06224315057003825	0.018918454106280194	0.0015	0.030038544602916772	1.0003137198067633	0.0693	1.5611126368561186	1341148	0.059209133003753196
fam3481	0.0650848399024385	0.06457925636007829	0.034818218611878886	0.044442898550724634	0.0099	0.06270660980580543	0.940655265700483	0.1165	1.4579633589621301	1743584	0.07390261703680535
fam3856	0.07938418044107948	0.05583021825636079	0.06486755007600666	0.05440473429951691	0.0112	0.07590696598358272	1.292565120772947	0.1363	5.457220374791942	1374429	0.09040526033279658
fam618	0.03178316847985393	0.0	0.04395073451626436	0.027997971014492754	0.0	0.04649327961139453	0.374592077294686	0.137	0.5267968241067152	610528	0.0622569057351666
fam365	0.038171215770616475	0.032510535821794105	0.030016143953079315	0.028828455284552846	0.0027	0.0653325124345089	0.5699170731707317	0.1047	1.1245230674781146	852624	0.05456153017128627
fam1003	0.052094240165205544	0.05056818181818182	0.05124926102435189	0.028936714975845407	0.0027	0.04473025999540943	0.6060576811594204	0.0522	0.9687207832347521	189279	0.05546115830973402
fam22	0.04352405979476313	0.024483004516282384	0.033346775918797464	0.027313623188405797	0.0117	0.0338604381741574	1.8425542028985507	0.1841	8.196506045342282	1238242	0.07388014475438506
fam633	0.03575580527924637	0.026804123711340208	0.0455318529821842	0.04705236714975845	0.0035	0.07263192589108325	1.1133934299516908	0.1269	1.592272172372976	593017	0.08144158870547942
fam1454	0.050002067280717315	0.036544850498338874	0.0576026875106381	0.03345010101010101	0.0054	0.05183281920226261	1.5228178787878788	0.1476	7.139606256195691	298543	0.07931882931882932
fam3104	0.005712534138873353	0.0	0.009995982746394185	0.032193526570048314	0.0	0.051197040284962914	19.957968212560388	0.0881	39.29262401057665	2141267	0.07702258148520166
fam1012	0.029332504399760394	0.0376667450690501	0.02521443927510437	0.03112685990338164	0.0	0.0511576972102889	0.6921106280193237	0.0	1.155986360927468	182983	0.05785056884385269
fam290	0.029709032073439886	0.023617722457983804	0.028142766671788187	0.04770628019323672	0.0079	0.07206990587297758	1.6412167149758454	0.1468	8.143931776064855	945529	0.08854591463287115
fam3919	0.013267219432550369	0.0	0.02061570419339429	0.03067010101010101	0.0	0.055128233018548425	0.7629754545454545	0.0933	1.1737249061628605	1312471	0.0708853238265003
fam3755	0.013405353560424734	0.006955810147299508	0.020851861111440804	0.03198328502415459	0.0011	0.05041582855531347	21.537299516908217	0.0672	40.48676993674033	1478560	0.07593556981954705
fam2685	0.0408023048145503	0.040141441306838	0.02620249289579692	0.04610753623188406	0.0049	0.06949984715666224	1.170324927536232	0.1151	1.741053165017446	1660061	0.0843657183753802
fam1411	0.029094153281327438	0.031825795644891124	0.019490649531638798	0.04093949494949495	0.0038	0.061889227744867166	1.2886110101010102	0.11	4.676437966821034	251078	0.07783624021566143
fam845	0.038207953068928796	0.03131749460043196	0.03551747238925339	0.04337484848484848	0.0047	0.06416255605666374	1.8413407070707069	0.1649	8.35213638679988	373584	0.08617356359291843
fam1198	0.08101152211497292	0.043137254901960784	0.07158173434468966	0.04485272727272727	0.005050000000000001	0.06444595345562364	5.056428585858586	0.0532	19.352143874259028	5248	0.0803536419042748
fam3476	0.05962000227989372	0.05796178343949045	0.03369312578743329	0.040389855072463766	0.0075	0.056749373943455673	1.0811244444444443	0.1171	1.6845227106332477	1747246	0.0803746796398358
fam830	0.006688424785644349	0.0009272727272727273	0.009046703737943309	0.026064444444444442	0.0014	0.04057320778430946	26.767584251207726	0.0975	43.880782623820295	396832	0.06119933689795168
fam2548	0.06490015510665723	0.057721139430284854	0.05956229916544178	0.04128572938689218	0.0126	0.05594608924721947	19.117482875264272	0.1935	38.72924336396906	1508802	0.08590955629130267
fam3504	0.04027130439414486	0.037693515817814674	0.01372791770677573	0.0392736231884058	0.0079	0.054678565070572706	1.0720657004830918	0.1845	1.514069876195378	1713157	0.084717249218528
fam1772	0.02482777051545976	0.02271918811466834	0.019537764414971306	0.040671207729468604	0.0037	0.06170245011139443	12.052575942028986	0.1566	31.363019506778077	709306	0.09631349837774815
fam2981	0.04964045460023595	0.03613288359338979	0.04457679995515472	0.038934646464646464	0.0035	0.061401399168296705	1.3620337373737372	0.1086	5.640054682204396	1944588	0.07620671212728976
fam59	0.053441466895215006	0.028226911482597972	0.07636490495475802	0.04555222222222223	0.0056	0.06635956486142056	21.54529393939394	0.0978	40.44249320044205	1201770	0.09142026323844506
fam1924	0.07701694193046041	0.06697025194278076	0.050776912233076496	0.03917515151515152	0.0126	0.05158998306115026	0.6829549494949495	0.179	1.0815843963907332	865697	0.06603236667752797
fam1474	0.19345979399308158	0.14608124743537135	0.163878641144054	0.03257666666666667	0.0175	0.03506726913585466	0.6093079797979798	0.1344	0.9928956815351098	321957	0.05646758850642346
fam3019	0.019681530142643514	0.019656820156385754	0.020439152215592688	0.0306830866807611	0.0033	0.04238844592797787	23.249559196617334	0.1707	41.583692434419106	1995212	0.07191350149449588
fam1350	0.04216047393576711	0.03719680536383357	0.028807859260480132	0.04252057971014493	0.0045	0.06403823640141151	1.381884154589372	0.0923	4.637000701542584	189015	0.08203859296118045
fam1034	0.09122996788590021	0.08521717043434088	0.06309051696727211	0.03934888888888889	0.0045	0.05967248199514651	0.4952012560386473	0.0199	0.8106492206053045	173197	0.0680508445540823
fam1	0.052379342522154655	0.0417880945743899	0.05407253797058878	0.048429661835748795	0.0135	0.06847252743907813	1.173800193236715	0.2417	1.680801727586838	1257564	0.08253606057491349
fam2356	0.03861907883295544	0.039471413426690666	0.038032999619022165	0.040934040404040396	0.004	0.06678131416840323	1.0230953535353535	0.0859	1.6715211843213282	1314733	0.07372840426119115
fam1635	0.06454470444533109	0.060196560196560195	0.03990396157280969	0.04381417497231452	0.0168	0.06456375439496163	6.555488815060908	0.2259	23.338410905962878	542764	0.08473052027459148
fam2795	0.06474144614806472	0.02900658130377856	0.08859012362225821	0.04014376811594203	0.0032	0.06116085457759077	18.98479198067633	0.0449	38.44349789237734	1747878	0.07962852668034323
fam1024	0.0279045085692531	0.0012606060606060606	0.03495238394677781	0.034144057971014496	0.0029	0.05347839069620154	23.092593333333333	0.0692	41.71024194190436	177007	0.07022641877714342
fam2389	0.06303056597967512	0.04861358155718466	0.03680147210608867	0.0484369696969697	0.0099	0.07066090704736713	1.0396265656565655	0.1573	1.5453840986940062	1348046	0.08582472772416906
fam1542	0.03018661647235516	0.03232125367286973	0.02257197106261909	0.03757	0.0075	0.0561974459231274	11.750869393939395	0.2373	31.0291686291682	430262	0.09441997063142439
fam1038	0.05936905137511535	0.03541300527240773	0.07691718923119732	0.03487236714975846	0.0037	0.05372833678445347	1.0197984541062801	0.0956	1.6483517088636006	170672	0.06259698433611477
fam1995	0.07132123860119606	0.0584518167456556	0.05088934382920715	0.024585249709639954	0.0081	0.04146152607898402	12.13034111498258	0.0967	32.20181754063726	945738	0.050072324669535394
fam1841	0.03234369818523929	0.031063907842947075	0.013780822059567236	0.04727024154589372	0.0042	0.07228490466851863	1.1779941062801933	0.1501	1.7092684529429933	775432	0.08397120884002443
fam3868	0.01957431729391239	0.0	0.028291340421969284	0.023062950058072008	0.0	0.05671514031242773	0.5056243902439025	0.0335	1.1649627859886553	1361425	0.041627404144661394
fam1053	0.12092902612815865	0.12173755983021765	0.04658730673765351	0.044975942028985506	0.0087	0.06577235936898435	0.34950840579710146	0.0	0.5914874985524506	154165	0.06414933123007657
fam2806	0.007585888630918117	0.0013747474747474748	0.014266196056185874	0.0392920202020202	0.0	0.06262372083380464	21.38288181818182	0.0198	40.401401862412825	1760304	0.09232265180541042
