fam	avg_dnds	med_dnds	SDdnds	dn	med_dn	SDdn	ds	med_ds	SDds	loc	Pi
fam393	nan	nan	nan	0.0	0.0	0.0	0.0	0.0	0.0	479232	0.0
fam158	nan	nan	nan	0.0	0.0	0.0	0.0	0.0	0.0	185700	0.0
fam680	nan	nan	nan	0.0	0.0	0.0	0.0	0.0	0.0	302812	0.0
fam425	0.24922600619195046	0.18421052631578946	0.08803137590162805	0.0007749999999999999	0.0007	0.00047103609203541925	0.0025785714285714288	0.0038	0.0022830676641710985	529020	0.0010333994708994708
fam98	0.0	0.0	0.0	0.0	0.0	0.0	0.001	0.0	0.0017320508075688774	112325	0.00016371971185330712
fam657	0.15873015873015875	0.2222222222222222	0.10038976698947236	0.0007499999999999998	0.0014	0.0006982120021884469	0.001575	0.0	0.002727980021920982	342059	0.0008818342151675487
fam265	0.0	0.0	0.0	0.0	0.0	0.0	0.0026285714285714285	0.0046	0.0022764096328048104	328161	0.0004378762999452655
fam443	0.17922685127002083	0.2054794520547945	0.1327448193749949	0.0011107142857142856	0.0015	0.0008363779416175978	0.006317857142857143	0.0072	0.0036910174334291016	552030	0.08506907917806297
fam355	nan	nan	nan	0.000275	0.0	0.00047631397208144124	0.0	0.0	0.0	421067	0.00023540489642184556
fam519	nan	nan	nan	0.0008678571428571428	0.0009	0.0007787598068305104	0.0	0.0	0.0	531446	0.0007510013351134847
fam321	0.0	0.0	0.0	0.0	0.0	0.0	0.003525	0.0	0.006105479096680293	392421	0.0006127450980392158
fam346	nan	nan	nan	0.0	0.0	0.0	0.0	0.0	0.0	411454	0.0
fam643	nan	nan	nan	0.0	0.0	0.0	0.0	0.0	0.0	363849	0.0
fam62	0.0	0.0	0.0	0.0	0.0	0.0	0.0013000000000000002	0.0	0.00225166604983954	59606	0.000275027502750275
fam494	nan	nan	nan	0.0	0.0	0.0	0.0	0.0	0.0	555141	0.0
fam651	nan	nan	nan	0.0004285714285714285	0.0004	0.0003410667538946663	0.0	0.0	0.0	350702	0.00036469730123997083
fam870	0.235315253406953	0.24829416224412437	0.023956003945702273	0.04705714285714286	0.0605	0.030216214055316968	0.20044285714285714	0.2638	0.12730188930415826	38861	0.0781971651536869
fam150	0.0	0.0	0.0	0.0	0.0	0.0	0.002785714285714285	0.0052	0.002593358865271375	178274	0.0005161023947151115
fam508	0.0	0.0	0.0	0.0	0.0	0.0	0.0035	0.0	0.006062177826491072	542070	0.0005668934240362813
fam155	0.0	0.0	0.0	0.0	0.0	0.0	0.012571428571428572	0.022	0.010887176504718656	182441	0.0024110910186859553
fam179	nan	nan	nan	0.0	0.0	0.0	0.0	0.0	0.0	210897	0.0
fam119	0.31115459882583174	0.2465753424657534	0.16660506186921928	0.0017142857142857148	0.0018	0.001192450743431444	0.001825	0.0	0.0031609927238132013	138415	0.0017150928167877322
fam43	nan	nan	nan	0.0017714285714285711	0.0031	0.0015341021438467198	0.0	0.0	0.0	36467	0.0014267879436418763
fam174	nan	nan	nan	0.0	0.0	0.0	0.0	0.0	0.0	205775	0.0
fam839	nan	nan	nan	0.0	0.0	0.0	0.0	0.0	0.0	83022	0.0
fam317	0.0	0.0	0.0	0.0	0.0	0.0	0.020100000000000003	0.0248	0.01316510539266587	390711	0.002933057280883368
fam645	0.0	0.0	0.0	0.0	0.0	0.0	0.003385714285714286	0.0	0.003909486108512609	361277	0.0005370569280343716
fam124	nan	nan	nan	0.0	0.0	0.0	0.0	0.0	0.0	143433	0.0
fam732	nan	nan	nan	0.0	0.0	0.0	0.0	0.0	0.0	226300	0.0
fam531	nan	nan	nan	0.0	0.0	0.0	0.0	0.0	0.0	511176	0.0
fam507	0.08107985666125202	0.06563706563706563	0.07727542163187785	0.0009107142857142856	0.0017	0.0008478288598002572	0.01442142857142857	0.0169	0.00980034099781581	542510	0.00306263584271883
fam646	nan	nan	nan	0.0	0.0	0.0	0.0	0.0	0.0	359174	0.0
fam504	nan	nan	nan	0.0	0.0	0.0	0.0	0.0	0.0	544826	0.0
fam363	0.08035714285714284	0.0	0.09278843611976127	0.0003214285714285714	0.0006	0.0002992337152236201	0.0008000000000000001	0.0	0.001385640646055102	434233	0.00039502980679451263
fam233	nan	nan	nan	0.0	0.0	0.0	0.0	0.0	0.0	287785	0.0
fam231	nan	nan	nan	0.0	0.0	0.0	0.0	0.0	0.0	286839	0.0
fam530	0.0	0.0	0.0	0.0	0.0	0.0	0.005303571428571428	0.0099	0.004937356301189733	511914	0.0008840169731258841
fam229	0.032467532467532464	0.0	0.07952888775270059	0.000125	0.0	0.00021650635094610965	0.00055	0.0	0.0009526279441628825	285756	0.00018896447467876045
fam488	0.18333333333333335	0.22	0.08198915917499229	0.0005892857142857143	0.0011	0.000548595144576637	0.0021428571428571425	0.0	0.0024743582965269673	562583	0.0008758271701050991
fam116	nan	nan	nan	0.0008535714285714284	0.0008	0.0007925916543922507	0.0	0.0	0.0	134832	0.0007268170426065161
fam69	0.0	0.0	0.0	0.0	0.0	0.0	0.0028	0.0049	0.002424871130596428	69820	0.000586080586080586
fam222	nan	nan	nan	0.0	0.0	0.0	0.0	0.0	0.0	276202	0.0
fam498	nan	nan	nan	0.0	0.0	0.0	0.0	0.0	0.0	549681	0.0
fam74	nan	nan	nan	0.0	0.0	0.0	0.0	0.0	0.0	75823	0.0
fam868	0.37188038518029093	0.3775344000833941	0.1193552453718258	0.008657142857142856	0.0127	0.0063733501266394176	0.02152857142857143	0.0241	0.01479350381424363	41637	0.016618728028124
fam835	nan	nan	nan	0.0	0.0	0.0	0.0	0.0	0.0	87611	0.0
fam93	nan	nan	nan	0.0	0.0	0.0	0.0	0.0	0.0	107607	0.0
fam817	0.0	0.0	0.0	0.0	0.0	0.0	0.002410714285714286	0.0045	0.002244252864177151	106631	0.0005002000800320128
fam287	0.0	0.0	0.0	0.0	0.0	0.0	0.0025178571428571424	0.0047	0.002343997435918358	358788	0.0003873566780291292
fam225	0.0	0.0	0.0	0.0	0.0	0.0	0.010553571428571428	0.0197	0.00982484031650886	280306	0.0016233766233766233
fam262	nan	nan	nan	0.0	0.0	0.0	0.0	0.0	0.0	324826	0.0
fam271	nan	nan	nan	0.0	0.0	0.0	0.0	0.0	0.0	335911	0.0
fam374	nan	nan	nan	0.0007999999999999998	0.0014	0.0006928203230275508	0.0	0.0	0.0	446152	0.0006435006435006435
fam44	nan	nan	nan	0.0	0.0	0.0	0.0	0.0	0.0	37160	0.0
fam518	nan	nan	nan	0.0	0.0	0.0	0.0	0.0	0.0	533173	0.0
fam258	0.0	0.0	0.0	0.0	0.0	0.0	0.0025785714285714288	0.0038	0.002283067664171098	319893	0.0004802345566676776
fam581	0.06931262582686225	0.08196721311475409	0.07205534210454902	0.0004285714285714286	0.0	0.0004948716593053935	0.005	0.0061	0.004008384070562958	441714	0.0010469011725293134
fam833	0.0	0.0	0.0	0.0	0.0	0.0	0.004392857142857144	0.0082	0.004089527441389476	89984	0.0009373828271466068
fam794	nan	nan	nan	0.00047500000000000005	0.0	0.0008227241335952167	0.0	0.0	0.0	146322	0.0003949447077409162
fam162	0.05714285714285715	0.0	0.09035079029052512	0.0004285714285714286	0.0	0.0004948716593053935	0.00125	0.0	0.002165063509461096	190517	0.0005726341169379144
fam254	nan	nan	nan	0.000475	0.0	0.0005629165124598851	0.0	0.0	0.0	314391	0.00038337368845843425
fam475	0.0	0.0	0.0	0.0	0.0	0.0	0.00385	0.0047	0.0030878217009961666	580077	0.0005368814192343603
fam796	nan	nan	nan	0.0	0.0	0.0	0.0	0.0	0.0	143153	0.0
fam15	nan	nan	nan	0.0	0.0	0.0	0.0	0.0	0.0	3746	0.0
fam462	nan	nan	nan	0.0	0.0	0.0	0.0	0.0	0.0	597056	0.0
fam17	0.0	0.0	0.0	0.0	0.0	0.0	0.00657142857142857	0.0065	0.00432103303975013	6270	0.0008503401360544217
fam90	0.06232686980609418	0.0	0.07051480366403244	0.00038571428571428567	0.0	0.00044538449337485416	0.004682142857142858	0.0057	0.0037481475016169726	102956	0.0010016025641025642
fam603	nan	nan	nan	0.0	0.0	0.0	0.0	0.0	0.0	413450	0.0
fam300	0.0	0.0	0.0	0.0	0.0	0.0	0.003142857142857144	0.0055	0.002721794126179664	378140	0.0005365526492287054
fam576	nan	nan	nan	0.0	0.0	0.0	0.0	0.0	0.0	448290	0.0
fam200	nan	nan	nan	0.0	0.0	0.0	0.0	0.0	0.0	241926	0.0
fam698	0.1185425101214575	0.12	0.1137760451251839	0.000225	0.0	0.0003897114317029974	0.0018750000000000001	0.0	0.0021263021220620827	275627	0.0005319148936170213
fam274	0.0	0.0	0.0	0.0	0.0	0.0	0.0030357142857142853	0.0029	0.002292723627621319	340647	0.0005523809523809524
fam563	0.17829944811877568	0.20338983050847456	0.10526550815426924	0.001157142857142857	0.0012	0.0008165382378538992	0.006071428571428572	0.0059	0.0036957366502167193	470141	0.00196078431372549
fam463	0.27027027027027023	0.2702702702702703	5.551115123125783e-17	0.0004285714285714286	0.0	0.0004948716593053936	0.0015857142857142858	0.0	0.001831025139429956	595324	0.0006968641114982577
fam647	nan	nan	nan	0.0	0.0	0.0	0.0	0.0	0.0	357767	0.0
fam802	0.0	0.0	0.0	0.0	0.0	0.0	0.0013000000000000002	0.0	0.00225166604983954	137226	0.0002620545073375262
fam444	0.21054964539007093	0.19148936170212766	0.1465975829769102	0.0008892857142857143	0.0009	0.0006455005177126871	0.002375	0.0	0.002693195791513972	553374	0.0011538894517617924
fam185	nan	nan	nan	0.0021464285714285713	0.0013	0.0017290546845142914	0.0	0.0	0.0	217974	0.004761904761904763
fam803	0.0	0.0	0.0	0.0	0.0	0.0	0.00475	0.0	0.008227241335952167	136877	0.0007507507507507506
fam460	nan	nan	nan	0.0004285714285714286	0.0	0.0004948716593053935	0.0	0.0	0.0	598746	0.00032992411745298586
fam526	nan	nan	nan	0.0	0.0	0.0	0.0	0.0	0.0	513948	0.0
fam789	0.0	0.0	0.0	0.0	0.0	0.0	0.006214285714285716	0.0	0.007175639059928207	151394	0.001142857142857143
fam625	nan	nan	nan	0.0	0.0	0.0	0.0	0.0	0.0	380886	0.0
fam348	0.2543280031716665	0.2127659574468085	0.25239557976517935	0.0014035714285714283	0.001	0.001051693241144673	0.0011607142857142858	0.0	0.0020105683783650913	413716	0.0013528138528138528
fam484	1.2935064935064935	1.4025974025974026	0.28138394938079664	0.006749999999999999	0.0072	0.004042850832907746	0.004125	0.0077	0.003840166012036459	567863	0.006211180124223602
fam41	0.0	0.0	0.0	0.0	0.0	0.0	0.004821428571428572	0.009	0.004488505728354302	35022	0.0010032102728731943
fam578	nan	nan	nan	0.0	0.0	0.0	0.0	0.0	0.0	447069	0.0
fam399	0.08380040267725962	0.0	0.11347522804436619	0.0004714285714285714	0.0	0.0005443588252359329	0.0031464285714285717	0.0046	0.0027891988279864196	496163	0.0009947375176485689
fam457	nan	nan	nan	0.0	0.0	0.0	0.0	0.0	0.0	601316	0.0
fam524	0.2337428828288882	0.3191489361702128	0.10460062581558374	0.0015000000000000002	0.0015	0.0011338934190276819	0.007414285714285714	0.0094	0.005571465201344789	515124	0.002886002886002887
fam821	nan	nan	nan	0.0	0.0	0.0	0.0	0.0	0.0	103065	0.0
fam318	nan	nan	nan	0.0	0.0	0.0	0.0	0.0	0.0	390996	0.0
fam608	nan	nan	nan	0.0	0.0	0.0	0.0	0.0	0.0	407600	0.0
fam36	0.0	0.0	0.0	0.0	0.0	0.0	0.0024428571428571424	0.0	0.002820768458040743	29279	0.0004302925989672978
fam352	nan	nan	nan	0.0	0.0	0.0	0.0	0.0	0.0	416542	0.0
fam751	0.0	0.0	0.0	0.0	0.0	0.0	0.0054857142857142865	0.0	0.006334357239109038	199206	0.0008928571428571429
fam283	nan	nan	nan	0.0	0.0	0.0	0.0	0.0	0.0	353282	0.0
fam720	nan	nan	nan	0.0	0.0	0.0	0.0	0.0	0.0	247105	0.0
fam252	nan	nan	nan	0.0	0.0	0.0	0.0	0.0	0.0	312238	0.0
fam611	0.0	0.0	0.0	0.0	0.0	0.0	0.004653571428571429	0.00555	0.0030939436395800686	400616	0.0009097525473071323
fam278	0.0	0.0	0.0	0.0	0.0	0.0	0.0026285714285714285	0.0046	0.0022764096328048104	345490	0.0003463203463203463
fam709	nan	nan	nan	0.0	0.0	0.0	0.0	0.0	0.0	258648	0.0
fam743	nan	nan	nan	0.0	0.0	0.0	0.0	0.0	0.0	205540	0.0
fam798	0.0	0.0	0.0	0.0	0.0	0.0	0.0033499999999999997	0.0	0.005802370205355739	142216	0.0005341880341880342
fam785	0.0	0.0	0.0	0.0	0.0	0.0	0.0031607142857142862	0.0059	0.0029424648663655983	155723	0.000689464975179261
fam112	nan	nan	nan	0.0	0.0	0.0	0.0	0.0	0.0	128661	0.0
fam295	0.4605263157894737	0.39473684210526316	0.21819899936548684	0.000625	0.0005	0.0004932581184618976	0.0010857142857142856	0.0019	0.0009402561526802476	373222	0.0007059800664451827
fam513	nan	nan	nan	0.0	0.0	0.0	0.0	0.0	0.0	538147	0.0
fam491	0.0	0.0	0.0	0.0	0.0	0.0	0.0034107142857142856	0.0028	0.0025432458571274462	557709	0.0005072204320324621
fam722	nan	nan	nan	0.0	0.0	0.0	0.0	0.0	0.0	244592	0.0
fam703	0.0	0.0	0.0	0.0	0.0	0.0	0.0035321428571428565	0.0043	0.0028275498696408736	267636	0.0006323545584515563
fam115	1.3332065702993527	0.7916666666666667	0.8572917048338897	0.004121428571428572	0.0044	0.0024904613948390514	0.0031285714285714285	0.0024	0.0036367034859743456	133220	0.003897392290249433
fam497	0.0	0.0	0.0	0.0	0.0	0.0	0.002575	0.0	0.004460030829489859	551580	0.00034722222222222224
fam619	0.0	0.0	0.0	0.0	0.0	0.0	0.004049999999999999	0.0027	0.0031037419811759943	387951	0.0008635578583765112
fam213	nan	nan	nan	0.0	0.0	0.0	0.0	0.0	0.0	263324	0.0
fam873	0.2218682820192753	0.17609667523123718	0.10845738339193488	0.04563571428571428	0.0589	0.029013632439715966	0.22452857142857144	0.2023	0.16383093388600084	36253	0.07038640371973705
fam26	0.0	0.0	0.0	0.0	0.0	0.0	0.0035285714285714287	0.0	0.004181665521130575	15834	0.0008255126868265554
fam277	nan	nan	nan	0.0	0.0	0.0	0.0	0.0	0.0	343737	0.0
fam510	nan	nan	nan	0.0006964285714285713	0.0013	0.0006483397163178437	0.0	0.0	0.0	540538	0.0006053268765133173
fam422	nan	nan	nan	0.0	0.0	0.0	0.0	0.0	0.0	525043	0.0
fam610	0.0	0.0	0.0	0.0	0.0	0.0	0.010342857142857143	0.0181	0.008957177033427622	401989	0.002048131080389145
fam659	nan	nan	nan	0.0004857142857142856	0.0004	0.00045017003590253513	0.0	0.0	0.0	337371	0.00040465747702589806
fam775	nan	nan	nan	0.0	0.0	0.0	0.0	0.0	0.0	173091	0.0
fam130	0.7218366778149387	1.2463768115942027	0.6688861619124697	0.010835714285714285	0.0	0.018768138165627446	0.011346428571428572	0.0	0.013516827664139275	149942	0.11539264828738513
fam148	nan	nan	nan	0.0	0.0	0.0	0.0	0.0	0.0	176277	0.0
fam786	0.0	0.0	0.0	0.0	0.0	0.0	0.002142857142857143	0.0	0.0024743582965269673	154833	0.00048426150121065375
fam329	0.0	0.0	0.0	0.0	0.0	0.0	0.006803571428571427	0.0127	0.0063337803055666265	395388	0.0010032102728731943
fam246	nan	nan	nan	0.0	0.0	0.0	0.0	0.0	0.0	304567	0.0
fam890	nan	nan	nan	0.0027678571428571427	0.0029	0.0015482832823643673	0.0	0.0	0.0	19199	0.0023124357656731757
fam48	nan	nan	nan	0.0	0.0	0.0	0.0	0.0	0.0	42390	0.0
fam65	nan	nan	nan	0.0	0.0	0.0	0.0	0.0	0.0	64705	0.0
fam2	nan	nan	nan	0.0	0.0	0.0	0.0	0.0	0.0	8468	0.0
fam68	0.3248931151407931	0.25	0.09536049713629036	0.0006249999999999998	0.0007	0.0006098155458825234	0.0019071428571428568	0.0028	0.0016980931682811944	68783	0.0008696660482374769
fam60	0.0	0.0	0.0	0.0	0.0	0.0	0.003557142857142857	0.0	0.004107434772234766	56503	0.0005473453749315817
fam320	nan	nan	nan	0.0	0.0	0.0	0.0	0.0	0.0	391994	0.0
fam88	nan	nan	nan	0.0	0.0	0.0	0.0	0.0	0.0	99194	0.0
fam778	0.0	0.0	0.0	0.0	0.0	0.0	0.0020142857142857146	0.0	0.0023258967987353496	166290	0.00030921459492888067
fam400	nan	nan	nan	0.0006107142857142857	0.0009	0.0005407265520405233	0.0	0.0	0.0	497721	0.0005117431588019825
fam248	0.0	0.0	0.0	0.0	0.0	0.0	0.0021714285714285715	0.0032	0.0019225832961440826	306849	0.0004625572110234687
fam630	0.2680467496753495	0.2641509433962264	0.05798933063294718	0.0007785714285714286	0.001	0.0006137456097353265	0.0029214285714285718	0.0026	0.0022789968254941133	374464	0.0011057498994772818
fam357	nan	nan	nan	0.0	0.0	0.0	0.0	0.0	0.0	423458	0.0
fam886	0.11673299982228628	0.08418818535550054	0.07787810939371628	0.04255357142857142	0.0708	0.03364174152684703	0.5327214285714287	0.8481	0.4527515057615908	23740	0.08868619390202123
fam771	0.0	0.0	0.0	0.0	0.0	0.0	0.0039	0.0	0.004503332099679081	176484	0.000543183052688756
fam631	nan	nan	nan	0.0	0.0	0.0	0.0	0.0	0.0	373639	0.0
fam25	nan	nan	nan	0.0	0.0	0.0	0.0	0.0	0.0	15008	0.0
fam253	nan	nan	nan	0.0033714285714285712	0.0059	0.0029197427899018214	0.0	0.0	0.0	312555	0.0028011204481792717
fam153	0.0	0.0	0.0	0.0	0.0	0.0	0.0039	0.0	0.004503332099679081	179861	0.0006706908115358819
fam432	0.0	0.0	0.0	0.0	0.0	0.0	0.001225	0.0	0.002121762239271875	537728	0.0001979414093428345
fam371	nan	nan	nan	0.0	0.0	0.0	0.0	0.0	0.0	441177	0.0
fam655	0.05952380952380953	0.0	0.08417937871268423	0.0004285714285714286	0.0	0.0004948716593053935	0.0024	0.0	0.0027712812921102037	343695	0.0007518796992481202
fam84	0.21153846153846162	0.21153846153846156	0.11307206388602571	0.0011392857142857142	0.0011	0.0008562122924812037	0.0013000000000000002	0.0	0.00225166604983954	93588	0.0011645962732919255
fam100	nan	nan	nan	0.0	0.0	0.0	0.0	0.0	0.0	113504	0.0
fam18	0.0	0.0	0.0	0.0	0.0	0.0	0.0019714285714285715	0.0	0.0022764096328048104	7878	0.00036630036630036635
fam356	nan	nan	nan	0.0	0.0	0.0	0.0	0.0	0.0	422648	0.0
fam758	0.38627194670252313	0.41651031894934337	0.07406858265704576	0.007485714285714286	0.0	0.008908050704106862	0.013339285714285715	0.0	0.0231044265901845	191601	0.008365508365508366
fam736	nan	nan	nan	0.0	0.0	0.0	0.0	0.0	0.0	222587	0.0
fam847	nan	nan	nan	0.0	0.0	0.0	0.0	0.0	0.0	71716	0.0
fam285	0.0	0.0	0.0	0.0	0.0	0.0	0.004739285714285714	0.004	0.005283284914690473	356053	0.0008788750399488654
fam679	0.125	0.18181818181818182	0.1218614238041319	0.0002785714285714286	0.0004	0.00025684506566236006	0.0009428571428571429	0.0	0.0010887176504718657	305226	0.0004109661682044755
fam328	0.0	0.0	0.0	0.0	0.0	0.0	0.012742857142857143	0.0223	0.011035638002510277	394840	0.0014430014430014434
fam350	nan	nan	nan	0.0	0.0	0.0	0.0	0.0	0.0	415087	0.0
fam102	0.06979968916742173	0.0390625	0.0826002933388287	0.0002678571428571429	0.0005	0.0002493614293530168	0.0034928571428571426	0.0042	0.002433975080784015	116670	0.0008987505893446488
fam706	0.0	0.0	0.0	0.0	0.0	0.0	0.007328571428571428	0.0073	0.005556132849824414	264937	0.0012210012210012208
fam445	nan	nan	nan	0.0	0.0	0.0	0.0	0.0	0.0	554145	0.0
fam455	0.0	0.0	0.0	0.0	0.0	0.0	0.0009249999999999999	0.0	0.0016021469970012114	603615	0.0001827485380116959
fam293	0.10000000000000002	0.09999999999999999	2.7755575615628914e-17	0.0003749999999999999	0.0007	0.00034910600109422347	0.0037500000000000007	0.007	0.0034910600109422352	368300	0.0009079903147699758
fam708	nan	nan	nan	0.0	0.0	0.0	0.0	0.0	0.0	262317	0.0
fam617	nan	nan	nan	0.0	0.0	0.0	0.0	0.0	0.0	391465	0.0
fam40	nan	nan	nan	0.0	0.0	0.0	0.0	0.0	0.0	33407	0.0
fam71	nan	nan	nan	0.0	0.0	0.0	0.0	0.0	0.0	72979	0.0
fam345	nan	nan	nan	0.0	0.0	0.0	0.0	0.0	0.0	410654	0.0
fam716	nan	nan	nan	0.0	0.0	0.0	0.0	0.0	0.0	251829	0.0
fam407	nan	nan	nan	0.0	0.0	0.0	0.0	0.0	0.0	505957	0.0
fam536	0.0	0.0	0.0	0.0	0.0	0.0	0.0050035714285714275	0.0064	0.003933145064962748	502138	0.0009846043680630146
fam682	nan	nan	nan	0.0	0.0	0.0	0.0	0.0	0.0	299976	0.0
fam489	0.37745098039215685	0.4722222222222222	0.13126418155891384	0.0010428571428571427	0.0011	0.0007047940790596577	0.002442857142857143	0.0036	0.0021629062081620926	560525	0.0012375374747263474
fam31	nan	nan	nan	0.0	0.0	0.0	0.0	0.0	0.0	21134	0.0
fam589	nan	nan	nan	0.0	0.0	0.0	0.0	0.0	0.0	433301	0.0
fam661	0.15139353400222966	0.1	0.16672978038573286	0.00026428571428571435	0.0004	0.00022553790576924205	0.0021392857142857142	0.0013	0.0015782764753531182	331869	0.0006343919749415172
fam137	0.0	0.0	0.0	0.0	0.0	0.0	0.001828571428571429	0.0032	0.0015835893097772594	161643	0.000380191996958464
fam801	0.14441890737501525	0.18032786885245902	0.11852298869467605	0.0011	0.0011	0.0008315218406202999	0.003078571428571428	0.0	0.003496361082086135	138299	0.0014204545454545455
fam275	0.16304347826086957	0.2173913043478261	0.09413319606352595	0.0008035714285714288	0.0015	0.0007480842880590505	0.003942857142857143	0.0069	0.0034146144492072147	341952	0.0013822008204030674
fam481	nan	nan	nan	0.0	0.0	0.0	0.0	0.0	0.0	572310	0.0
fam542	nan	nan	nan	0.0	0.0	0.0	0.0	0.0	0.0	495283	0.0
fam386	0.0	0.0	0.0	0.0	0.0	0.0	0.002196428571428572	0.0041	0.002044763720694738	466295	0.0003933291378225299
fam249	0.0	0.0	0.0	0.0	0.0	0.0	0.005028571428571429	0.0088	0.004354870601887464	307790	0.0008391021606880639
fam766	0.0	0.0	0.0	0.0	0.0	0.0	0.001175	0.0	0.002035159698893431	183743	0.0002153316106804479
fam129	0.0	0.0	0.0	0.0	0.0	0.0	0.003321428571428571	0.0062	0.003092081723977408	149198	0.000496031746031746
fam527	0.0	0.0	0.0	0.0	0.0	0.0	0.004114285714285714	0.0	0.004750767929331778	513346	0.0007763975155279504
fam827	nan	nan	nan	0.0006035714285714285	0.0	0.0006899700525887973	0.0	0.0	0.0	96548	0.0005257623554153522
fam717	0.0	0.0	0.0	0.0	0.0	0.0	0.0024107142857142856	0.0045	0.002244252864177151	250019	0.00047874377633090766
fam741	0.0	0.0	0.0	0.0	0.0	0.0	0.0015499999999999997	0.0014	0.0012031209415515963	210152	0.00026173590003377236
fam851	nan	nan	nan	0.0009142857142857144	0.0016	0.0007917946548886297	0.0	0.0	0.0	67126	0.0007838526357044873
fam574	0.0	0.0	0.0	0.0	0.0	0.0	0.0009249999999999999	0.0	0.0016021469970012117	451531	0.00013935340022296546
fam512	nan	nan	nan	0.0	0.0	0.0	0.0	0.0	0.0	538926	0.0
fam406	nan	nan	nan	0.0	0.0	0.0	0.0	0.0	0.0	504766	0.0
fam598	nan	nan	nan	0.0	0.0	0.0	0.0	0.0	0.0	420797	0.0
fam430	0.0878378378378378	0.08783783783783783	2.7755575615628914e-17	0.0006964285714285713	0.0013	0.0006483397163178436	0.007928571428571429	0.0148	0.007381098308849299	535413	0.0018037518037518035
fam438	0.0	0.0	0.0	0.0	0.0	0.0	0.0068249999999999995	0.0	0.011821246761657588	543667	0.00125
fam540	nan	nan	nan	0.0	0.0	0.0	0.0	0.0	0.0	497728	0.0
fam404	0.0	0.0	0.0	0.0	0.0	0.0	0.0022714285714285714	0.0	0.002622819794318585	503792	0.00039904229848363934
fam888	0.12486897914334294	0.1371522996419719	0.016044769719224375	0.037399999999999996	0.0444	0.022234464881607303	0.3014714285714285	0.3213	0.21143869570354507	21435	0.08405099628503886
fam805	0.0	0.0	0.0	0.0	0.0	0.0	0.006557142857142858	0.0	0.00757153638737252	131936	0.001066098081023454
fam73	0.0	0.0	0.0	0.0	0.0	0.0	0.006925	0.0	0.011994451842414475	74586	0.001366120218579235
fam117	0.0	0.0	0.0	0.0	0.0	0.0	0.001375	0.0	0.002381569860407206	136308	0.00023020257826887665
fam694	nan	nan	nan	0.0	0.0	0.0	0.0	0.0	0.0	282628	0.0
fam397	nan	nan	nan	0.0	0.0	0.0	0.0	0.0	0.0	493381	0.0
fam849	0.0	0.0	0.0	0.0	0.0	0.0	0.004767857142857143	0.0089	0.004438633442483699	70719	0.0011091393078970719
fam30	0.0	0.0	0.0	0.0	0.0	0.0	0.007082142857142856	0.0081	0.0035574924527004143	20071	0.001484308736217133
fam738	0.061072981011210246	0.0	0.08161284457642644	0.0008142857142857143	0.0	0.0009402561526802478	0.0121	0.0093	0.00976319619796714	217120	0.0027341079972658913
fam577	nan	nan	nan	0.0	0.0	0.0	0.0	0.0	0.0	447978	0.0
fam858	nan	nan	nan	0.0	0.0	0.0	0.0	0.0	0.0	54301	0.0
fam767	0.0	0.0	0.0	0.0	0.0	0.0	0.0034821428571428577	0.0065	0.003241698581589219	182854	0.0006094588005850803
fam263	0.0	0.0	0.0	0.0	0.0	0.0	0.007817857142857142	0.0112	0.006434508171427189	325857	0.0015792031098153545
fam448	nan	nan	nan	0.0003321428571428572	0.0005	0.00028542395963670233	0.0	0.0	0.0	561593	0.00026863476982241823
fam94	nan	nan	nan	0.0	0.0	0.0	0.0	0.0	0.0	108395	0.0
fam166	nan	nan	nan	0.004000000000000001	0.007	0.0034641016151377548	0.0	0.0	0.0	193447	0.003072196620583717
fam770	0.394088669950739	0.2758620689655173	0.13651631980838444	0.001257142857142857	0.0016	0.000989743318610787	0.00145	0.0	0.002511473670974872	177563	0.0013027852650494159
fam428	0.0	0.0	0.0	0.0	0.0	0.0	0.0036	0.0	0.004156921938165305	533784	0.0005927682276229994
fam351	nan	nan	nan	0.0	0.0	0.0	0.0	0.0	0.0	416056	0.0
fam764	0.0	0.0	0.0	0.0	0.0	0.0	0.0037964285714285713	0.0048	0.0035117641214776883	185394	0.0007725804185981179
fam752	0.0	0.0	0.0	0.0	0.0	0.0	0.007485714285714286	0.0131	0.006482818736900655	198819	0.001548586914440573
fam89	0.0	0.0	0.0	0.0	0.0	0.0	0.0032035714285714293	0.0	0.0034411877250716317	101050	0.0005884483070794857
fam474	0.0	0.0	0.0	0.0	0.0	0.0	0.010632142857142856	0.0112	0.005875436371114948	583021	0.0017575275235442364
fam142	0.0	0.0	0.0	0.0	0.0	0.0	0.009075	0.0	0.01571836107868756	165959	0.0010893246187363835
fam19	nan	nan	nan	0.0012571428571428573	0.0022	0.0010887176504718657	0.0	0.0	0.0	8429	0.0010351966873706005
fam209	3.1505254613807248	3.2125768967874233	0.808519669757705	0.015817857142857144	0.0168	0.010988144701431259	0.004371428571428571	0.0076	0.0037859568655433866	254075	0.01582010582010582
fam212	nan	nan	nan	0.0	0.0	0.0	0.0	0.0	0.0	262338	0.0
fam620	nan	nan	nan	0.0	0.0	0.0	0.0	0.0	0.0	387499	0.0
fam123	0.0	0.0	0.0	0.0	0.0	0.0	0.004114285714285714	0.0072	0.0035630759469988333	142804	0.0010465724751439038
fam322	nan	nan	nan	0.0027	0.0	0.0031176914536239797	0.0	0.0	0.0	392637	0.002132196162046908
fam247	nan	nan	nan	0.0	0.0	0.0	0.0	0.0	0.0	305099	0.0
fam436	nan	nan	nan	0.00225	0.0021	0.0015803480629279108	0.0	0.0	0.0	540823	0.0018315018315018317
fam426	0.1568627450980392	0.0	0.17798910930055245	0.00025000000000000006	0.0	0.0002872281323269014	0.0009107142857142856	0.0017	0.0008478288598002572	532462	0.00036497917471767786
fam9	nan	nan	nan	0.0	0.0	0.0	0.0	0.0	0.0	2395	0.0
fam109	0.0	0.0	0.0	0.0	0.0	0.0	0.001775	0.0	0.0030743901834347567	124768	0.0003623188405797101
fam330	0.0	0.0	0.0	0.0	0.0	0.0	0.007928571428571429	0.0	0.009155125697149779	395775	0.0011806375442739079
fam416	0.1949580825748518	0.16587677725118483	0.059666174293934345	0.06463571428571427	0.0776	0.03288865647133972	0.35166071428571427	0.31920000000000004	0.19440066199785452	516844	0.12912769274376418
fam181	0.16666666666666666	0.25	0.11785113019775793	0.0004285714285714286	0.0	0.0004948716593053935	0.0021428571428571434	0.004	0.0019948914348241345	213076	0.0007634882931795048
fam214	0.19230769230769232	0.19230769230769232	0.0	0.0005714285714285715	0.001	0.0004948716593053935	0.0029714285714285715	0.0052	0.0025733326283880462	264752	0.0009224028594488643
fam707	nan	nan	nan	0.0	0.0	0.0	0.0	0.0	0.0	263635	0.0
fam897	nan	nan	nan	0.0014999999999999998	0.0028	0.001396424004376894	0.0	0.0	0.0	10916	0.0011595547309833025
fam433	0.1519756838905775	0.2127659574468085	0.09611786201119694	0.0021428571428571434	0.004	0.0019948914348241345	0.004707142857142856	0.0	0.00815304187630204	538224	0.0025676937441643324
fam368	0.0	0.0	0.0	0.0	0.0	0.0	0.004825	0.0	0.008357145146519834	436483	0.0007507507507507506
fam347	nan	nan	nan	0.0	0.0	0.0	0.0	0.0	0.0	412235	0.0
fam748	nan	nan	nan	0.0	0.0	0.0	0.0	0.0	0.0	203119	0.0
fam461	nan	nan	nan	0.0009	0.0	0.0010392304845413265	0.0	0.0	0.0	598015	0.0007722007722007722
fam10	nan	nan	nan	0.0	0.0	0.0	0.0	0.0	0.0	1307	0.0
fam639	nan	nan	nan	0.0	0.0	0.0	0.0	0.0	0.0	366954	0.0
fam583	nan	nan	nan	0.0	0.0	0.0	0.0	0.0	0.0	439756	0.0
fam7	nan	nan	nan	0.0	0.0	0.0	0.0	0.0	0.0	3870	0.0
fam63	nan	nan	nan	0.0	0.0	0.0	0.0	0.0	0.0	60341	0.0
fam257	nan	nan	nan	0.0	0.0	0.0	0.0	0.0	0.0	318205	0.0
fam170	0.0	0.0	0.0	0.0	0.0	0.0	0.0014	0.0	0.0024248711305964277	198337	0.00025484199796126404
fam616	nan	nan	nan	0.0	0.0	0.0	0.0	0.0	0.0	392246	0.0
fam697	0.11843251088534104	0.11320754716981131	0.13534778202418507	0.0006857142857142857	0.0012	0.0005938459911664722	0.003271428571428572	0.0	0.004213062776553854	277291	0.0010259675935753202
fam621	0.0	0.0	0.0	0.0	0.0	0.0	0.0036428571428571443	0.0	0.004206409104095846	386970	0.0008210180623973726
fam877	0.22401052345483255	0.2425142742627308	0.033260224985834176	0.037432142857142865	0.0426	0.0243354247016189	0.17102857142857145	0.16865000000000002	0.11970373802834723	33102	0.05909403472580367
fam500	nan	nan	nan	0.0	0.0	0.0	0.0	0.0	0.0	547942	0.0
fam261	0.31111111111111106	0.44444444444444436	0.17777777777777776	0.0013285714285714285	0.0012	0.0010312465213299397	0.0028928571428571428	0.0054	0.0026931034370125816	324039	0.0016012252854358117
fam164	0.04338331410995771	0.0	0.07205730448979737	0.00035	0.0	0.000606217782649107	0.009464285714285715	0.0153	0.008374417433286853	192403	0.0023104636591478695
fam145	0.0	0.0	0.0	0.0	0.0	0.0	0.004410714285714286	0.0054	0.00352251323486455	172637	0.0007890764374914229
fam607	0.07714285714285715	0.0	0.08907689867497083	0.00048214285714285715	0.0009	0.00044885057283543034	0.0012499999999999998	0.0	0.0021650635094610966	408226	0.000570598609814296
fam411	nan	nan	nan	0.0007999999999999998	0.0014	0.0006928203230275509	0.0	0.0	0.0	509314	0.0006545573555882834
fam349	nan	nan	nan	0.0	0.0	0.0	0.0	0.0	0.0	414045	0.0
fam869	0.35205445677321956	0.2612030682276948	0.11554541803947617	0.040410714285714286	0.0474	0.026070623030608257	0.13122857142857144	0.0953	0.10314409081177532	40317	0.05814050972501677
fam284	nan	nan	nan	0.0	0.0	0.0	0.0	0.0	0.0	354194	0.0
fam848	nan	nan	nan	0.0	0.0	0.0	0.0	0.0	0.0	71201	0.0
fam38	0.0	0.0	0.0	0.0	0.0	0.0	0.004399999999999999	0.0056	0.004059556626036888	31481	0.0009593581022152452
fam818	0.0	0.0	0.0	0.0	0.0	0.0	0.0014250000000000003	0.0	0.00246817240078565	105757	0.0002883506343713957
fam364	nan	nan	nan	0.0	0.0	0.0	0.0	0.0	0.0	434864	0.0
fam336	nan	nan	nan	0.0	0.0	0.0	0.0	0.0	0.0	399606	0.0
fam702	nan	nan	nan	0.0	0.0	0.0	0.0	0.0	0.0	269086	0.0
fam626	nan	nan	nan	0.0015535714285714285	0.0029	0.0014462962902474974	0.0	0.0	0.0	380244	0.0013426423200859291
fam658	nan	nan	nan	0.0006285714285714286	0.0011	0.000544358825235933	0.0	0.0	0.0	340699	0.0004973268680840482
fam666	nan	nan	nan	0.0	0.0	0.0	0.0	0.0	0.0	325013	0.0
fam784	nan	nan	nan	0.0	0.0	0.0	0.0	0.0	0.0	157288	0.0
fam629	0.1434407096171802	0.21527777777777776	0.09532684042648197	0.0013285714285714285	0.0	0.0015341021438467198	0.007978571428571429	0.0072	0.007300115319189785	377243	0.0025183150183150185
fam106	nan	nan	nan	0.002442857142857143	0.0	0.002820768458040743	0.0	0.0	0.0	122440	0.015444015444015444
fam612	nan	nan	nan	0.0	0.0	0.0	0.0	0.0	0.0	399134	0.0
fam281	nan	nan	nan	0.0	0.0	0.0	0.0	0.0	0.0	350605	0.0
fam311	0.0	0.0	0.0	0.0	0.0	0.0	0.0073321428571428565	0.0	0.009991248083463153	386384	0.001558956916099773
fam45	0.0	0.0	0.0	0.0	0.0	0.0	0.009467857142857142	0.0153	0.007699492263938511	39061	0.0015711868503746674
fam653	0.0	0.0	0.0	0.0	0.0	0.0	0.002739285714285715	0.0035	0.0021441513948603614	347845	0.0005186232909005186
fam376	0.0	0.0	0.0	0.0	0.0	0.0	0.006535714285714285	0.0122	0.00608441887621361	447570	0.0010382059800664453
fam323	nan	nan	nan	0.001275	0.0	0.0022083647796503187	0.0	0.0	0.0	392857	0.0010040160642570282
fam272	0.0	0.0	0.0	0.0	0.0	0.0	0.0021	0.0	0.003637306695894642	336844	0.00041050903119868636
fam331	nan	nan	nan	0.0	0.0	0.0	0.0	0.0	0.0	396317	0.0
fam327	nan	nan	nan	0.0	0.0	0.0	0.0	0.0	0.0	394420	0.0
fam193	nan	nan	nan	0.0006	0.0	0.0006928203230275509	0.0	0.0	0.0	231750	0.06889204545454546
fam12	nan	nan	nan	0.0	0.0	0.0	0.0	0.0	0.0	829	0.0
fam652	0.0	0.0	0.0	0.0	0.0	0.0	0.003739285714285715	0.0055	0.0033202129111715413	349505	0.0006833549129621638
fam307	nan	nan	nan	0.0	0.0	0.0	0.0	0.0	0.0	382349	0.0
fam595	0.0	0.0	0.0	0.0	0.0	0.0	0.002042857142857143	0.0022	0.0020307332545217278	423816	0.00037382102599493904
fam52	0.23655913978494625	0.3064516129032258	0.18072834746206032	0.0013964285714285715	0.0013	0.0010728740249765524	0.002657142857142857	0.0	0.0030682042876934395	48397	0.0015997023809523811
fam889	0.10359346918717253	0.10262828535669587	0.04150464186892818	0.02533928571428572	0.02815	0.011536814962969455	0.2512392857142857	0.28525	0.12487171514136794	20218	0.04867334387629591
fam514	0.06495260921669026	0.08029197080291971	0.061244056491424614	0.0004714285714285714	0.0	0.0005443588252359329	0.0068142857142857146	0.0068	0.005178369454189382	536990	0.0013644426251876109
fam467	0.36585365853658547	0.43902439024390244	0.10347904114925087	0.0026035714285714286	0.0027	0.0023362794204915315	0.006589285714285715	0.0123	0.006134291162084213	590960	0.0032894736842105257
fam236	nan	nan	nan	0.00115	0.0014	0.0007984359711335656	0.0	0.0	0.0	291351	0.0009441707717569787
fam469	0.07684426229508196	0.12295081967213115	0.0595233096240894	0.0008571428571428573	0.0015	0.0007423074889580902	0.006971428571428571	0.0122	0.006037434243525801	587733	0.002012072434607646
fam731	nan	nan	nan	0.00048214285714285715	0.0009	0.00044885057283543034	0.0	0.0	0.0	227328	0.0003799392097264437
fam780	0.0	0.0	0.0	0.0	0.0	0.0	0.0009249999999999999	0.0	0.0016021469970012114	163371	0.00017111567419575636
fam800	0.26086956521739124	0.2608695652173913	5.551115123125783e-17	0.0009642857142857143	0.0018	0.0008977011456708607	0.003696428571428572	0.0069	0.003441187725071632	139697	0.0014943215780035862
fam324	nan	nan	nan	0.0	0.0	0.0	0.0	0.0	0.0	393230	0.0
fam715	0.0	0.0	0.0	0.0	0.0	0.0	0.001457142857142857	0.0	0.001682563641638338	252065	0.00037495313085864274
fam82	nan	nan	nan	0.0	0.0	0.0	0.0	0.0	0.0	91066	0.0
fam197	nan	nan	nan	0.0	0.0	0.0	0.0	0.0	0.0	236962	0.0
fam449	nan	nan	nan	0.0	0.0	0.0	0.0	0.0	0.0	561934	0.0
fam793	nan	nan	nan	0.0	0.0	0.0	0.0	0.0	0.0	147343	0.0
fam273	0.0	0.0	0.0	0.0	0.0	0.0	0.0048571428571428585	0.0085	0.004206409104095845	338065	0.0006204436171862882
fam892	nan	nan	nan	0.0012428571428571428	0.0	0.001435127811985641	0.0	0.0	0.0	17466	0.0010060362173038228
fam797	0.0	0.0	0.0	0.0	0.0	0.0	0.0064285714285714285	0.0	0.007423074889580901	142686	0.0009398496240601503
fam332	nan	nan	nan	0.001114285714285714	0.0	0.0012866663141940233	0.0	0.0	0.0	396791	0.0009157509157509158
fam251	nan	nan	nan	0.0	0.0	0.0	0.0	0.0	0.0	311609	0.0
fam820	0.0	0.0	0.0	0.0	0.0	0.0	0.0025	0.0	0.004330127018922192	103755	0.0004317789291882556
fam485	nan	nan	nan	0.0007285714285714285	0.0	0.000841281820819169	0.0	0.0	0.0	566246	0.0006184291898577613
fam134	nan	nan	nan	0.0	0.0	0.0	0.0	0.0	0.0	154595	0.0
fam95	nan	nan	nan	0.0004285714285714286	0.0	0.0004948716593053936	0.0	0.0	0.0	109642	0.00034340659340659343
fam809	0.327061074348597	0.20512820512820515	0.2722399940095084	0.0014785714285714285	0.00135	0.0008094782900367473	0.005421428571428571	0.0065	0.004203770173721369	127354	0.002142857142857143
fam192	3.0244297277409853	3.033333333333333	0.012591599782718328	0.02145714285714286	0.0069	0.02095579409429404	0.006442857142857143	0.0	0.007439634619072777	230198	0.017384731670445956
fam747	nan	nan	nan	0.0	0.0	0.0	0.0	0.0	0.0	203306	0.0
fam857	0.0	0.0	0.0	0.0	0.0	0.0	0.0018499999999999999	0.0	0.0032042939940024225	55412	0.00033003300330033004
fam490	nan	nan	nan	0.0	0.0	0.0	0.0	0.0	0.0	560297	0.0
fam167	nan	nan	nan	0.0014857142857142857	0.00145	0.0009734747357915817	0.0	0.0	0.0	195269	0.0012424872861766065
fam127	0.2653061224489796	0.2653061224489796	0.0	0.0005571428571428571	0.0	0.0006433331570970115	0.0021000000000000003	0.0	0.002424871130596428	147240	0.000858000858000858
fam765	nan	nan	nan	0.0	0.0	0.0	0.0	0.0	0.0	184976	0.0
fam358	0.0	0.0	0.0	0.0	0.0	0.0	0.004178571428571428	0.0039	0.00253790649704734	425826	0.0006002400960384153
fam642	0.6159946197540184	0.7755102040816326	0.29444349071302167	0.0048392857142857135	0.0044	0.003359457788491033	0.006482142857142857	0.0098	0.005092645507524171	364335	0.005132591958939263
fam746	nan	nan	nan	0.0	0.0	0.0	0.0	0.0	0.0	203848	0.0
fam301	nan	nan	nan	0.0006	0.0	0.000680336051416609	0.0	0.0	0.0	380083	0.0004859086491739553
fam654	0.0737485865490556	0.06493506493506493	0.05500347746928765	0.0003928571428571429	0.0005	0.0003092947870658709	0.005360714285714286	0.0052	0.004135157561837819	345021	0.0011845534233593936
fam558	1.1457627118644067	1.1016949152542372	0.08813559322033902	0.0052928571428571426	0.0065	0.0040208322318563226	0.0031607142857142862	0.0059	0.0029424648663655983	477013	0.004875283446712018
fam228	0.0	0.0	0.0	0.0	0.0	0.0	0.0018	0.0	0.0020784609690826525	282606	0.0003174603174603175
fam733	nan	nan	nan	0.0	0.0	0.0	0.0	0.0	0.0	225084	0.0
fam237	nan	nan	nan	0.0006249999999999999	0.0007	0.0005539629951540084	0.0	0.0	0.0	293999	0.0005175983436853002
fam838	0.04878048780487804	0.0	0.10907648670730677	0.0006	0.0	0.0010392304845413263	0.003514285714285714	0.0	0.0040579476063042266	83474	0.0012428048142333855
fam165	0.0	0.0	0.0	0.0	0.0	0.0	0.0088	0.0154	0.007621023553303061	193213	0.0018315018315018317
fam878	0.2519752666566361	0.18374091209517515	0.13760762967154033	0.022775	0.02575	0.011275720597815467	0.10849285714285715	0.132	0.07199166583000835	32235	0.04026733500417711
fam662	0.030022985795956858	0.0	0.054018631682147274	0.000225	0.0	0.0003897114317029974	0.00665357142857143	0.0095	0.00515769066144759	330108	0.0012389571213100622
fam523	0.0	0.0	0.0	0.0	0.0	0.0	0.0028250000000000003	0.0	0.004893043531382078	516134	0.0004230118443316412
fam585	nan	nan	nan	0.0	0.0	0.0	0.0	0.0	0.0	437692	0.0
fam605	0.0	0.0	0.0	0.0	0.0	0.0	0.0032678571428571427	0.0061	0.003042209438106805	411893	0.0005511463844797179
fam171	0.0	0.0	0.0	0.0	0.0	0.0	0.0028392857142857143	0.0053	0.002643231151141978	199401	0.0006287726358148893
fam628	nan	nan	nan	0.0	0.0	0.0	0.0	0.0	0.0	378296	0.0
fam188	nan	nan	nan	0.0	0.0	0.0	0.0	0.0	0.0	221697	0.0
fam487	0.0	0.0	0.0	0.0	0.0	0.0	0.0032142857142857147	0.006	0.002992337152236202	563890	0.00045438022537259184
fam180	nan	nan	nan	0.0	0.0	0.0	0.0	0.0	0.0	211700	0.0
fam159	nan	nan	nan	0.0	0.0	0.0	0.0	0.0	0.0	186650	0.0
fam298	0.0	0.0	0.0	0.0	0.0	0.0	0.0017249999999999998	0.0	0.002987787643056313	375764	0.0002923976608187134
fam315	nan	nan	nan	0.0	0.0	0.0	0.0	0.0	0.0	389586	0.0
fam424	0.0	0.0	0.0	0.0	0.0	0.0	0.001875	0.0	0.003247595264191645	526918	0.00034153005464480874
fam8	nan	nan	nan	0.0	0.0	0.0	0.0	0.0	0.0	3116	0.0
fam111	0.0	0.0	0.0	0.0	0.0	0.0	0.0014285714285714288	0.0025	0.0012371791482634837	128066	0.00033534540576794097
fam292	nan	nan	nan	0.0	0.0	0.0	0.0	0.0	0.0	366369	0.0
fam669	0.08117066860700137	0.0	0.0951849600468188	0.0005142857142857143	0.0	0.0005938459911664722	0.004857142857142858	0.0061	0.0038306497557229644	322716	0.0011904761904761901
fam826	nan	nan	nan	0.0027964285714285712	0.0029	0.0019733007414802564	0.0	0.0	0.0	97682	0.002201565557729941
fam479	0.0	0.0	0.0	0.0	0.0	0.0	0.004425	0.0041	0.00312519999360041	574454	0.0007614986293024673
fam224	nan	nan	nan	0.0	0.0	0.0	0.0	0.0	0.0	279947	0.0
fam46	0.0	0.0	0.0	0.0	0.0	0.0	0.008460714285714285	0.0088	0.005976282844097414	40696	0.0016568483063328424
fam446	0.2666666666666667	0.2	0.09428090415820634	0.00034285714285714285	0.0004	0.000255550625999976	0.0008571428571428572	0.0	0.000989743318610787	557320	0.0004152823920265781
fam217	0.0	0.0	0.0	0.0	0.0	0.0	0.0011750000000000003	0.0	0.002035159698893431	270377	0.00024224806201550387
fam636	0.0	0.0	0.0	0.0	0.0	0.0	0.006228571428571428	0.0109	0.00539410108642879	369466	0.000942951438000943
fam552	nan	nan	nan	0.0	0.0	0.0	0.0	0.0	0.0	485233	0.0
fam735	0.0782608695652174	0.0	0.0958495986306461	0.0007714285714285715	0.0	0.0008907689867497083	0.0048964285714285715	0.0091	0.004558467955579025	223169	0.0014285714285714286
fam537	0.17239709443099277	0.14285714285714285	0.10794144324608822	0.0009714285714285712	0.0017	0.000841281820819169	0.005928571428571428	0.0059	0.004497845289124334	500970	0.002046130952380952
fam593	nan	nan	nan	0.0	0.0	0.0	0.0	0.0	0.0	427329	0.0
fam110	nan	nan	nan	0.0005892857142857142	0.0011	0.000548595144576637	0.0	0.0	0.0	125918	0.00046869141357330335
fam361	0.2553191489361702	0.2553191489361702	0.0	0.0012857142857142856	0.0024	0.0011969348608944805	0.005035714285714285	0.0094	0.004687994871836716	429972	0.0020408163265306124
fam230	nan	nan	nan	0.0	0.0	0.0	0.0	0.0	0.0	286381	0.0
fam87	0.3113207547169812	0.3113207547169812	0.10377358490566038	0.0007464285714285714	0.0	0.0008845830910083908	0.0022714285714285714	0.0	0.002622819794318585	98160	0.0010028467908902692
fam640	nan	nan	nan	0.0	0.0	0.0	0.0	0.0	0.0	366238	0.0
fam245	0.0	0.0	0.0	0.0	0.0	0.0	0.002125	0.0	0.003680607966083865	303158	0.0002777777777777778
fam359	0.0	0.0	0.0	0.0	0.0	0.0	0.005528571428571429	0.0	0.006383844405039576	427344	0.0009157509157509158
fam721	0.7349537037037037	0.6851851851851852	0.3797266559613631	0.0030999999999999995	0.0037	0.002266684173601859	0.003085714285714286	0.0054	0.002672306960249125	245164	0.0030895691609977324
fam613	nan	nan	nan	0.0	0.0	0.0	0.0	0.0	0.0	397982	0.0
fam533	0.0	0.0	0.0	0.0	0.0	0.0	0.002678571428571429	0.005	0.0024936142935301684	508194	0.00041918175720992635
fam685	nan	nan	nan	0.0	0.0	0.0	0.0	0.0	0.0	294916	0.0
fam667	0.08653846153846155	0.0	0.09992600812897369	0.0010821428571428573	0.002	0.001007845499578387	0.0026000000000000003	0.0	0.00450333209967908	324172	0.0013431013431013433
fam384	0.10827067669172931	0.1714285714285714	0.0826930952473234	0.0003214285714285714	0.0006	0.00029923371522362017	0.0027500000000000003	0.0035	0.0021650635094610966	460508	0.0006724827335514358
fam535	nan	nan	nan	0.0	0.0	0.0	0.0	0.0	0.0	502976	0.0
fam816	nan	nan	nan	0.0	0.0	0.0	0.0	0.0	0.0	108481	0.0
fam242	0.0	0.0	0.0	0.0	0.0	0.0	0.004200000000000001	0.0	0.004849742261192856	299958	0.0007518796992481201
fam196	nan	nan	nan	0.00652857142857143	0.0049	0.004808909673189751	0.0	0.0	0.0	235487	0.00505050505050505
fam719	0.1236320615202603	0.14285714285714285	0.12062577676808009	0.0008571428571428572	0.0	0.000989743318610787	0.006728571428571428	0.007	0.004762191658024182	247907	0.0021297509829619923
fam76	nan	nan	nan	0.00025	0.0	0.0004330127018922193	0.0	0.0	0.0	78843	0.00020032051282051281
fam781	nan	nan	nan	0.0	0.0	0.0	0.0	0.0	0.0	162676	0.0
fam440	0.11845730027548207	0.1111111111111111	0.11667677591196793	0.0006142857142857142	0.0006	0.000562338412164702	0.004478571428571428	0.0033	0.0030823642529323337	545894	0.0012460700866497969
fam419	0.0	0.0	0.0	0.0	0.0	0.0	0.0015	0.0	0.0025980762113533163	521928	0.00030413625304136254
fam175	nan	nan	nan	0.0	0.0	0.0	0.0	0.0	0.0	206922	0.0
fam762	0.0	0.0	0.0	0.0	0.0	0.0	0.001375	0.0	0.002381569860407206	187527	0.00023946360153256704
fam235	nan	nan	nan	0.0008999999999999999	0.0	0.0015588457268119894	0.0	0.0	0.0	289606	0.0007645259938837922
fam554	0.2515151515151514	0.21212121212121213	0.0787878787878788	0.001089285714285714	0.0014	0.0008452976169518579	0.003535714285714285	0.0066	0.0032915708674598216	481724	0.0014982183349530286
fam813	0.30372581536760634	0.2518518518518518	0.19007820099882855	0.0038857142857142853	0.0068	0.003365127283276676	0.01345714285714286	0.0134	0.010205160759265332	111464	0.0057603686635944685
fam21	0.0	0.0	0.0	0.0	0.0	0.0	0.00235	0.0024	0.002119551839422664	11758	0.0004572241414346678
fam131	0.0	0.0	0.0	0.0	0.0	0.0	0.00514642857142857	0.0061	0.004016704596597381	151986	0.0010517364840673111
fam259	0.0	0.0	0.0	0.0	0.0	0.0	0.002185714285714286	0.0	0.002523845462457507	321159	0.0004382120946538125
fam584	nan	nan	nan	0.0	0.0	0.0	0.0	0.0	0.0	438980	0.0
fam405	0.0	0.0	0.0	0.0	0.0	0.0	0.007175	0.0	0.012427464544306694	504195	0.0010162601626016261
fam501	nan	nan	nan	0.0	0.0	0.0	0.0	0.0	0.0	547473	0.0
fam154	0.09782608695652174	0.09782608695652174	0.09782608695652173	0.0005142857142857142	0.0009	0.0004453844933748542	0.0019714285714285715	0.0	0.0022764096328048104	181676	0.000723065798987708
fam687	0.0	0.0	0.0	0.0	0.0	0.0	0.009310714285714285	0.0	0.011076466019890818	292353	0.001330532212885154
fam822	nan	nan	nan	0.0	0.0	0.0	0.0	0.0	0.0	102541	0.0
fam441	0.34684684684684686	0.45945945945945943	0.17405116294019507	0.0009535714285714286	0.0009	0.0007292276456523528	0.0015857142857142858	0.0	0.001831025139429956	547351	0.001059844227546091
fam880	0.19559818977296328	0.2303030303030303	0.054535979407325456	0.06008928571428571	0.0752	0.029997087231045265	0.3443678571428571	0.2936	0.22541788662325327	30414	0.09551773729626076
fam834	nan	nan	nan	0.0	0.0	0.0	0.0	0.0	0.0	88201	0.0
fam267	nan	nan	nan	0.0	0.0	0.0	0.0	0.0	0.0	330134	0.0
fam244	nan	nan	nan	0.0	0.0	0.0	0.0	0.0	0.0	301720	0.0
fam876	0.23705917112896632	0.25236242356864924	0.028528221860434952	0.043324999999999995	0.0458	0.02889380340142156	0.18661785714285714	0.1799	0.13274626724257346	33938	0.062258118795221265
fam562	nan	nan	nan	0.0	0.0	0.0	0.0	0.0	0.0	471574	0.0
fam688	nan	nan	nan	0.0	0.0	0.0	0.0	0.0	0.0	291887	0.0
fam744	0.12871287128712872	0.12871287128712872	0.12871287128712872	0.0011142857142857141	0.0	0.001286666314194023	0.005771428571428572	0.0101	0.004998203758984474	205004	0.0020833333333333333
fam561	0.0	0.0	0.0	0.0	0.0	0.0	0.0021035714285714286	0.0	0.0023906786458566744	472333	0.0003422313483915127
fam385	0.0	0.0	0.0	0.0	0.0	0.0	0.0011357142857142857	0.0014	0.00089531091395842	464883	0.00019826902520602742
fam184	0.22644927536231885	0.2717391304347826	0.15020945608493658	0.002410714285714286	0.0025	0.0021632216856403066	0.007885714285714286	0.0138	0.00682922889841443	216670	0.0032399035563592526
fam312	nan	nan	nan	0.0	0.0	0.0	0.0	0.0	0.0	387939	0.0
fam696	0.17187500000000003	0.2291666666666667	0.15157950219640887	0.0008642857142857142	0.0011	0.0006804485315449162	0.002742857142857143	0.0048	0.002375383964665889	279878	0.0012063492063492068
fam334	nan	nan	nan	0.0	0.0	0.0	0.0	0.0	0.0	398784	0.0
fam863	0.0	0.0	0.0	0.0	0.0	0.0	0.003814285714285715	0.0	0.004404357767818002	48347	0.0005927682276229994
fam122	nan	nan	nan	0.0	0.0	0.0	0.0	0.0	0.0	142269	0.0
fam239	nan	nan	nan	0.0	0.0	0.0	0.0	0.0	0.0	296062	0.0
fam480	0.21666666666666667	0.21666666666666665	2.7755575615628914e-17	0.000557142857142857	0.0	0.0006433331570970116	0.0025714285714285717	0.0	0.002969229955832361	572654	0.0008873114463176574
fam790	0.13784461152882208	0.1929824561403509	0.08718058712243654	0.0005892857142857143	0.0011	0.000548595144576637	0.005496428571428573	0.0057	0.003878556629806021	150137	0.001333333333333334
fam226	nan	nan	nan	0.0	0.0	0.0	0.0	0.0	0.0	280533	0.0
fam675	0.0	0.0	0.0	0.0	0.0	0.0	0.002057142857142857	0.0	0.0024478020128020058	309788	0.00035508708978096735
fam396	nan	nan	nan	0.0	0.0	0.0	0.0	0.0	0.0	492708	0.0
fam517	nan	nan	nan	0.0	0.0	0.0	0.0	0.0	0.0	534275	0.0
fam520	0.0	0.0	0.0	0.0	0.0	0.0	0.003025	0.0	0.005239453692895853	530814	0.0004385964912280702
fam47	0.0	0.0	0.0	0.0	0.0	0.0	0.0036428571428571426	0.0068	0.0033913154392010286	41358	0.0008080155138978669
fam163	nan	nan	nan	0.0009428571428571429	0.0	0.0010887176504718657	0.0	0.0	0.0	191074	0.0007806401249024201
fam114	0.15	0.19999999999999998	0.08660254037844385	0.0006428571428571428	0.0012	0.0005984674304472402	0.0034285714285714297	0.006	0.002969229955832361	130710	0.0011115892139988526
fam466	0.0	0.0	0.0	0.0	0.0	0.0	0.008410714285714285	0.0071	0.006217391465289366	591513	0.0019448373408769448
fam456	0.08022836501097373	0.08152173913043478	0.06048288867903264	0.00075	0.0008	0.00051234753829798	0.011164285714285713	0.0138	0.008840580713218943	601702	0.002230675307598385
fam842	0.0	0.0	0.0	0.0	0.0	0.0	0.0013714285714285716	0.0	0.0015835893097772594	78716	0.00033068783068783067
fam279	nan	nan	nan	0.0	0.0	0.0	0.0	0.0	0.0	346875	0.0
fam819	0.0	0.0	0.0	0.0	0.0	0.0	0.0015857142857142858	0.0	0.0018310251394299563	104338	0.00030330603579011223
fam96	nan	nan	nan	0.0	0.0	0.0	0.0	0.0	0.0	109902	0.0
fam392	0.28089434385513007	0.17272727272727273	0.2803046935709844	0.0018392857142857139	0.0019	0.001235007023032167	0.007760714285714287	0.00685	0.0039183942853559545	476266	0.0027095583996310396
fam353	nan	nan	nan	0.0	0.0	0.0	0.0	0.0	0.0	417125	0.0
fam250	0.21557125045497139	0.20930232558139533	0.16412941501951997	0.00044642857142857147	0.0005	0.00039049615221914695	0.002421428571428571	0.0022	0.0018676488548166543	310707	0.0007909234713358426
fam418	nan	nan	nan	0.00032500000000000004	0.0	0.000562916512459885	0.0	0.0	0.0	520950	0.00026455026455026457
fam370	nan	nan	nan	0.0	0.0	0.0	0.0	0.0	0.0	440442	0.0
fam673	0.8605424146430274	0.5420168067226891	0.5860007450773908	0.03635357142857143	0.04195	0.024016147575907237	0.06461785714285714	0.0949	0.051710982900647136	315382	0.04005340453938584
fam776	0.27586206896551724	0.27586206896551724	0.16447227610636997	0.0007964285714285714	0.0005	0.0005532256984896742	0.001657142857142857	0.0029	0.001435127811985641	170048	0.0009471552681429223
fam745	0.0	0.0	0.0	0.0	0.0	0.0	0.005199999999999999	0.0	0.0058962457789439445	204325	0.0007575757575757575
fam483	0.10027552809551639	0.09604519774011298	0.07828531655210873	0.0009321428571428571	0.0017	0.0008685182667001522	0.009460714285714284	0.0089	0.006662439454869059	568684	0.0023393636930754834
fam841	nan	nan	nan	0.0	0.0	0.0	0.0	0.0	0.0	80288	0.0
fam439	nan	nan	nan	0.0	0.0	0.0	0.0	0.0	0.0	543977	0.0
fam725	0.0	0.0	0.0	0.0	0.0	0.0	0.0018	0.0018	0.0013606721028332181	237268	0.00029682398337785694
fam759	nan	nan	nan	0.0	0.0	0.0	0.0	0.0	0.0	191361	0.0
fam674	nan	nan	nan	0.0	0.0	0.0	0.0	0.0	0.0	312528	0.0
fam840	0.06177606177606178	0.0	0.09767653004381097	0.0004000000000000001	0.0	0.00045355736761107276	0.0009250000000000003	0.0	0.0016021469970012114	81472	0.000496031746031746
fam495	nan	nan	nan	0.0	0.0	0.0	0.0	0.0	0.0	554289	0.0
fam712	0.0	0.0	0.0	0.0	0.0	0.0	0.00105	0.0	0.0018186533479473213	255412	0.00018982536066818528
fam50	0.0	0.0	0.0	0.0	0.0	0.0	0.0026249999999999997	0.0	0.004546633369868303	44902	0.00046296296296296287
fam29	nan	nan	nan	0.0	0.0	0.0	0.0	0.0	0.0	18765	0.0
fam882	0.19214146736894702	0.1738629821531376	0.03215539553792598	0.044524999999999995	0.0433	0.026253089954191244	0.23714999999999997	0.2515	0.13763933070580825	28581	0.07550443906376111
fam828	nan	nan	nan	0.0	0.0	0.0	0.0	0.0	0.0	96218	0.0
fam509	nan	nan	nan	0.0	0.0	0.0	0.0	0.0	0.0	541679	0.0
fam571	nan	nan	nan	0.0010107142857142858	0.0011	0.0005614644663189074	0.0	0.0	0.0	456225	0.0008354218880534673
fam434	nan	nan	nan	0.0	0.0	0.0	0.0	0.0	0.0	538493	0.0
fam326	0.0	0.0	0.0	0.0	0.0	0.0	0.0058392857142857135	0.0109	0.005436079159895767	394106	0.0010088781275221952
fam534	0.15790742832485122	0.1715296198054819	0.16642667182197765	0.0003428571428571429	0.0	0.00039589732744431486	0.002132142857142857	0.0019	0.001504292328027789	504476	0.0006271665754424376
fam555	nan	nan	nan	0.002896428571428571	0.0025499999999999997	0.0018381827483486322	0.0	0.0	0.0	480606	0.0023909145248057376
fam761	nan	nan	nan	0.0	0.0	0.0	0.0	0.0	0.0	188585	0.0
fam496	0.0	0.0	0.0	0.0	0.0	0.0	0.006957142857142858	0.0088	0.0052112124015316775	552621	0.0010250675612710838
fam831	nan	nan	nan	0.0	0.0	0.0	0.0	0.0	0.0	92398	0.0
fam146	nan	nan	nan	0.0	0.0	0.0	0.0	0.0	0.0	174200	0.0
fam476	0.0	0.0	0.0	0.0	0.0	0.0	0.00255	0.0	0.004416729559300637	579363	0.00043630017452006987
fam757	nan	nan	nan	0.0	0.0	0.0	0.0	0.0	0.0	191841	0.0
fam234	0.0	0.0	0.0	0.0	0.0	0.0	0.003321428571428571	0.0062	0.003092081723977408	289118	0.000425170068027211
fam343	nan	nan	nan	0.0	0.0	0.0	0.0	0.0	0.0	408941	0.0
fam850	nan	nan	nan	0.0	0.0	0.0	0.0	0.0	0.0	69480	0.0
fam107	0.0	0.0	0.0	0.0	0.0	0.0	0.0032142857142857142	0.0	0.0037115374447904506	123043	0.0007215007215007214
fam92	0.0	0.0	0.0	0.0	0.0	0.0	0.0032214285714285726	0.0041	0.002536217253940142	105931	0.0007841459937268319
fam602	nan	nan	nan	0.0	0.0	0.0	0.0	0.0	0.0	413728	0.0
fam204	nan	nan	nan	0.0008571428571428573	0.0016	0.0007979565739296539	0.0	0.0	0.0	248296	0.000734861845972957
fam417	0.11939423803350098	0.13855421686746988	0.07330259853056628	0.001432142857142857	0.0023	0.0011563654796166217	0.011060714285714287	0.011	0.006946188023745433	518790	0.0025974025974025974
fam362	0.0	0.0	0.0	0.0	0.0	0.0	0.0019285714285714286	0.0036	0.0017954022913417213	432186	0.00036517674554484373
fam177	nan	nan	nan	0.0	0.0	0.0	0.0	0.0	0.0	209082	0.0
fam182	0.0	0.0	0.0	0.0	0.0	0.0	0.0012	0.0	0.0020784609690826525	215119	0.00017844396859386153
fam788	0.0	0.0	0.0	0.0	0.0	0.0	0.004539285714285715	0.0041	0.002758925681921742	152571	0.0008765976699468386
fam551	0.0	0.0	0.0	0.0	0.0	0.0	0.011321428571428574	0.0102	0.008812059802292747	485627	0.0021837137221752613
fam580	0.0	0.0	0.0	0.0	0.0	0.0	0.0022714285714285714	0.0	0.002622819794318585	443437	0.00045351473922902497
fam883	0.08717105786173832	0.09498787388843977	0.041967685388583725	0.01353571428571429	0.0155	0.008954297223987497	0.14126785714285714	0.1543	0.09356242779774455	27150	0.03714453979471648
fam61	0.0	0.0	0.0	0.0	0.0	0.0	0.0027142857142857142	0.0	0.0032166657854850577	58162	0.0006080389144905274
fam266	0.0	0.0	0.0	0.0	0.0	0.0	0.015	0.0096	0.011339564113567782	328854	0.0025931164545025935
fam199	0.0	0.0	0.0	0.0	0.0	0.0	0.0033428571428571426	0.0	0.00385999894258207	241346	0.000585480093676815
fam413	nan	nan	nan	0.0	0.0	0.0	0.0	0.0	0.0	511631	0.0
fam699	0.0	0.0	0.0	0.0	0.0	0.0	0.0025	0.0	0.002834733547569204	274302	0.0004251700680272108
fam832	nan	nan	nan	0.0	0.0	0.0	0.0	0.0	0.0	91452	0.0
fam711	nan	nan	nan	0.0	0.0	0.0	0.0	0.0	0.0	256802	0.0
fam515	nan	nan	nan	0.0	0.0	0.0	0.0	0.0	0.0	536006	0.0
fam482	6.269659582086823	6.119665825219377	2.5591112195088868	0.026414285714285717	0.0111	0.022827000214121658	0.004303571428571428	0.0	0.005645382572311206	570922	0.022820756209460526
fam511	0.0	0.0	0.0	0.0	0.0	0.0	0.001575	0.0	0.002727980021920982	539354	0.00026624068157614486
fam58	0.0	0.0	0.0	0.0	0.0	0.0	0.007339285714285713	0.0137	0.00683250316427266	54187	0.0015133171912832932
fam532	nan	nan	nan	0.00048214285714285715	0.0009	0.00044885057283543023	0.0	0.0	0.0	509654	0.0003807493146512336
fam454	nan	nan	nan	0.0	0.0	0.0	0.0	0.0	0.0	605149	0.0
fam545	0.5663393535754182	0.5432692307692307	0.1340024819975297	0.006421428571428572	0.00895	0.004254019707696403	0.010892857142857143	0.0191	0.009601708500181046	489309	0.007111935683364254
fam13	0.0	0.0	0.0	0.0	0.0	0.0	0.0018500000000000005	0.0	0.003204293994002423	1758	0.0003097893432465923
fam650	nan	nan	nan	0.0	0.0	0.0	0.0	0.0	0.0	354120	0.0
fam380	nan	nan	nan	0.0003214285714285714	0.0006	0.00029923371522362017	0.0	0.0	0.0	454484	0.0002713851498046027
fam344	nan	nan	nan	0.0006	0.0	0.0006928203230275509	0.0	0.0	0.0	410113	0.0004892367906066536
fam223	nan	nan	nan	0.00115	0.001	0.0009041570660012563	0.0	0.0	0.0	277609	0.0009536114187276978
fam409	nan	nan	nan	0.0	0.0	0.0	0.0	0.0	0.0	507540	0.0
fam772	nan	nan	nan	0.0017285714285714285	0.0022	0.0015948258173716346	0.0	0.0	0.0	175359	0.0014550264550264552
fam582	nan	nan	nan	0.0	0.0	0.0	0.0	0.0	0.0	440713	0.0
fam218	0.18461538461538463	0.3076923076923077	0.15073783032511867	0.0008571428571428572	0.0	0.000989743318610787	0.006528571428571428	0.0065	0.004951396422284551	271365	0.0021944261575597983
fam663	nan	nan	nan	0.0	0.0	0.0	0.0	0.0	0.0	328331	0.0
fam366	nan	nan	nan	0.0	0.0	0.0	0.0	0.0	0.0	435695	0.0
fam377	0.05555555555555556	0.0	0.08784104611578832	0.0003	0.0	0.00034641016151377546	0.0009	0.0	0.0015588457268119898	449868	0.0003940600630496101
fam823	nan	nan	nan	0.0	0.0	0.0	0.0	0.0	0.0	100693	0.0
fam896	0.0	0.0	0.0	0.0	0.0	0.0	0.013789285714285714	0.0141	0.009858076430945713	11377	0.0023809523809523807
fam763	nan	nan	nan	0.0	0.0	0.0	0.0	0.0	0.0	186473	0.0
fam586	0.0	0.0	0.0	0.0	0.0	0.0	0.005317857142857143	0.0044	0.0039333785524323355	435808	0.0009546271338724169
fam891	nan	nan	nan	0.0031821428571428565	0.0033	0.0028554526250452053	0.0	0.0	0.0	18356	0.002551020408163265
fam91	0.0	0.0	0.0	0.0	0.0	0.0	0.002753571428571429	0.0	0.003127696795550675	104493	0.0004065040650406503
fam296	0.0	0.0	0.0	0.0	0.0	0.0	0.004628571428571428	0.0081	0.004008460440373687	374208	0.08841215667154237
fam313	nan	nan	nan	0.0	0.0	0.0	0.0	0.0	0.0	388273	0.0
fam427	nan	nan	nan	0.0	0.0	0.0	0.0	0.0	0.0	533047	0.0
fam779	nan	nan	nan	0.0	0.0	0.0	0.0	0.0	0.0	164836	0.0
fam486	0.0	0.0	0.0	0.0	0.0	0.0	0.0054857142857142865	0.0	0.006334357239109038	565078	0.0007892659826361484
fam113	nan	nan	nan	0.0	0.0	0.0	0.0	0.0	0.0	129197	0.0
fam140	nan	nan	nan	0.0	0.0	0.0	0.0	0.0	0.0	165053	0.0
fam726	nan	nan	nan	0.0	0.0	0.0	0.0	0.0	0.0	235970	0.0
fam168	0.0	0.0	0.0	0.0	0.0	0.0	0.003375	0.0	0.005845671475544961	195981	0.000778816199376947
fam291	nan	nan	nan	0.0	0.0	0.0	0.0	0.0	0.0	366172	0.0
fam297	nan	nan	nan	0.0	0.0	0.0	0.0	0.0	0.0	374657	0.0
fam403	nan	nan	nan	0.0	0.0	0.0	0.0	0.0	0.0	502696	0.0
fam739	nan	nan	nan	0.0013714285714285716	0.0	0.0015835893097772594	0.0	0.0	0.0	216580	0.0010351966873706005
fam714	0.0	0.0	0.0	0.0	0.0	0.0	0.0031607142857142862	0.0059	0.0029424648663655983	253252	0.0006815703380588878
fam99	0.0	0.0	0.0	0.0	0.0	0.0	0.006214285714285714	0.0116	0.0057851851609899895	112850	0.0010757314974182443
fam305	nan	nan	nan	0.0	0.0	0.0	0.0	0.0	0.0	381762	0.0
fam538	0.05333333333333334	0.0	0.0843274042711568	0.0006	0.0	0.0006928203230275509	0.001875	0.0	0.003247595264191645	499918	0.000804948313845111
fam854	nan	nan	nan	0.0	0.0	0.0	0.0	0.0	0.0	60942	0.0
fam103	0.32371794871794873	0.23076923076923075	0.2126766195663987	0.0008071428571428571	0.0006	0.0005188783035332572	0.0011142857142857141	0.0	0.001286666314194023	119002	0.0008859357696566998
fam730	0.0	0.0	0.0	0.0	0.0	0.0	0.002925	0.0	0.005066248612138967	229745	0.0003912363067292645
fam11	nan	nan	nan	0.0012857142857142854	0.0012	0.0009869557399666215	0.0	0.0	0.0	112	0.0011016346837242359
fam4	nan	nan	nan	0.0	0.0	0.0	0.0	0.0	0.0	7407	0.0
fam690	nan	nan	nan	0.0	0.0	0.0	0.0	0.0	0.0	290814	0.0
fam632	0.0	0.0	0.0	0.0	0.0	0.0	0.003375	0.0	0.0058456714755449595	373143	0.0006038647342995169
fam186	nan	nan	nan	0.0028071428571428566	0.0032	0.0017584344846296358	0.0	0.0	0.0	219497	0.10665154950869238
fam753	nan	nan	nan	0.0	0.0	0.0	0.0	0.0	0.0	197274	0.0
fam316	nan	nan	nan	0.0	0.0	0.0	0.0	0.0	0.0	389873	0.0
fam149	0.0	0.0	0.0	0.0	0.0	0.0	0.0035357142857142857	0.0066	0.003291570867459822	177240	0.0007730364873222017
fam737	0.31625543221691216	0.2553191489361702	0.21684851794194077	0.0014107142857142858	0.0012	0.0007898188244845802	0.005521428571428572	0.0063	0.003293538820051113	218439	0.024349881796690304
fam28	0.0	0.0	0.0	0.0	0.0	0.0	0.0013000000000000002	0.0	0.00225166604983954	18249	0.0002805836139169473
fam32	0.0	0.0	0.0	0.0	0.0	0.0	0.0030857142857142854	0.0	0.003563075946998833	22100	0.00045495905368516835
fam665	nan	nan	nan	0.0	0.0	0.0	0.0	0.0	0.0	325874	0.0
fam599	0.0	0.0	0.0	0.0	0.0	0.0	0.003321428571428572	0.003	0.0025781163033248497	418189	0.0005933241463788087
fam742	nan	nan	nan	0.0	0.0	0.0	0.0	0.0	0.0	205990	0.0
fam373	nan	nan	nan	0.0	0.0	0.0	0.0	0.0	0.0	444714	0.0
fam269	0.0	0.0	0.0	0.0	0.0	0.0	0.00145	0.0	0.002511473670974872	335085	0.0002556237218813906
fam276	0.0	0.0	0.0	0.0	0.0	0.0	0.003428571428571429	0.0	0.003958973274443148	343186	0.0006211180124223603
fam573	nan	nan	nan	0.0	0.0	0.0	0.0	0.0	0.0	454167	0.0
fam151	0.0	0.0	0.0	0.0	0.0	0.0	0.01641428571428571	0.0113	0.013638017092087897	178635	0.0038402457757296463
fam499	0.23255813953488372	0.23255813953488372	0.0	0.0005357142857142857	0.001	0.0004987228587060335	0.0023035714285714287	0.0043	0.0021445082924359446	548393	0.0008710801393728223
fam468	0.0	0.0	0.0	0.0	0.0	0.0	0.0015499999999999997	0.0	0.002684678751731759	589937	0.000275027502750275
fam232	nan	nan	nan	0.0	0.0	0.0	0.0	0.0	0.0	287140	0.0
fam282	0.0	0.0	0.0	0.0	0.0	0.0	0.007660714285714286	0.0079	0.004751416276506728	352513	0.0012857142857142859
fam676	nan	nan	nan	0.0	0.0	0.0	0.0	0.0	0.0	309114	0.0
fam57	nan	nan	nan	0.0	0.0	0.0	0.0	0.0	0.0	53269	0.0
fam195	nan	nan	nan	0.0030428571428571427	0.0	0.003513588781068295	0.0	0.0	0.0	234134	0.0024213075060532693
fam529	nan	nan	nan	0.0	0.0	0.0	0.0	0.0	0.0	512572	0.0
fam420	0.0	0.0	0.0	0.0	0.0	0.0	0.005957142857142856	0.0	0.006878716064344969	522609	0.000816326530612245
fam429	nan	nan	nan	0.0	0.0	0.0	0.0	0.0	0.0	534313	0.0
fam550	0.0	0.0	0.0	0.0	0.0	0.0	0.009192857142857143	0.0132	0.007130113632205539	486145	0.0019756838905775074
fam39	nan	nan	nan	0.0007714285714285715	0.0	0.0008907689867497083	0.0	0.0	0.0	32169	0.0006105006105006106
fam724	0.07554292312475018	0.0	0.08643746621417074	0.00038571428571428567	0.0	0.00044538449337485416	0.004878571428571427	0.0044	0.002970372408452846	241005	0.0011960391633288828
fam754	nan	nan	nan	0.003571428571428572	0.004	0.002094696899802168	0.0	0.0	0.0	196641	0.002932207365704902
fam727	nan	nan	nan	0.0	0.0	0.0	0.0	0.0	0.0	233635	0.0
fam588	0.0	0.0	0.0	0.0	0.0	0.0	0.004842857142857143	0.0	0.0055920497501509465	434031	0.0009099181073703367
fam288	0.0	0.0	0.0	0.0	0.0	0.0	0.0036	0.0	0.006235382907247959	359201	0.0008012820512820511
fam241	0.0	0.0	0.0	0.0	0.0	0.0	0.0016749999999999998	0.0	0.0029011851026778694	298793	0.00025329280648429586
fam549	nan	nan	nan	0.0	0.0	0.0	0.0	0.0	0.0	486867	0.0
fam423	nan	nan	nan	0.0013142857142857142	0.0023	0.0011382048164024052	0.0	0.0	0.0	525981	0.0010240655401945725
fam493	nan	nan	nan	0.0	0.0	0.0	0.0	0.0	0.0	555716	0.0
fam104	0.0	0.0	0.0	0.0	0.0	0.0	0.0032142857142857142	0.0	0.0037115374447904506	120210	0.000513874614594039
fam335	nan	nan	nan	0.0	0.0	0.0	0.0	0.0	0.0	399214	0.0
fam570	0.0	0.0	0.0	0.0	0.0	0.0	0.008910714285714286	0.0134	0.007013270038480841	460926	0.001180901314949572
fam638	nan	nan	nan	0.0	0.0	0.0	0.0	0.0	0.0	367560	0.0
fam34	0.5180706603376795	0.5909090909090908	0.09146761718292847	0.001782142857142857	0.0017	0.001219793182536804	0.002992857142857143	0.0044	0.002659340489056393	25101	0.0995670995670996
fam310	nan	nan	nan	0.0	0.0	0.0	0.0	0.0	0.0	385645	0.0
fam634	0.0	0.0	0.0	0.0	0.0	0.0	0.0016607142857142858	0.0031	0.0015460408619887044	370693	0.0003223310985043837
fam590	nan	nan	nan	0.0	0.0	0.0	0.0	0.0	0.0	432515	0.08367346938775509
fam799	nan	nan	nan	0.0	0.0	0.0	0.0	0.0	0.0	140428	0.0
fam811	0.26738950266978984	0.29429429429429427	0.07786038265891812	0.015725	0.0207	0.0119297834072064	0.05269642857142857	0.06135	0.03929430604101437	115807	0.023243204164256796
fam121	1.2243589743589742	0.9487179487179487	0.5823745290143685	0.006310714285714283	0.007	0.002869711195737086	0.005014285714285713	0.0039	0.00401761427837416	141578	0.06765697429414244
fam606	0.0646153846153846	0.0	0.1044115661597363	0.0003	0.0	0.00034641016151377546	0.0016964285714285714	0.0	0.0020104161159281613	409789	0.0005942795797868262
fam147	nan	nan	nan	0.0	0.0	0.0	0.0	0.0	0.0	175715	0.0
fam522	1.0885616349709546	0.8056426332288402	0.9277186685313413	0.0022357142857142858	0.0022500000000000003	0.0008816438727555174	0.0023749999999999995	0.0019	0.0015258779674104256	516928	0.0367493667113694
fam541	nan	nan	nan	0.0	0.0	0.0	0.0	0.0	0.0	496653	0.0
fam118	nan	nan	nan	0.0	0.0	0.0	0.0	0.0	0.0	137617	0.0
fam128	nan	nan	nan	0.0	0.0	0.0	0.0	0.0	0.0	148008	0.0
fam623	nan	nan	nan	0.0	0.0	0.0	0.0	0.0	0.0	382436	0.0
fam390	nan	nan	nan	0.0	0.0	0.0	0.0	0.0	0.0	471344	0.0
fam564	nan	nan	nan	0.0	0.0	0.0	0.0	0.0	0.0	469702	0.0
fam592	nan	nan	nan	0.0	0.0	0.0	0.0	0.0	0.0	427737	0.0
fam381	nan	nan	nan	0.0018	0.0	0.002078460969082653	0.0	0.0	0.0	455001	0.0014285714285714286
fam637	0.0	0.0	0.0	0.0	0.0	0.0	0.004242857142857144	0.0	0.004899229427123395	368720	0.0007363770250368189
fam339	0.1865491510739168	0.18072289156626506	0.10772680499078978	0.0009464285714285715	0.001	0.0005233696746340302	0.0037392857142857137	0.0027	0.003487665949529886	403577	0.0013747884940778338
fam689	nan	nan	nan	0.0	0.0	0.0	0.0	0.0	0.0	291205	0.0
fam24	0.42307692307692313	0.42307692307692313	0.14102564102564105	0.0014928571428571428	0.0	0.0017691661820167818	0.0033428571428571426	0.0	0.00385999894258207	14530	0.0018925518925518928
fam178	nan	nan	nan	0.0	0.0	0.0	0.0	0.0	0.0	210257	0.0
fam152	0.0	0.0	0.0	0.0	0.0	0.0	0.018160714285714287	0.0339	0.016906704910134542	178861	0.0027056277056277064
fam525	nan	nan	nan	0.0	0.0	0.0	0.0	0.0	0.0	514678	0.0
fam54	0.24086378737541522	0.20930232558139533	0.077309476931695	0.0009035714285714286	0.0	0.0010300770230761327	0.00215	0.0	0.0037239092362730862	50363	0.0011363636363636363
fam695	0.1629497953027365	0.20879120879120877	0.06822533096025762	0.0010392857142857144	0.001	0.0007133118360928859	0.005999999999999999	0.0091	0.004711687595755899	281345	0.001890092529902956
fam579	nan	nan	nan	0.0	0.0	0.0	0.0	0.0	0.0	445549	0.0
fam560	0.0	0.0	0.0	0.0	0.0	0.0	0.0019714285714285715	0.0	0.0022764096328048104	474141	0.0003284072249589491
fam734	0.0	0.0	0.0	0.0	0.0	0.0	0.0036428571428571426	0.0068	0.0033913154392010286	224303	0.0006975446428571428
fam615	nan	nan	nan	0.0004392857142857142	0.0004	0.00030040364002251294	0.0	0.0	0.0	393405	0.00034704694598687537
fam844	0.0	0.0	0.0	0.0	0.0	0.0	0.0025714285714285713	0.0048	0.002393869721788961	74546	0.0005883737349964698
fam369	0.0	0.0	0.0	0.0	0.0	0.0	0.0018857142857142855	0.0033	0.0016330764757077985	438434	0.0003143171460003143
fam221	nan	nan	nan	0.0	0.0	0.0	0.0	0.0	0.0	273891	0.0
fam437	nan	nan	nan	0.010749999999999997	0.0044	0.010232284342078403	0.0	0.0	0.0	542183	0.008414360508601346
fam879	0.1267189671647042	0.13438225432035078	0.03922878697826203	0.048085714285714294	0.053	0.023393813502806286	0.42558214285714274	0.3877	0.2697856517597038	31335	0.09179624230644638
fam220	0.0	0.0	0.0	0.0	0.0	0.0	0.003107142857142857	0.0058	0.0028925925804949948	273336	0.0006565126050420168
fam383	0.18421052631578946	0.22807017543859648	0.1254820127745831	0.0010999999999999998	0.0013	0.0008053393251117374	0.004478571428571429	0.0057	0.0035259605725509284	458381	0.0016954150081085067
fam101	nan	nan	nan	0.0	0.0	0.0	0.0	0.0	0.0	113979	0.0
fam337	0.0	0.0	0.0	0.0	0.0	0.0	0.006942857142857144	0.0072	0.006230078454644083	400754	0.0008640552995391706
fam459	0.0	0.0	0.0	0.0	0.0	0.0	0.014685714285714286	0.0257	0.012718201644148613	600109	0.0020481310803891445
fam502	0.0	0.0	0.0	0.0	0.0	0.0	0.006107142857142858	0.0114	0.005685440589248783	547037	0.001214771622934888
fam548	0.0	0.0	0.0	0.0	0.0	0.0	0.004725	0.0049	0.004239914503855001	487389	0.0008096437567470313
fam478	0.23076923076923078	0.23076923076923078	0.0	0.0008571428571428574	0.0015	0.0007423074889580903	0.003714285714285715	0.0065	0.003216665785485058	576605	0.001410934744268078
fam691	nan	nan	nan	0.0006107142857142857	0.0005	0.0005087374327786428	0.0	0.0	0.0	288212	0.0004903563255966002
fam20	nan	nan	nan	0.0	0.0	0.0	0.0	0.0	0.0	9631	0.0
fam33	nan	nan	nan	0.0	0.0	0.0	0.0	0.0	0.0	23191	0.0
fam365	nan	nan	nan	0.0	0.0	0.0	0.0	0.0	0.0	435160	0.0
fam208	nan	nan	nan	0.00842142857142857	0.0102	0.006751473762015495	0.0	0.0	0.0	252724	0.006118648576749134
fam22	nan	nan	nan	0.0	0.0	0.0	0.0	0.0	0.0	12964	0.0
fam693	1.2551968155683326	1.2941176470588236	0.5019036568455106	0.0016428571428571427	0.0019000000000000002	0.001026237431253666	0.001339285714285714	0.0017	0.0010587523944025161	283495	0.00463044113350862
fam633	nan	nan	nan	0.0	0.0	0.0	0.0	0.0	0.0	372479	0.0
fam299	nan	nan	nan	0.0	0.0	0.0	0.0	0.0	0.0	376529	0.0
fam378	nan	nan	nan	0.0008142857142857142	0.0	0.0009402561526802478	0.0	0.0	0.0	450928	0.0006238303181534623
fam139	nan	nan	nan	0.0	0.0	0.0	0.0	0.0	0.0	164281	0.0
fam37	0.0	0.0	0.0	0.0	0.0	0.0	0.0018428571428571426	0.0	0.0021279481350131918	30638	0.00031959092361776926
fam836	nan	nan	nan	0.0	0.0	0.0	0.0	0.0	0.0	86364	0.0
fam774	0.0	0.0	0.0	0.0	0.0	0.0	0.006521428571428571	0.0083	0.00601684285644753	174544	0.0012591575091575092
fam473	nan	nan	nan	0.0	0.0	0.0	0.0	0.0	0.0	584264	0.0
fam447	0.0	0.0	0.0	0.0	0.0	0.0	0.0026678571428571433	0.0	0.00317153112768542	559040	0.0004375057566546929
fam201	nan	nan	nan	0.0	0.0	0.0	0.0	0.0	0.0	243406	0.0
fam308	0.0	0.0	0.0	0.0	0.0	0.0	0.005185714285714286	0.0	0.005987947077595261	383221	0.000992063492063492
fam591	0.1845238095238095	0.2142857142857143	0.0719228926999677	0.0008428571428571429	0.001	0.0005088001091002322	0.0024	0.0	0.0027712812921102037	429534	0.0010598141695702672
fam795	0.0	0.0	0.0	0.0	0.0	0.0	0.007178571428571428	0.0134	0.006682886306660851	145256	0.0010382059800664453
fam391	0.0	0.0	0.0	0.0	0.0	0.0	0.0015999999999999996	0.0028	0.0013856406460551016	473746	0.00023809523809523812
fam528	nan	nan	nan	0.0017142857142857146	0.0032	0.0015959131478593075	0.0	0.0	0.0	512939	0.0013130252100840335
fam777	0.0	0.0	0.0	0.0	0.0	0.0	0.007392857142857144	0.009	0.0059181276341320616	168424	0.0011701261701261702
fam472	0.0	0.0	0.0	0.0	0.0	0.0	0.0034285714285714293	0.006	0.0029692299558323606	584838	0.0005933837709538644
fam773	nan	nan	nan	0.002999999999999999	0.0056	0.0027928480087537877	0.0	0.0	0.0	175160	0.0025510204081632655
fam516	nan	nan	nan	0.0	0.0	0.0	0.0	0.0	0.0	535284	0.031512605042016806
fam729	nan	nan	nan	0.0	0.0	0.0	0.0	0.0	0.0	232176	0.0
fam756	nan	nan	nan	0.0	0.0	0.0	0.0	0.0	0.0	193823	0.0
fam627	0.09782608695652174	0.16304347826086957	0.07987466552553842	0.001017857142857143	0.0015	0.0009012109200675387	0.004928571428571429	0.0092	0.0045882503000955095	379359	0.0015811011904761905
fam325	nan	nan	nan	0.0	0.0	0.0	0.0	0.0	0.0	393561	0.0
fam408	0.0	0.0	0.0	0.0	0.0	0.0	0.010450000000000001	0.0075	0.005824118572183876	506813	0.0016121031746031747
fam421	0.058608058608058615	0.0	0.0879120879120879	0.0003428571428571429	0.0	0.00039589732744431486	0.0021000000000000003	0.0	0.0023811761799581313	524247	0.0006190476190476189
fam678	nan	nan	nan	0.0	0.0	0.0	0.0	0.0	0.0	307940	0.0
fam172	nan	nan	nan	0.0003428571428571429	0.0	0.00039589732744431486	0.0	0.0	0.0	204620	0.0002945508100147275
fam740	0.11000000000000001	0.18333333333333335	0.08981462390204986	0.0007392857142857142	0.0011	0.000645500517712687	0.0032142857142857147	0.006	0.002992337152236202	214644	0.0011028934734656805
fam895	0.14312630723755854	0.12048192771084337	0.10452227477692597	0.0005714285714285716	0.001	0.0004948716593053935	0.003239285714285715	0.0041	0.0030021824544480833	11791	0.0010745390792896734
fam255	nan	nan	nan	0.0	0.0	0.0	0.0	0.0	0.0	315399	0.0
fam169	nan	nan	nan	0.0	0.0	0.0	0.0	0.0	0.0	197062	0.0
fam338	nan	nan	nan	0.0012857142857142859	0.0	0.0014846149779161805	0.0	0.0	0.0	401165	0.0010741138560687433
fam452	0.6646032819381877	0.5555555555555556	0.24454054691341737	0.0023	0.0023	0.000963253415699702	0.0037392857142857145	0.0037	0.0017919142369692421	606157	0.0025985837718443443
fam845	nan	nan	nan	0.0	0.0	0.0	0.0	0.0	0.0	73216	0.0
fam286	nan	nan	nan	0.0	0.0	0.0	0.0	0.0	0.0	356953	0.0
fam506	nan	nan	nan	0.0	0.0	0.0	0.0	0.0	0.0	543350	0.0
fam686	0.0	0.0	0.0	0.0	0.0	0.0	0.008542857142857142	0.0109	0.006406438088328944	293508	0.0014272739068379393
fam898	nan	nan	nan	0.0	0.0	0.0	0.0	0.0	0.0	10008	0.0
fam723	nan	nan	nan	0.0	0.0	0.0	0.0	0.0	0.0	244193	0.0
fam830	0.15873015873015875	0.1851851851851852	0.06480131594664493	0.0006428571428571429	0.0	0.0007423074889580903	0.002025	0.0	0.0035074028853269764	93946	0.0008503401360544217
fam367	nan	nan	nan	0.0	0.0	0.0	0.0	0.0	0.0	436107	0.0
fam614	nan	nan	nan	0.0	0.0	0.0	0.0	0.0	0.0	397229	0.0
fam624	0.0	0.0	0.0	0.0	0.0	0.0	0.002275	0.0	0.003940415587219196	381890	0.004578754578754578
fam398	0.0	0.0	0.0	0.0	0.0	0.0	0.003107142857142857	0.0058	0.0028925925804949948	494487	0.0021139296840231416
fam670	nan	nan	nan	0.0	0.0	0.0	0.0	0.0	0.0	321893	0.0
fam342	0.0	0.0	0.0	0.0	0.0	0.0	0.006257142857142857	0.0	0.007225126225858746	408816	0.0012004801920768306
fam340	0.21052631578947367	0.22222222222222218	0.14817379484584708	0.0006214285714285714	0.0006	0.0004082691189269496	0.002121428571428572	0.0027	0.0016701918501557031	406033	0.0009008054260279778
fam442	nan	nan	nan	0.0	0.0	0.0	0.0	0.0	0.0	550011	0.0
fam264	nan	nan	nan	0.0	0.0	0.0	0.0	0.0	0.0	326645	0.0
fam49	0.0	0.0	0.0	0.0	0.0	0.0	0.00135	0.0	0.0023382685902179844	44171	0.00018982536066818528
fam871	0.2572438055227915	0.24247440745000837	0.020531313647749527	0.053885714285714294	0.068	0.03489392818944001	0.2082071428571428	0.2833	0.1323598205341664	37987	0.08817878028404344
fam683	0.0	0.0	0.0	0.0	0.0	0.0	0.002357142857142857	0.0044	0.002194380578306548	298436	0.0005087505087505088
fam451	0.0	0.0	0.0	0.0	0.0	0.0	0.0026285714285714285	0.0032	0.0021042231588025108	565366	0.0003579209461562402
fam219	nan	nan	nan	0.0	0.0	0.0	0.0	0.0	0.0	272129	0.0
fam138	nan	nan	nan	0.0	0.0	0.0	0.0	0.0	0.0	163691	0.0
fam783	0.07407407407407408	0.0	0.10475656017578483	0.0004285714285714286	0.0	0.0004948716593053935	0.0019285714285714281	0.0	0.0022269224668742707	158817	0.000685166152792052
fam553	nan	nan	nan	0.0	0.0	0.0	0.0	0.0	0.0	483224	0.0
fam660	nan	nan	nan	0.0	0.0	0.0	0.0	0.0	0.0	335770	0.0
fam59	nan	nan	nan	0.0	0.0	0.0	0.0	0.0	0.0	55703	0.0
fam492	0.0	0.0	0.0	0.0	0.0	0.0	0.001375	0.0	0.002381569860407206	556462	0.0002787068004459309
fam206	nan	nan	nan	0.0	0.0	0.0	0.0	0.0	0.0	250359	0.0
fam477	0.0	0.0	0.0	0.0	0.0	0.0	0.003657142857142858	0.0064	0.0031671786195545185	577610	0.0005092946269416857
fam189	0.0	0.0	0.0	0.0	0.0	0.0	0.0017607142857142856	0.0029	0.0014163179843005105	225493	0.0003569328966154363
fam70	0.0	0.0	0.0	0.0	0.0	0.0	0.0018214285714285713	0.0034	0.0016956577196005143	71428	0.0003799392097264438
fam710	0.0	0.0	0.0	0.0	0.0	0.0	0.002785714285714285	0.0052	0.0025933588652713746	257418	0.0004398311048557355
fam205	nan	nan	nan	0.0	0.0	0.0	0.0	0.0	0.0	249736	0.0
fam160	nan	nan	nan	0.0	0.0	0.0	0.0	0.0	0.0	187421	0.0
fam125	nan	nan	nan	0.0	0.0	0.0	0.0	0.0	0.0	143825	0.0
fam852	nan	nan	nan	0.0	0.0	0.0	0.0	0.0	0.0	64674	0.0
fam609	0.0	0.0	0.0	0.0	0.0	0.0	0.0004285714285714287	0.0	0.0004948716593053935	402282	8.979078746520609e-05
fam42	0.0	0.0	0.0	0.0	0.0	0.0	0.00475	0.0	0.008227241335952167	35576	0.0010482180293501049
fam644	nan	nan	nan	0.0	0.0	0.0	0.0	0.0	0.0	362369	0.0
fam728	0.0	0.0	0.0	0.0	0.0	0.0	0.013382142857142856	0.0121	0.01040024222147283	233177	0.003844246031746032
fam450	nan	nan	nan	0.0009642857142857142	0.0018	0.0008977011456708605	0.0	0.0	0.0	562915	0.0007832080200501253
fam173	nan	nan	nan	0.0	0.0	0.0	0.0	0.0	0.0	205491	0.0
fam1	0.0	0.0	0.0	0.0	0.0	0.0	0.0054	0.0	0.0062353829072479584	9153	0.0010167768174885613
fam829	nan	nan	nan	0.0	0.0	0.0	0.0	0.0	0.0	94753	0.0
fam56	0.0	0.0	0.0	0.0	0.0	0.0	0.0029500000000000004	0.0	0.0051095498823281885	52501	0.00039872408293460925
fam354	0.0	0.0	0.0	0.0	0.0	0.0	0.0018428571428571426	0.0	0.0021279481350131918	419090	0.0002927400468384075
fam120	nan	nan	nan	0.0015857142857142858	0.0	0.001831025139429956	0.0	0.0	0.0	139978	0.0012987012987012987
fam105	nan	nan	nan	0.0009000000000000003	0.0009	0.000680336051416609	0.0	0.0	0.0	122022	0.0007215007215007213
fam51	0.14814814814814814	0.22222222222222218	0.09840165394889945	0.0005142857142857143	0.0	0.0005938459911664722	0.0029892857142857143	0.0027	0.0027325209822373453	47050	0.0009643032470720247
fam3	nan	nan	nan	0.0	0.0	0.0	0.0	0.0	0.0	7777	0.0
fam67	nan	nan	nan	0.0	0.0	0.0	0.0	0.0	0.0	66853	0.0
fam132	nan	nan	nan	0.0	0.0	0.0	0.0	0.0	0.0	152324	0.0
fam319	nan	nan	nan	0.0	0.0	0.0	0.0	0.0	0.0	391355	0.0
fam600	0.10254140491147916	0.10294117647058824	0.06856286200768069	0.0006	0.0007	0.00044721359549995795	0.00537142857142857	0.0068	0.004040054556107693	415974	0.00137674117265954
fam843	nan	nan	nan	0.0008142857142857142	0.0	0.0009402561526802478	0.0	0.0	0.0	76833	0.0006802721088435375
fam596	nan	nan	nan	0.0	0.0	0.0	0.0	0.0	0.0	423393	0.0
fam704	nan	nan	nan	0.002	0.0023	0.0013480144128097658	0.0	0.0	0.0	266534	0.0016420361247947454
fam458	nan	nan	nan	0.0	0.0	0.0	0.0	0.0	0.0	600652	0.0
fam66	0.08859357696567001	0.124031007751938	0.05603149785458923	0.0008571428571428573	0.0016	0.0007979565739296539	0.0032249999999999996	0.0	0.005585863854409629	66125	0.0013027852650494159
fam881	0.22630325207980878	0.2073887489504618	0.02659535253924408	0.03798928571428572	0.0494	0.020639807918640313	0.16932499999999998	0.2198	0.09021791327114588	29487	0.07440476190476189
fam72	nan	nan	nan	0.0	0.0	0.0	0.0	0.0	0.0	74221	0.0
fam410	0.17486338797814208	0.26229508196721313	0.12364708742059849	0.0006857142857142858	0.0	0.0007917946548886296	0.0032678571428571427	0.0061	0.003042209438106805	508350	0.001203852327447833
fam521	nan	nan	nan	0.0	0.0	0.0	0.0	0.0	0.0	529955	0.0
fam792	nan	nan	nan	0.0	0.0	0.0	0.0	0.0	0.0	148218	0.0
fam108	0.0	0.0	0.0	0.0	0.0	0.0	0.0041571428571428575	0.0	0.004800255095262317	123690	0.0006802721088435375
fam394	0.3835455201182324	0.3692307692307692	0.1822575916009117	0.0020714285714285713	0.0019	0.0012889245635847914	0.005635714285714285	0.0065	0.003244359312243139	483642	0.014442504768370348
fam601	nan	nan	nan	0.0009428571428571429	0.0012	0.0007423074889580902	0.0	0.0	0.0	414375	0.0007818052594171996
fam210	nan	nan	nan	0.00017142857142857145	0.0	0.00019794866372215743	0.0	0.0	0.0	258479	0.0001378929950358522
fam760	0.0	0.0	0.0	0.0	0.0	0.0	0.000975	0.0	0.0016887495373796553	189328	0.00015994881637875876
fam14	nan	nan	nan	0.0	0.0	0.0	0.0	0.0	0.0	3437	0.0
fam713	nan	nan	nan	0.002453571428571429	0.0025	0.0022064001293084275	0.0	0.0	0.0	254042	0.001913265306122449
fam333	0.0	0.0	0.0	0.0	0.0	0.0	0.006214285714285715	0.0	0.007175639059928207	398134	0.000992063492063492
fam668	nan	nan	nan	0.0	0.0	0.0	0.0	0.0	0.0	323764	0.0
fam64	0.20138888888888892	0.0	0.291087387710204	0.0006642857142857143	0.0	0.0007334917886940743	0.0010285714285714286	0.0	0.0011876919823329444	63502	0.0007188256658595642
fam97	nan	nan	nan	0.0012	0.0021	0.0010392304845413263	0.0	0.0	0.0	110783	0.0010296010296010295
fam415	nan	nan	nan	0.0	0.0	0.0	0.0	0.0	0.0	514298	0.0
fam782	0.13675213675213674	0.20512820512820515	0.12791991065893818	0.0004000000000000001	0.0	0.00045355736761107276	0.0016714285714285713	0.0	0.001929999471291035	160727	0.0006117071334462639
fam862	nan	nan	nan	0.0	0.0	0.0	0.0	0.0	0.0	50543	0.0
fam156	0.16406249999999997	0.16406249999999997	0.0	0.0009	0.0	0.0010392304845413265	0.0054857142857142865	0.0	0.006334357239109038	183195	0.001536098310291859
fam135	nan	nan	nan	0.0	0.0	0.0	0.0	0.0	0.0	157161	0.0
fam190	nan	nan	nan	0.0077571428571428565	0.0064	0.006043912437405129	0.0	0.0	0.0	226560	0.0058652729384436695
fam341	nan	nan	nan	0.0004285714285714286	0.0	0.0004948716593053935	0.0	0.0	0.0	408387	0.00032916392363396965
fam183	nan	nan	nan	0.0	0.0	0.0	0.0	0.0	0.0	215980	0.0
fam681	0.23352428393524285	0.29090909090909095	0.19812743219572113	0.0013714285714285716	0.0	0.0015835893097772594	0.004714285714285713	0.0037	0.0037680720994878497	301377	0.002126905352711804
fam227	nan	nan	nan	0.0013714285714285714	0.0024	0.0011876919823329444	0.0	0.0	0.0	281257	0.0011544011544011544
fam412	0.0	0.0	0.0	0.0	0.0	0.0	0.004842857142857143	0.0	0.0055920497501509465	510380	0.0007639419404125285
fam215	0.6808510638297872	0.7234042553191489	0.162270371470178	0.0022928571428571425	0.0024000000000000002	0.0010960736978052198	0.002014285714285714	0.0	0.0023258967987353496	268257	0.002232142857142857
