fam	avg_dnds	med_dnds	SDdnds	dn	med_dn	SDdn	ds	med_ds	SDds	loc	Pi
fam393	nan	nan	nan	0.0	0.0	0.0	0.0	0.0	0.0	476991	0.0
fam158	nan	nan	nan	0.0	0.0	0.0	0.0	0.0	0.0	192167	0.0
fam1037	nan	nan	nan	0.0	0.0	0.0	0.0	0.0	0.0	569559	0.00405939536374319
fam1031	nan	nan	nan	0.0	0.0	0.0	0.0	0.0	0.0	573147	0.0
fam680	nan	nan	nan	0.0	0.0	0.0	0.0	0.0	0.0	832491	0.0
fam875	nan	nan	nan	0.0	0.0	0.0	0.0	0.0	0.0	761652	0.0
fam425	nan	nan	nan	0.0	0.0	0.0	0.0	0.0	0.0	528453	0.0
fam1195	nan	nan	nan	0.0	0.0	0.0	0.0	0.0	0.0	363958	0.0
fam98	nan	nan	nan	0.0	0.0	0.0	0.0	0.0	0.0	123033	0.0
fam657	nan	nan	nan	0.0	0.0	0.0	0.0	0.0	0.0	806460	0.0
fam265	nan	nan	nan	0.0	0.0	0.0	0.0	0.0	0.0	300299	0.0
fam1040	nan	nan	nan	0.0	0.0	0.0	0.0	0.0	0.0	564807	0.0
fam443	nan	nan	nan	0.0	0.0	0.0	0.0	0.0	0.0	551702	0.0
fam355	nan	nan	nan	0.0	0.0	0.0	0.0	0.0	0.0	402984	0.0
fam1093	nan	nan	nan	0.0	0.0	0.0	0.0	0.0	0.0	484839	0.0
fam814	nan	nan	nan	0.0	0.0	0.0	0.0	0.0	0.0	845543	0.0
fam321	nan	nan	nan	0.0	0.0	0.0	0.0	0.0	0.0	357300	0.0
fam594	nan	nan	nan	0.0	0.0	0.0	0.0	0.0	0.0	733884	0.0
fam346	nan	nan	nan	0.0	0.0	0.0	0.0	0.0	0.0	389066	0.0
fam643	nan	nan	nan	0.0	0.0	0.0	0.0	0.0	0.0	793001	0.0
fam62	nan	nan	nan	0.0	0.0	0.0	0.0	0.0	0.0	79025	0.0
fam922	nan	nan	nan	0.0	0.0	0.0	0.0	0.0	0.0	701526	0.0
fam494	nan	nan	nan	0.0	0.0	0.0	0.0	0.0	0.0	613808	0.0
fam1358	nan	nan	nan	0.0	0.0	0.0	0.0	0.0	0.0	148352	0.0
fam651	nan	nan	nan	0.0	0.0	0.0	0.0	0.0	0.0	801683	0.0
fam870	nan	nan	nan	0.0	0.0	0.0	0.0	0.0	0.0	772229	0.0
fam150	nan	nan	nan	0.0	0.0	0.0	0.0	0.0	0.0	179106	0.0
fam155	nan	nan	nan	0.0	0.0	0.0	0.0	0.0	0.0	190536	0.0
fam179	nan	nan	nan	0.0	0.0	0.0	0.0	0.0	0.0	212459	0.0
fam885	nan	nan	nan	0.0	0.0	0.0	0.0	0.0	0.0	749870	0.0
fam1001	nan	nan	nan	0.0	0.0	0.0	0.0	0.0	0.0	610756	0.00690299552277959
fam43	nan	nan	nan	0.0	0.0	0.0	0.0	0.0	0.0	62767	0.0
fam1364	nan	nan	nan	0.0	0.0	0.0	0.0	0.0	0.0	143665	0.0
fam174	nan	nan	nan	0.0	0.0	0.0	0.0	0.0	0.0	208301	0.0
fam1446	nan	nan	nan	0.0	0.0	0.0	0.0	0.0	0.0	17629	0.0
fam1143	nan	nan	nan	0.0	0.0	0.0	0.0	0.0	0.0	428745	0.0
fam933	nan	nan	nan	0.0	0.0	0.0	0.0	0.0	0.0	688678	0.0
fam839	nan	nan	nan	0.0	0.0	0.0	0.0	0.0	0.0	812713	0.0
fam1447	nan	nan	nan	0.0	0.0	0.0	0.0	0.0	0.0	16254	0.0
fam317	nan	nan	nan	0.0	0.0	0.0	0.0	0.0	0.0	351297	0.0
fam568	nan	nan	nan	0.0	0.0	0.0	0.0	0.0	0.0	706005	0.0
fam645	nan	nan	nan	0.0	0.0	0.0	0.0	0.0	0.0	794666	0.0
fam124	nan	nan	nan	0.0	0.0	0.0	0.0	0.0	0.0	152237	0.0
fam732	nan	nan	nan	0.0	0.0	0.0	0.0	0.0	0.0	955082	0.0
fam989	nan	nan	nan	0.0	0.0	0.0	0.0	0.0	0.0	626802	0.0
fam1082	nan	nan	nan	0.0	0.0	0.0	0.0	0.0	0.0	506030	0.0
fam622	nan	nan	nan	0.0	0.0	0.0	0.0	0.0	0.0	770410	0.0
fam1197	nan	nan	nan	0.0	0.0	0.0	0.0	0.0	0.0	362312	0.0
fam531	nan	nan	nan	0.0	0.0	0.0	0.0	0.0	0.0	662110	0.0
fam1334	nan	nan	nan	0.0	0.0	0.0	0.0	0.0	0.0	181230	0.0
fam646	nan	nan	nan	0.0	0.0	0.0	0.0	0.0	0.0	795195	0.0
fam504	nan	nan	nan	0.0	0.0	0.0	0.0	0.0	0.0	628507	0.0
fam363	nan	nan	nan	0.0	0.0	0.0	0.0	0.0	0.0	410390	0.0
fam233	nan	nan	nan	0.0	0.0	0.0	0.0	0.0	0.0	256468	0.0
fam565	nan	nan	nan	0.0	0.0	0.0	0.0	0.0	0.0	701828	0.0
fam1369	nan	nan	nan	0.0	0.0	0.0	0.0	0.0	0.0	138500	0.0
fam231	nan	nan	nan	0.0	0.0	0.0	0.0	0.0	0.0	255565	0.0
fam1318	nan	nan	nan	0.0	0.0	0.0	0.0	0.0	0.0	208098	0.006979311327137415
fam1145	nan	nan	nan	0.0	0.0	0.0	0.0	0.0	0.0	426120	0.004887091338051904
fam229	nan	nan	nan	0.0	0.0	0.0	0.0	0.0	0.0	253809	0.0004899879136314638
fam488	nan	nan	nan	0.0	0.0	0.0	0.0	0.0	0.0	604564	0.0
fam69	nan	nan	nan	0.0	0.0	0.0	0.0	0.0	0.0	86233	0.0
fam1009	nan	nan	nan	0.0	0.0	0.0	0.0	0.0	0.0	599619	0.0
fam1312	nan	nan	nan	0.0	0.0	0.0	0.0	0.0	0.0	221086	0.0
fam222	nan	nan	nan	0.0	0.0	0.0	0.0	0.0	0.0	247811	0.0
fam1331	nan	nan	nan	0.0	0.0	0.0	0.0	0.0	0.0	187398	0.0
fam942	nan	nan	nan	0.0	0.0	0.0	0.0	0.0	0.0	677476	0.0
fam949	nan	nan	nan	0.0	0.0	0.0	0.0	0.0	0.0	670094	0.0
fam1221	nan	nan	nan	0.0	0.0	0.0	0.0	0.0	0.0	339869	0.0
fam1393	nan	nan	nan	0.0	0.0	0.0	0.0	0.0	0.0	104467	0.0
fam498	nan	nan	nan	0.0	0.0	0.0	0.0	0.0	0.0	621590	0.0
fam74	nan	nan	nan	0.0	0.0	0.0	0.0	0.0	0.0	93835	0.0
fam983	nan	nan	nan	0.0	0.0	0.0	0.0	0.0	0.0	630657	0.0
fam868	nan	nan	nan	0.0	0.0	0.0	0.0	0.0	0.0	778334	0.0
fam93	nan	nan	nan	0.0	0.0	0.0	0.0	0.0	0.0	116264	0.0
fam176	nan	nan	nan	0.0	0.0	0.0	0.0	0.0	0.0	210769	0.005721814417466592
fam1242	nan	nan	nan	0.0	0.0	0.0	0.0	0.0	0.0	309597	0.0
fam817	nan	nan	nan	0.0	0.0	0.0	0.0	0.0	0.0	843646	0.0
fam1203	nan	nan	nan	0.0	0.0	0.0	0.0	0.0	0.0	357137	0.0
fam1200	nan	nan	nan	0.0	0.0	0.0	0.0	0.0	0.0	359346	0.0
fam287	nan	nan	nan	0.0	0.0	0.0	0.0	0.0	0.0	324269	0.0
fam225	nan	nan	nan	0.0	0.0	0.0	0.0	0.0	0.0	249699	0.0
fam262	nan	nan	nan	0.0	0.0	0.0	0.0	0.0	0.0	295964	0.0
fam1371	nan	nan	nan	0.0	0.0	0.0	0.0	0.0	0.0	136790	0.0
fam1046	nan	nan	nan	0.0	0.0	0.0	0.0	0.0	0.0	550008	0.0
fam1067	nan	nan	nan	0.0	0.0	0.0	0.0	0.0	0.0	522708	0.0
fam374	nan	nan	nan	0.0	0.0	0.0	0.0	0.0	0.0	432217	0.0
fam256	nan	nan	nan	0.0	0.0	0.0	0.0	0.0	0.0	291959	0.0
fam1362	nan	nan	nan	0.0	0.0	0.0	0.0	0.0	0.0	144853	0.0
fam44	nan	nan	nan	0.0	0.0	0.0	0.0	0.0	0.0	63678	0.0
fam1422	nan	nan	nan	0.0	0.0	0.0	0.0	0.0	0.0	60408	0.0
fam518	nan	nan	nan	0.0	0.0	0.0	0.0	0.0	0.0	642954	0.0
fam964	nan	nan	nan	0.0	0.0	0.0	0.0	0.0	0.0	656685	0.0
fam258	nan	nan	nan	0.0	0.0	0.0	0.0	0.0	0.0	292861	0.0
fam1091	nan	nan	nan	0.0	0.0	0.0	0.0	0.0	0.0	487858	0.0
fam1002	nan	nan	nan	0.0	0.0	0.0	0.0	0.0	0.0	610081	0.0
fam1419	nan	nan	nan	0.0	0.0	0.0	0.0	0.0	0.0	63731	0.02672159438846518
fam1172	nan	nan	nan	0.0	0.0	0.0	0.0	0.0	0.0	401430	0.0
fam833	nan	nan	nan	0.0	0.0	0.0	0.0	0.0	0.0	822225	0.039617969579059074
fam794	nan	nan	nan	0.0	0.0	0.0	0.0	0.0	0.0	866685	0.0
fam162	nan	nan	nan	0.0	0.0	0.0	0.0	0.0	0.0	196030	0.0
fam1120	nan	nan	nan	0.0	0.0	0.0	0.0	0.0	0.0	454801	0.0060199590726880275
fam1231	nan	nan	nan	0.0	0.0	0.0	0.0	0.0	0.0	325284	0.0
fam254	nan	nan	nan	0.0	0.0	0.0	0.0	0.0	0.0	290847	0.0
fam475	nan	nan	nan	0.0	0.0	0.0	0.0	0.0	0.0	591442	0.0
fam796	nan	nan	nan	0.0	0.0	0.0	0.0	0.0	0.0	865451	0.0
fam15	nan	nan	nan	0.0	0.0	0.0	0.0	0.0	0.0	23832	0.0
fam559	nan	nan	nan	0.0	0.0	0.0	0.0	0.0	0.0	694271	0.0
fam462	nan	nan	nan	0.0	0.0	0.0	0.0	0.0	0.0	576781	0.0
fam17	nan	nan	nan	0.0	0.0	0.0	0.0	0.0	0.0	25879	0.0
fam1130	nan	nan	nan	0.0	0.0	0.0	0.0	0.0	0.0	442830	0.0
fam1048	nan	nan	nan	0.0	0.0	0.0	0.0	0.0	0.0	548048	0.0
fam603	nan	nan	nan	0.0	0.0	0.0	0.0	0.0	0.0	748040	0.0
fam300	0.0	0.0	0.0	0.0	0.0	0.0	0.0008466403162055337	0.0	0.0018976474350162137	334300	0.00021120598618109407
fam576	nan	nan	nan	0.0	0.0	0.0	0.0	0.0	0.0	714970	0.0
fam1237	nan	nan	nan	0.0	0.0	0.0	0.0	0.0	0.0	316904	0.0
fam200	nan	nan	nan	0.0	0.0	0.0	0.0	0.0	0.0	222060	0.0
fam274	nan	nan	nan	0.0	0.0	0.0	0.0	0.0	0.0	310978	0.0
fam563	nan	nan	nan	0.0	0.0	0.0	0.0	0.0	0.0	700178	0.0
fam1326	nan	nan	nan	0.0	0.0	0.0	0.0	0.0	0.0	196555	0.0
fam360	nan	nan	nan	0.0	0.0	0.0	0.0	0.0	0.0	408260	0.0
fam939	nan	nan	nan	0.0	0.0	0.0	0.0	0.0	0.0	683724	0.004864049807870032
fam77	nan	nan	nan	0.0	0.0	0.0	0.0	0.0	0.0	95851	0.018846687432924118
fam647	nan	nan	nan	0.0	0.0	0.0	0.0	0.0	0.0	795644	0.0
fam1374	nan	nan	nan	0.0	0.0	0.0	0.0	0.0	0.0	132277	0.0
fam802	nan	nan	nan	0.0	0.0	0.0	0.0	0.0	0.0	859643	0.0
fam444	nan	nan	nan	0.0	0.0	0.0	0.0	0.0	0.0	552060	0.0
fam1238	nan	nan	nan	0.0	0.0	0.0	0.0	0.0	0.0	316383	0.0
fam185	nan	nan	nan	0.0	0.0	0.0	0.0	0.0	0.0	215244	0.0
fam1058	nan	nan	nan	0.0	0.0	0.0	0.0	0.0	0.0	532450	0.0
fam1309	nan	nan	nan	0.0	0.0	0.0	0.0	0.0	0.0	224927	0.0
fam803	nan	nan	nan	0.0	0.0	0.0	0.0	0.0	0.0	859406	0.0
fam460	nan	nan	nan	0.0	0.0	0.0	0.0	0.0	0.0	572542	0.0
fam1407	nan	nan	nan	0.0	0.0	0.0	0.0	0.0	0.0	81459	0.0
fam526	nan	nan	nan	0.0	0.0	0.0	0.0	0.0	0.0	652081	0.0
fam789	nan	nan	nan	0.0	0.0	0.0	0.0	0.0	0.0	871977	0.0
fam1019	nan	nan	nan	0.0	0.0	0.0	0.0	0.0	0.0	587190	0.0
fam1142	nan	nan	nan	0.0	0.0	0.0	0.0	0.0	0.0	429932	0.0
fam216	nan	nan	nan	0.0	0.0	0.0	0.0	0.0	0.0	241503	0.0
fam864	nan	nan	nan	0.0	0.0	0.0	0.0	0.0	0.0	784449	0.0
fam625	nan	nan	nan	0.0	0.0	0.0	0.0	0.0	0.0	772999	0.0
fam750	nan	nan	nan	0.0	0.0	0.0	0.0	0.0	0.0	927551	0.0
fam372	nan	nan	nan	0.0	0.0	0.0	0.0	0.0	0.0	429599	0.0
fam984	nan	nan	nan	0.0	0.0	0.0	0.0	0.0	0.0	630112	0.0
fam1028	nan	nan	nan	0.0	0.0	0.0	0.0	0.0	0.0	577652	0.0
fam791	nan	nan	nan	0.0	0.0	0.0	0.0	0.0	0.0	869722	0.0
fam556	nan	nan	nan	0.0	0.0	0.0	0.0	0.0	0.0	687953	0.0
fam41	nan	nan	nan	0.0	0.0	0.0	0.0	0.0	0.0	59361	0.0
fam1327	nan	nan	nan	0.0	0.0	0.0	0.0	0.0	0.0	195471	0.0
fam1018	nan	nan	nan	0.0	0.0	0.0	0.0	0.0	0.0	588162	0.0
fam578	nan	nan	nan	0.0	0.0	0.0	0.0	0.0	0.0	716002	0.011857707509881422
fam1240	nan	nan	nan	0.0	0.0	0.0	0.0	0.0	0.0	314262	0.0
fam1268	nan	nan	nan	0.0	0.0	0.0	0.0	0.0	0.0	275695	0.0
fam399	nan	nan	nan	0.0	0.0	0.0	0.0	0.0	0.0	488160	0.0
fam950	nan	nan	nan	0.0	0.0	0.0	0.0	0.0	0.0	668603	0.0
fam457	nan	nan	nan	0.0	0.0	0.0	0.0	0.0	0.0	569807	0.002557544757033248
fam524	nan	nan	nan	0.0	0.0	0.0	0.0	0.0	0.0	649802	0.0
fam1182	0.0	0.0	0.0	0.0	0.0	0.0	0.001316205533596838	0.0	0.0017713168738645731	379315	0.00025610599373394
fam1273	nan	nan	nan	0.0	0.0	0.0	0.0	0.0	0.0	271886	0.0
fam821	nan	nan	nan	0.0	0.0	0.0	0.0	0.0	0.0	837421	0.0
fam78	nan	nan	nan	0.0	0.0	0.0	0.0	0.0	0.0	96418	0.0
fam1241	nan	nan	nan	0.0	0.0	0.0	0.0	0.0	0.0	313543	0.0
fam318	nan	nan	nan	0.0	0.0	0.0	0.0	0.0	0.0	353706	0.0
fam608	nan	nan	nan	0.0	0.0	0.0	0.0	0.0	0.0	753267	0.0
fam36	nan	nan	nan	0.0	0.0	0.0	0.0	0.0	0.0	54219	0.0
fam16	nan	nan	nan	0.0	0.0	0.0	0.0	0.0	0.0	24939	0.0026797079118376097
fam352	nan	nan	nan	0.0	0.0	0.0	0.0	0.0	0.0	399376	0.0
fam751	nan	nan	nan	0.0	0.0	0.0	0.0	0.0	0.0	926102	0.0
fam1041	nan	nan	nan	0.0	0.0	0.0	0.0	0.0	0.0	564447	0.0
fam283	nan	nan	nan	0.0	0.0	0.0	0.0	0.0	0.0	320947	0.0
fam294	nan	nan	nan	0.0	0.0	0.0	0.0	0.0	0.0	330230	0.0
fam1421	nan	nan	nan	0.0	0.0	0.0	0.0	0.0	0.0	61815	0.0
fam1265	nan	nan	nan	0.0	0.0	0.0	0.0	0.0	0.0	276804	0.0006740815638692282
fam720	nan	nan	nan	0.0	0.0	0.0	0.0	0.0	0.0	889742	0.0
fam1278	nan	nan	nan	0.0	0.0	0.0	0.0	0.0	0.0	265813	0.0
fam611	nan	nan	nan	0.0	0.0	0.0	0.0	0.0	0.0	755955	0.0
fam278	nan	nan	nan	0.0	0.0	0.0	0.0	0.0	0.0	314394	0.0
fam1400	nan	nan	nan	0.0	0.0	0.0	0.0	0.0	0.0	91938	0.0
fam743	nan	nan	nan	0.0	0.0	0.0	0.0	0.0	0.0	934932	0.0
fam928	nan	nan	nan	0.0	0.0	0.0	0.0	0.0	0.0	694459	0.0
fam1077	nan	nan	nan	0.0	0.0	0.0	0.0	0.0	0.0	511486	0.0
fam1075	nan	nan	nan	0.0	0.0	0.0	0.0	0.0	0.0	514616	0.0
fam1280	nan	nan	nan	0.0	0.0	0.0	0.0	0.0	0.0	263887	0.0
fam798	nan	nan	nan	0.0	0.0	0.0	0.0	0.0	0.0	864413	0.0
fam126	nan	nan	nan	0.0	0.0	0.0	0.0	0.0	0.0	155225	0.0
fam112	nan	nan	nan	0.0	0.0	0.0	0.0	0.0	0.0	141022	0.0
fam295	nan	nan	nan	0.0	0.0	0.0	0.0	0.0	0.0	330797	0.0
fam769	nan	nan	nan	0.0	0.0	0.0	0.0	0.0	0.0	899627	0.0
fam887	nan	nan	nan	0.0	0.0	0.0	0.0	0.0	0.0	748995	0.0
fam513	nan	nan	nan	0.0	0.0	0.0	0.0	0.0	0.0	636750	0.0
fam1013	nan	nan	nan	0.0	0.0	0.0	0.0	0.0	0.0	595862	0.0009581985866570847
fam491	nan	nan	nan	0.0	0.0	0.0	0.0	0.0	0.0	607913	0.0
fam1408	nan	nan	nan	0.0	0.0	0.0	0.0	0.0	0.0	79911	0.0
fam1449	nan	nan	nan	0.0	0.0	0.0	0.0	0.0	0.0	12829	0.0
fam1122	nan	nan	nan	0.0	0.0	0.0	0.0	0.0	0.0	453133	0.0
fam722	nan	nan	nan	0.0	0.0	0.0	0.0	0.0	0.0	891241	0.0
fam703	nan	nan	nan	0.00010434782608695653	0.0	0.00033812560165606226	0.0	0.0	0.0	849171	8.601040725927837e-05
fam1094	nan	nan	nan	0.0	0.0	0.0	0.0	0.0	0.0	484121	0.0
fam497	nan	nan	nan	0.0	0.0	0.0	0.0	0.0	0.0	620200	0.0
fam35	nan	nan	nan	0.0	0.0	0.0	0.0	0.0	0.0	54095	0.0
fam619	nan	nan	nan	0.0	0.0	0.0	0.0	0.0	0.0	768418	0.0
fam213	nan	nan	nan	0.0	0.0	0.0	0.0	0.0	0.0	236653	0.0
fam1219	nan	nan	nan	0.0	0.0	0.0	0.0	0.0	0.0	341454	0.0
fam873	0.0	0.0	0.0	0.0	0.0	0.0	0.0008695652173913045	0.0	0.0028177133471338524	769687	0.00016469038208168644
fam1071	nan	nan	nan	0.0	0.0	0.0	0.0	0.0	0.0	519922	0.0
fam923	nan	nan	nan	0.0	0.0	0.0	0.0	0.0	0.0	700639	0.0
fam26	nan	nan	nan	0.0	0.0	0.0	0.0	0.0	0.0	45178	0.0
fam277	nan	nan	nan	0.0	0.0	0.0	0.0	0.0	0.0	313071	0.0
fam1405	nan	nan	nan	0.0	0.0	0.0	0.0	0.0	0.0	83625	0.0
fam422	nan	nan	nan	0.0	0.0	0.0	0.0	0.0	0.0	526218	0.0
fam1180	nan	nan	nan	0.0	0.0	0.0	0.0	0.0	0.0	381932	0.0
fam1436	nan	nan	nan	0.0	0.0	0.0	0.0	0.0	0.0	30820	0.0
fam610	nan	nan	nan	0.0	0.0	0.0	0.0	0.0	0.0	754685	0.0
fam659	nan	nan	nan	0.0	0.0	0.0	0.0	0.0	0.0	809064	0.012463343108504398
fam1000	nan	nan	nan	0.0	0.0	0.0	0.0	0.0	0.0	612175	0.0
fam775	nan	nan	nan	0.0	0.0	0.0	0.0	0.0	0.0	885084	0.0
fam130	nan	nan	nan	0.0	0.0	0.0	0.0	0.0	0.0	159281	0.0
fam1146	nan	nan	nan	0.0	0.0	0.0	0.0	0.0	0.0	425188	0.0
fam148	0.0	0.0	0.0	0.0	0.0	0.0	0.0007217391304347825	0.0	0.002338702078121097	177108	0.00018345257750871396
fam786	nan	nan	nan	0.0	0.0	0.0	0.0	0.0	0.0	874546	0.0
fam1061	nan	nan	nan	0.0	0.0	0.0	0.0	0.0	0.0	528788	0.0
fam329	nan	nan	nan	0.0	0.0	0.0	0.0	0.0	0.0	369814	0.0
fam470	nan	nan	nan	0.0	0.0	0.0	0.0	0.0	0.0	586023	0.0
fam246	nan	nan	nan	0.0	0.0	0.0	0.0	0.0	0.0	285040	0.0
fam890	nan	nan	nan	0.0	0.0	0.0	0.0	0.0	0.0	744056	0.0
fam48	nan	nan	nan	0.0	0.0	0.0	0.0	0.0	0.0	66382	0.0
fam65	nan	nan	nan	0.0	0.0	0.0	0.0	0.0	0.0	81800	0.0
fam853	nan	nan	nan	0.0	0.0	0.0	0.0	0.0	0.0	799160	0.0
fam2	nan	nan	nan	0.0	0.0	0.0	0.0	0.0	0.0	4963	0.0
fam1403	0.0	0.0	0.0	0.0	0.0	0.0	0.00011304347826086957	0.0	0.00036630273512740073	87207	2.2469385462307605e-05
fam1069	nan	nan	nan	0.0	0.0	0.0	0.0	0.0	0.0	521610	0.0
fam68	nan	nan	nan	0.0	0.0	0.0	0.0	0.0	0.0	85018	0.0
fam1104	nan	nan	nan	0.0	0.0	0.0	0.0	0.0	0.0	471741	0.0
fam969	nan	nan	nan	0.0	0.0	0.0	0.0	0.0	0.0	646915	0.0
fam60	nan	nan	nan	0.0	0.0	0.0	0.0	0.0	0.0	77981	0.0
fam320	nan	nan	nan	0.0	0.0	0.0	0.0	0.0	0.0	356506	0.0
fam88	nan	nan	nan	0.0	0.0	0.0	0.0	0.0	0.0	111180	0.010702341137123747
fam778	nan	nan	nan	0.0	0.0	0.0	0.0	0.0	0.0	881001	0.0
fam1233	nan	nan	nan	0.0	0.0	0.0	0.0	0.0	0.0	324675	0.011948224361101892
fam1342	nan	nan	nan	0.0	0.0	0.0	0.0	0.0	0.0	169388	0.0
fam1456	nan	nan	nan	0.0	0.0	0.0	0.0	0.0	0.0	1962	0.0
fam944	nan	nan	nan	0.0	0.0	0.0	0.0	0.0	0.0	676525	0.0
fam1259	nan	nan	nan	0.0	0.0	0.0	0.0	0.0	0.0	282141	0.0
fam597	nan	nan	nan	0.0	0.0	0.0	0.0	0.0	0.0	736418	0.009351830323697331
fam1164	nan	nan	nan	0.0	0.0	0.0	0.0	0.0	0.0	409961	0.0
fam400	nan	nan	nan	0.0	0.0	0.0	0.0	0.0	0.0	490279	0.0
fam248	nan	nan	nan	0.0	0.0	0.0	0.0	0.0	0.0	286984	0.0
fam630	nan	nan	nan	0.0	0.0	0.0	0.0	0.0	0.0	780137	0.0
fam1101	nan	nan	nan	0.0	0.0	0.0	0.0	0.0	0.0	474141	0.0
fam671	nan	nan	nan	0.0	0.0	0.0	0.0	0.0	0.0	822581	0.0
fam357	nan	nan	nan	0.0	0.0	0.0	0.0	0.0	0.0	404755	0.0
fam503	nan	nan	nan	0.0	0.0	0.0	0.0	0.0	0.0	626729	0.0
fam886	nan	nan	nan	0.0	0.0	0.0	0.0	0.0	0.0	749464	0.0
fam1214	nan	nan	nan	0.0	0.0	0.0	0.0	0.0	0.0	349246	0.0
fam771	nan	nan	nan	0.0	0.0	0.0	0.0	0.0	0.0	891057	0.0
fam631	nan	nan	nan	0.0	0.0	0.0	0.0	0.0	0.0	781043	0.0
fam1179	nan	nan	nan	0.0	0.0	0.0	0.0	0.0	0.0	386008	0.0
fam25	nan	nan	nan	0.0	0.0	0.0	0.0	0.0	0.0	34956	0.0
fam253	nan	nan	nan	0.0	0.0	0.0	0.0	0.0	0.0	290050	0.0
fam5	nan	nan	nan	0.0	0.0	0.0	0.0	0.0	0.0	8257	0.0
fam1042	nan	nan	nan	0.0	0.0	0.0	0.0	0.0	0.0	555873	0.0
fam153	nan	nan	nan	0.0	0.0	0.0	0.0	0.0	0.0	183521	0.0
fam432	nan	nan	nan	0.0	0.0	0.0	0.0	0.0	0.0	540157	0.0
fam371	nan	nan	nan	0.0	0.0	0.0	0.0	0.0	0.0	428213	0.0
fam1360	nan	nan	nan	0.0	0.0	0.0	0.0	0.0	0.0	145890	0.0
fam84	nan	nan	nan	0.0	0.0	0.0	0.0	0.0	0.0	106953	0.0
fam100	nan	nan	nan	0.0	0.0	0.0	0.0	0.0	0.0	124392	0.0
fam1352	nan	nan	nan	0.0	0.0	0.0	0.0	0.0	0.0	157572	0.0
fam1443	nan	nan	nan	0.0	0.0	0.0	0.0	0.0	0.0	22954	0.0
fam1054	nan	nan	nan	0.0	0.0	0.0	0.0	0.0	0.0	542065	0.0
fam18	nan	nan	nan	0.0	0.0	0.0	0.0	0.0	0.0	26364	0.0
fam1293	nan	nan	nan	0.0	0.0	0.0	0.0	0.0	0.0	244737	0.0
fam1427	nan	nan	nan	0.0	0.0	0.0	0.0	0.0	0.0	45200	0.0
fam356	nan	nan	nan	0.0	0.0	0.0	0.0	0.0	0.0	403961	0.0
fam758	nan	nan	nan	0.0	0.0	0.0	0.0	0.0	0.0	919195	0.0
fam847	nan	nan	nan	0.0	0.0	0.0	0.0	0.0	0.0	805481	0.0
fam1431	nan	nan	nan	0.0	0.0	0.0	0.0	0.0	0.0	39827	0.0
fam285	nan	nan	nan	0.0	0.0	0.0	0.0	0.0	0.0	323496	0.0
fam679	nan	nan	nan	0.0	0.0	0.0	0.0	0.0	0.0	832012	0.0
fam1085	nan	nan	nan	0.0	0.0	0.0	0.0	0.0	0.0	499898	0.0
fam899	nan	nan	nan	0.0	0.0	0.0	0.0	0.0	0.0	734363	0.0
fam1087	nan	nan	nan	0.0	0.0	0.0	0.0	0.0	0.0	494922	0.0
fam328	nan	nan	nan	0.0	0.0	0.0	0.0	0.0	0.0	368646	0.0
fam937	nan	nan	nan	0.0	0.0	0.0	0.0	0.0	0.0	684538	0.0
fam431	nan	nan	nan	0.0	0.0	0.0	0.0	0.0	0.0	539317	0.0
fam350	nan	nan	nan	0.0	0.0	0.0	0.0	0.0	0.0	396094	0.0
fam102	nan	nan	nan	0.0	0.0	0.0	0.0	0.0	0.0	131366	0.0
fam907	nan	nan	nan	0.0	0.0	0.0	0.0	0.0	0.0	724808	0.0
fam455	nan	nan	nan	0.0	0.0	0.0	0.0	0.0	0.0	566460	0.0
fam293	nan	nan	nan	0.0	0.0	0.0	0.0	0.0	0.0	328335	0.0
fam617	nan	nan	nan	0.0	0.0	0.0	0.0	0.0	0.0	766666	0.0
fam71	nan	nan	nan	0.0	0.0	0.0	0.0	0.0	0.0	87894	0.0
fam345	nan	nan	nan	0.0	0.0	0.0	0.0	0.0	0.0	388443	0.0
fam407	nan	nan	nan	0.0	0.0	0.0	0.0	0.0	0.0	501405	0.0
fam682	nan	nan	nan	0.0	0.0	0.0	0.0	0.0	0.0	834185	0.0
fam489	nan	nan	nan	0.0	0.0	0.0	0.0	0.0	0.0	606277	0.0
fam31	0.0	0.0	0.0	0.0	0.0	0.0	0.0019565217391304345	0.0	0.002633038596285176	50889	0.00038624454429581187
fam589	nan	nan	nan	0.0	0.0	0.0	0.0	0.0	0.0	728233	0.0
fam661	nan	nan	nan	0.0	0.0	0.0	0.0	0.0	0.0	811495	0.0
fam137	nan	nan	nan	0.0	0.0	0.0	0.0	0.0	0.0	165081	0.0
fam801	nan	nan	nan	0.0	0.0	0.0	0.0	0.0	0.0	860182	0.0005100089251561902
fam275	nan	nan	nan	0.0	0.0	0.0	0.0	0.0	0.0	311842	0.0
fam1152	nan	nan	nan	0.0	0.0	0.0	0.0	0.0	0.0	421030	0.0
fam1432	nan	nan	nan	0.0	0.0	0.0	0.0	0.0	0.0	37031	0.0
fam481	nan	nan	nan	0.0	0.0	0.0	0.0	0.0	0.0	596470	0.0
fam1212	nan	nan	nan	0.0	0.0	0.0	0.0	0.0	0.0	350794	0.0
fam1224	nan	nan	nan	0.0	0.0	0.0	0.0	0.0	0.0	336681	0.0
fam1057	nan	nan	nan	0.0	0.0	0.0	0.0	0.0	0.0	536461	0.0
fam664	nan	nan	nan	0.0	0.0	0.0	0.0	0.0	0.0	815740	0.0
fam542	nan	nan	nan	0.0	0.0	0.0	0.0	0.0	0.0	673727	0.0
fam386	nan	nan	nan	0.0	0.0	0.0	0.0	0.0	0.0	461075	0.0
fam249	nan	nan	nan	0.0	0.0	0.0	0.0	0.0	0.0	287706	0.0
fam931	nan	nan	nan	0.0	0.0	0.0	0.0	0.0	0.0	690470	0.0
fam951	nan	nan	nan	0.0	0.0	0.0	0.0	0.0	0.0	667650	0.0
fam766	nan	nan	nan	0.0	0.0	0.0	0.0	0.0	0.0	905612	0.0
fam129	nan	nan	nan	0.0	0.0	0.0	0.0	0.0	0.0	158332	0.0
fam471	nan	nan	nan	0.0	0.0	0.0	0.0	0.0	0.0	587707	0.0
fam959	nan	nan	nan	0.0	0.0	0.0	0.0	0.0	0.0	660498	0.0
fam1023	nan	nan	nan	0.0	0.0	0.0	0.0	0.0	0.0	582120	0.0
fam527	nan	nan	nan	0.0	0.0	0.0	0.0	0.0	0.0	653690	0.0
fam1392	nan	nan	nan	0.0	0.0	0.0	0.0	0.0	0.0	108123	0.0
fam143	nan	nan	nan	0.0	0.0	0.0	0.0	0.0	0.0	173335	0.0
fam453	nan	nan	nan	0.0	0.0	0.0	0.0	0.0	0.0	565533	0.0
fam827	nan	nan	nan	0.0	0.0	0.0	0.0	0.0	0.0	828263	0.0
fam717	nan	nan	nan	0.0	0.0	0.0	0.0	0.0	0.0	887527	0.0
fam741	nan	nan	nan	0.0	0.0	0.0	0.0	0.0	0.0	938749	0.0
fam851	nan	nan	nan	0.0	0.0	0.0	0.0	0.0	0.0	800618	0.0
fam574	nan	nan	nan	0.0	0.0	0.0	0.0	0.0	0.0	712695	0.0
fam512	nan	nan	nan	0.0	0.0	0.0	0.0	0.0	0.0	635197	0.0
fam465	nan	nan	nan	0.0	0.0	0.0	0.0	0.0	0.0	581195	0.0
fam406	nan	nan	nan	0.0	0.0	0.0	0.0	0.0	0.0	500789	0.0
fam598	nan	nan	nan	0.0	0.0	0.0	0.0	0.0	0.0	740297	0.0
fam1349	nan	nan	nan	0.0	0.0	0.0	0.0	0.0	0.0	160119	0.0
fam1163	nan	nan	nan	0.0	0.0	0.0	0.0	0.0	0.0	411104	0.0
fam430	nan	nan	nan	0.0	0.0	0.0	0.0	0.0	0.0	538527	0.0
fam1274	nan	nan	nan	0.0	0.0	0.0	0.0	0.0	0.0	271305	0.0
fam438	nan	nan	nan	0.0	0.0	0.0	0.0	0.0	0.0	545315	0.0
fam1394	nan	nan	nan	0.0	0.0	0.0	0.0	0.0	0.0	104081	0.0
fam540	nan	nan	nan	0.0	0.0	0.0	0.0	0.0	0.0	670369	0.0
fam1062	nan	nan	nan	0.0	0.0	0.0	0.0	0.0	0.0	526760	0.0
fam404	nan	nan	nan	0.0	0.0	0.0	0.0	0.0	0.0	495722	0.0
fam888	nan	nan	nan	0.0	0.0	0.0	0.0	0.0	0.0	748151	0.0
fam893	nan	nan	nan	0.0	0.0	0.0	0.0	0.0	0.0	740229	0.0
fam1098	nan	nan	nan	0.0	0.0	0.0	0.0	0.0	0.0	479291	0.0
fam73	nan	nan	nan	0.0	0.0	0.0	0.0	0.0	0.0	93264	0.0
fam117	nan	nan	nan	0.0	0.0	0.0	0.0	0.0	0.0	144948	0.0019047619047619045
fam694	nan	nan	nan	0.0	0.0	0.0	0.0	0.0	0.0	843667	0.0
fam1267	nan	nan	nan	0.0	0.0	0.0	0.0	0.0	0.0	276273	0.0
fam397	nan	nan	nan	0.0	0.0	0.0	0.0	0.0	0.0	483836	0.0
fam849	nan	nan	nan	0.0	0.0	0.0	0.0	0.0	0.0	803845	0.0
fam30	nan	nan	nan	0.0	0.0	0.0	0.0	0.0	0.0	49952	0.0
fam1185	nan	nan	nan	0.0	0.0	0.0	0.0	0.0	0.0	376215	0.0
fam1036	nan	nan	nan	0.0	0.0	0.0	0.0	0.0	0.0	570438	0.0
fam577	nan	nan	nan	0.0	0.0	0.0	0.0	0.0	0.0	715569	0.0
fam1135	nan	nan	nan	0.0	0.0	0.0	0.0	0.0	0.0	438013	0.0
fam858	nan	nan	nan	0.0	0.0	0.0	0.0	0.0	0.0	791316	0.0
fam767	nan	nan	nan	0.0	0.0	0.0	0.0	0.0	0.0	903082	0.0
fam1291	nan	nan	nan	0.0	0.0	0.0	0.0	0.0	0.0	246438	0.0
fam1299	nan	nan	nan	0.0	0.0	0.0	0.0	0.0	0.0	238586	0.0
fam86	nan	nan	nan	0.0	0.0	0.0	0.0	0.0	0.0	109885	0.0
fam263	nan	nan	nan	0.0	0.0	0.0	0.0	0.0	0.0	297604	0.0
fam1252	nan	nan	nan	0.0	0.0	0.0	0.0	0.0	0.0	293956	0.0
fam448	nan	nan	nan	0.0	0.0	0.0	0.0	0.0	0.0	556326	0.0
fam240	nan	nan	nan	0.0	0.0	0.0	0.0	0.0	0.0	266475	0.0
fam166	nan	nan	nan	0.0	0.0	0.0	0.0	0.0	0.0	203271	0.0
fam1277	nan	nan	nan	0.0	0.0	0.0	0.0	0.0	0.0	266284	0.0
fam1261	nan	nan	nan	0.0	0.0	0.0	0.0	0.0	0.0	280121	0.0
fam770	nan	nan	nan	0.0	0.0	0.0	0.0	0.0	0.0	892954	0.0
fam428	nan	nan	nan	0.0	0.0	0.0	0.0	0.0	0.0	534358	0.0
fam1346	nan	nan	nan	0.0	0.0	0.0	0.0	0.0	0.0	165178	0.0
fam812	nan	nan	nan	0.0	0.0	0.0	0.0	0.0	0.0	848217	0.0
fam648	nan	nan	nan	0.0	0.0	0.0	0.0	0.0	0.0	797824	0.0
fam943	nan	nan	nan	0.0	0.0	0.0	0.0	0.0	0.0	677130	0.0
fam351	nan	nan	nan	0.0	0.0	0.0	0.0	0.0	0.0	397908	0.0
fam764	nan	nan	nan	0.0	0.0	0.0	0.0	0.0	0.0	909306	0.0
fam1406	nan	nan	nan	0.0	0.0	0.0	0.0	0.0	0.0	82087	0.0025625694029213293
fam1368	nan	nan	nan	0.0	0.0	0.0	0.0	0.0	0.0	139798	0.0
fam1159	nan	nan	nan	0.0	0.0	0.0	0.0	0.0	0.0	414655	0.0
fam1385	nan	nan	nan	0.0	0.0	0.0	0.0	0.0	0.0	118024	0.0
fam752	nan	nan	nan	0.0	0.0	0.0	0.0	0.0	0.0	925318	0.0
fam53	nan	nan	nan	0.0	0.0	0.0	0.0	0.0	0.0	71768	0.0
fam965	nan	nan	nan	0.0	0.0	0.0	0.0	0.0	0.0	654894	0.0
fam89	nan	nan	nan	0.0	0.0	0.0	0.0	0.0	0.0	111596	0.0
fam1181	nan	nan	nan	0.0	0.0	0.0	0.0	0.0	0.0	380900	0.0
fam474	nan	nan	nan	0.0	0.0	0.0	0.0	0.0	0.0	590573	0.0
fam302	nan	nan	nan	0.0	0.0	0.0	0.0	0.0	0.0	336010	0.0
fam1025	nan	nan	nan	0.0	0.0	0.0	0.0	0.0	0.0	579142	0.0
fam1413	nan	nan	nan	0.0	0.0	0.0	0.0	0.0	0.0	72595	0.0
fam142	nan	nan	nan	0.0	0.0	0.0	0.0	0.0	0.0	171142	0.0
fam1430	nan	nan	nan	0.0	0.0	0.0	0.0	0.0	0.0	40540	0.0
fam19	nan	nan	nan	0.0	0.0	0.0	0.0	0.0	0.0	27355	0.0
fam209	nan	nan	nan	0.0	0.0	0.0	0.0	0.0	0.0	232315	0.0
fam212	nan	nan	nan	0.0	0.0	0.0	0.0	0.0	0.0	235392	0.0
fam620	nan	nan	nan	0.0	0.0	0.0	0.0	0.0	0.0	768712	0.0
fam123	nan	nan	nan	0.0	0.0	0.0	0.0	0.0	0.0	151637	0.0
fam322	nan	nan	nan	0.0	0.0	0.0	0.0	0.0	0.0	358669	0.0
fam247	nan	nan	nan	0.0	0.0	0.0	0.0	0.0	0.0	285738	0.0
fam1081	nan	nan	nan	0.0	0.0	0.0	0.0	0.0	0.0	508568	0.0
fam975	nan	nan	nan	0.0	0.0	0.0	0.0	0.0	0.0	640100	0.0
fam1060	nan	nan	nan	0.0	0.0	0.0	0.0	0.0	0.0	529809	0.0
fam436	nan	nan	nan	0.0	0.0	0.0	0.0	0.0	0.0	543246	0.0
fam426	nan	nan	nan	0.0	0.0	0.0	0.0	0.0	0.0	529437	0.0
fam1321	nan	nan	nan	0.0	0.0	0.0	0.0	0.0	0.0	204430	0.0
fam9	nan	nan	nan	0.0	0.0	0.0	0.0	0.0	0.0	16404	0.0
fam1244	nan	nan	nan	0.0	0.0	0.0	0.0	0.0	0.0	307643	0.0
fam1123	nan	nan	nan	0.0	0.0	0.0	0.0	0.0	0.0	450517	0.0
fam109	nan	nan	nan	0.0	0.0	0.0	0.0	0.0	0.0	138106	0.0
fam1016	nan	nan	nan	0.0	0.0	0.0	0.0	0.0	0.0	590493	0.0
fam1353	nan	nan	nan	0.0	0.0	0.0	0.0	0.0	0.0	155961	0.0
fam416	nan	nan	nan	0.0	0.0	0.0	0.0	0.0	0.0	518673	0.0
fam214	nan	nan	nan	0.0	0.0	0.0	0.0	0.0	0.0	240066	0.0
fam977	nan	nan	nan	0.0	0.0	0.0	0.0	0.0	0.0	638896	0.0
fam707	nan	nan	nan	0.0	0.0	0.0	0.0	0.0	0.0	850971	0.0
fam897	nan	nan	nan	0.0	0.0	0.0	0.0	0.0	0.0	737244	0.04720058329176101
fam1420	nan	nan	nan	0.0	0.0	0.0	0.0	0.0	0.0	63007	0.0
fam1045	nan	nan	nan	0.0	0.0	0.0	0.0	0.0	0.0	551726	0.0
fam1372	nan	nan	nan	0.0	0.0	0.0	0.0	0.0	0.0	134253	0.0
fam867	nan	nan	nan	0.0	0.0	0.0	0.0	0.0	0.0	779531	0.0
fam433	nan	nan	nan	0.0	0.0	0.0	0.0	0.0	0.0	540596	0.0
fam368	nan	nan	nan	0.0	0.0	0.0	0.0	0.0	0.0	425266	0.0
fam1007	nan	nan	nan	0.0	0.0	0.0	0.0	0.0	0.0	601132	0.0
fam919	nan	nan	nan	0.0	0.0	0.0	0.0	0.0	0.0	708346	0.0
fam1157	nan	nan	nan	0.0	0.0	0.0	0.0	0.0	0.0	415949	0.02788584233294949
fam748	nan	nan	nan	0.0	0.0	0.0	0.0	0.0	0.0	929555	0.0
fam1155	nan	nan	nan	0.0	0.0	0.0	0.0	0.0	0.0	418040	0.0
fam1395	nan	nan	nan	0.0	0.0	0.0	0.0	0.0	0.0	99397	0.0
fam1225	nan	nan	nan	0.0	0.0	0.0	0.0	0.0	0.0	335091	0.0
fam639	nan	nan	nan	0.0	0.0	0.0	0.0	0.0	0.0	789943	0.0
fam1055	nan	nan	nan	nan	nan	nan	nan	nan	nan	541489	0.0
fam1055	nan	nan	nan	nan	nan	nan	nan	nan	nan	541489	0.0
fam1055	nan	nan	nan	0.0	0.0	0.0	0.0	0.0	0.0	541489	0.0
fam306	nan	nan	nan	0.0	0.0	0.0	0.0	0.0	0.0	338296	0.0
fam952	nan	nan	nan	0.0	0.0	0.0	0.0	0.0	0.0	666344	0.0
fam1178	nan	nan	nan	0.0	0.0	0.0	0.0	0.0	0.0	386560	0.0
fam583	nan	nan	nan	0.0	0.0	0.0	0.0	0.0	0.0	721146	0.0
fam7	nan	nan	nan	0.0	0.0	0.0	0.0	0.0	0.0	11891	0.0
fam63	nan	nan	nan	0.0	0.0	0.0	0.0	0.0	0.0	79385	0.0
fam81	nan	nan	nan	0.0	0.0	0.0	0.0	0.0	0.0	101231	0.0
fam257	nan	nan	nan	0.0	0.0	0.0	0.0	0.0	0.0	292673	0.0
fam575	nan	nan	nan	0.0	0.0	0.0	0.0	0.0	0.0	713599	0.0
fam934	nan	nan	nan	0.0	0.0	0.0	0.0	0.0	0.0	688002	0.0
fam170	nan	nan	nan	0.0	0.0	0.0	0.0	0.0	0.0	206220	0.0
fam616	nan	nan	nan	0.0	0.0	0.0	0.0	0.0	0.0	764308	0.0
fam566	nan	nan	nan	0.0	0.0	0.0	0.0	0.0	0.0	702486	0.0
fam697	nan	nan	nan	0.0	0.0	0.0	0.0	0.0	0.0	845740	0.0
fam621	nan	nan	nan	0.0	0.0	0.0	0.0	0.0	0.0	769815	0.0
fam906	nan	nan	nan	0.0	0.0	0.0	0.0	0.0	0.0	725051	0.0
fam877	nan	nan	nan	0.0	0.0	0.0	0.0	0.0	0.0	758958	0.0
fam1177	nan	nan	nan	0.0	0.0	0.0	0.0	0.0	0.0	387760	0.0
fam261	nan	nan	nan	0.0	0.0	0.0	0.0	0.0	0.0	295764	0.0
fam1300	nan	nan	nan	0.0	0.0	0.0	0.0	0.0	0.0	238341	0.0
fam164	nan	nan	nan	0.0	0.0	0.0	0.0	0.0	0.0	201423	0.0
fam309	nan	nan	nan	0.0	0.0	0.0	0.0	0.0	0.0	340865	0.0
fam145	nan	nan	nan	0.0	0.0	0.0	0.0	0.0	0.0	174616	0.0
fam1314	nan	nan	nan	0.0	0.0	0.0	0.0	0.0	0.0	217971	0.0
fam607	nan	nan	nan	0.0	0.0	0.0	0.0	0.0	0.0	752579	0.0
fam411	nan	nan	nan	0.0	0.0	0.0	0.0	0.0	0.0	509403	0.0017292490118577073
fam349	nan	nan	nan	0.0	0.0	0.0	0.0	0.0	0.0	394132	0.0
fam284	nan	nan	nan	0.0	0.0	0.0	0.0	0.0	0.0	322722	0.0
fam848	nan	nan	nan	0.0	0.0	0.0	0.0	0.0	0.0	804950	0.027033115566569045
fam38	nan	nan	nan	0.0	0.0	0.0	0.0	0.0	0.0	55653	0.0
fam818	nan	nan	nan	0.0	0.0	0.0	0.0	0.0	0.0	843285	0.0
fam364	nan	nan	nan	0.0	0.0	0.0	0.0	0.0	0.0	410993	0.0
fam1251	nan	nan	nan	0.0	0.0	0.0	0.0	0.0	0.0	296466	0.0
fam1026	nan	nan	nan	0.0	0.0	0.0	0.0	0.0	0.0	578737	0.0
fam336	nan	nan	nan	0.0	0.0	0.0	0.0	0.0	0.0	377755	0.0
fam1290	nan	nan	nan	0.0	0.0	0.0	0.0	0.0	0.0	247292	0.0
fam1063	nan	nan	nan	0.0	0.0	0.0	0.0	0.0	0.0	526126	0.0
fam626	nan	nan	nan	0.0	0.0	0.0	0.0	0.0	0.0	774417	0.001838218398727953
fam658	nan	nan	nan	0.0	0.0	0.0	0.0	0.0	0.0	808670	0.0
fam784	nan	nan	nan	0.0	0.0	0.0	0.0	0.0	0.0	876788	0.0
fam629	nan	nan	nan	0.0	0.0	0.0	0.0	0.0	0.0	779199	0.0
fam1020	nan	nan	nan	0.0	0.0	0.0	0.0	0.0	0.0	586058	0.0
fam106	nan	nan	nan	0.0	0.0	0.0	0.0	0.0	0.0	135164	0.0
fam1113	nan	nan	nan	0.0	0.0	0.0	0.0	0.0	0.0	460527	0.0
fam1275	nan	nan	nan	0.0	0.0	0.0	0.0	0.0	0.0	268957	0.0
fam612	nan	nan	nan	0.0	0.0	0.0	0.0	0.0	0.0	756619	0.001087863074301048
fam999	nan	nan	nan	0.0	0.0	0.0	0.0	0.0	0.0	613182	0.0
fam1144	nan	nan	nan	0.0	0.0	0.0	0.0	0.0	0.0	427717	0.013436495761905295
fam281	nan	nan	nan	0.0	0.0	0.0	0.0	0.0	0.0	317351	0.03909134343916953
fam961	nan	nan	nan	0.0	0.0	0.0	0.0	0.0	0.0	659673	0.0
fam311	nan	nan	nan	0.0	0.0	0.0	0.0	0.0	0.0	343445	0.0
fam45	nan	nan	nan	0.0	0.0	0.0	0.0	0.0	0.0	63981	0.0
fam1202	nan	nan	nan	0.0	0.0	0.0	0.0	0.0	0.0	357647	0.0
fam1307	nan	nan	nan	0.0	0.0	0.0	0.0	0.0	0.0	226785	0.0
fam1235	nan	nan	nan	0.0	0.0	0.0	0.0	0.0	0.0	321969	0.0
fam653	nan	nan	nan	0.0	0.0	0.0	0.0	0.0	0.0	802927	0.0
fam376	nan	nan	nan	0.0	0.0	0.0	0.0	0.0	0.0	433881	0.0
fam1375	0.0	0.0	0.0	0.0	0.0	0.0	0.0007968379446640317	0.0	0.0017860211153093775	131029	0.00016086037319606582
fam1344	nan	nan	nan	0.0	0.0	0.0	0.0	0.0	0.0	167049	0.0
fam402	nan	nan	nan	0.0	0.0	0.0	0.0	0.0	0.0	492252	0.0
fam323	nan	nan	nan	0.0	0.0	0.0	0.0	0.0	0.0	359346	0.0
fam272	nan	nan	nan	0.0	0.0	0.0	0.0	0.0	0.0	309908	0.0
fam1386	nan	nan	nan	0.0	0.0	0.0	0.0	0.0	0.0	117529	0.0
fam327	nan	nan	nan	0.0	0.0	0.0	0.0	0.0	0.0	367653	0.0029644268774703555
fam193	nan	nan	nan	0.0	0.0	0.0	0.0	0.0	0.0	218528	0.0
fam388	nan	nan	nan	0.0	0.0	0.0	0.0	0.0	0.0	462946	0.0
fam1247	nan	nan	nan	0.0	0.0	0.0	0.0	0.0	0.0	304355	0.0
fam865	nan	nan	nan	0.0	0.0	0.0	0.0	0.0	0.0	783070	0.0
fam1418	nan	nan	nan	0.0	0.0	0.0	0.0	0.0	0.0	63988	0.0
fam971	nan	nan	nan	0.0	0.0	0.0	0.0	0.0	0.0	644526	0.0
fam557	nan	nan	nan	0.0	0.0	0.0	0.0	0.0	0.0	689224	0.0
fam12	nan	nan	nan	0.0	0.0	0.0	0.0	0.0	0.0	21494	0.0
fam968	nan	nan	nan	0.0	0.0	0.0	0.0	0.0	0.0	648015	0.0
fam652	nan	nan	nan	0.0	0.0	0.0	0.0	0.0	0.0	802244	0.0
fam307	nan	nan	nan	0.0	0.0	0.0	0.0	0.0	0.0	339553	0.0
fam808	nan	nan	nan	0.0	0.0	0.0	0.0	0.0	0.0	854656	0.0
fam595	nan	nan	nan	0.0	0.0	0.0	0.0	0.0	0.0	734474	0.0
fam505	nan	nan	nan	0.0	0.0	0.0	0.0	0.0	0.0	628935	0.0
fam52	nan	nan	nan	0.0	0.0	0.0	0.0	0.0	0.0	70817	0.0
fam889	nan	nan	nan	0.0	0.0	0.0	0.0	0.0	0.0	746655	0.0
fam1282	nan	nan	nan	0.0	0.0	0.0	0.0	0.0	0.0	261820	0.0
fam514	nan	nan	nan	0.0	0.0	0.0	0.0	0.0	0.0	639995	0.0
fam467	nan	nan	nan	0.0	0.0	0.0	0.0	0.0	0.0	582607	0.0
fam909	nan	nan	nan	0.0	0.0	0.0	0.0	0.0	0.0	721601	0.0
fam1322	nan	nan	nan	0.0	0.0	0.0	0.0	0.0	0.0	202004	0.0
fam236	nan	nan	nan	0.0	0.0	0.0	0.0	0.0	0.0	261429	0.00017966223499820338
fam469	nan	nan	nan	0.0	0.0	0.0	0.0	0.0	0.0	585676	0.0
fam1397	nan	nan	nan	0.0	0.0	0.0	0.0	0.0	0.0	96513	0.0
fam1333	nan	nan	nan	0.0	0.0	0.0	0.0	0.0	0.0	185069	0.0008203445447087777
fam1341	nan	nan	nan	0.0	0.0	0.0	0.0	0.0	0.0	169834	0.0
fam731	nan	nan	nan	0.0	0.0	0.0	0.0	0.0	0.0	955437	0.0
fam780	nan	nan	nan	0.0	0.0	0.0	0.0	0.0	0.0	879831	0.0
fam800	nan	nan	nan	0.0	0.0	0.0	0.0	0.0	0.0	861604	0.0
fam1387	nan	nan	nan	0.0	0.0	0.0	0.0	0.0	0.0	116266	0.0
fam1433	nan	nan	nan	0.0	0.0	0.0	0.0	0.0	0.0	33659	0.0
fam715	0.0	0.0	0.0	0.0	0.0	0.0	0.0004173913043478261	0.0	0.0013525024066242492	883085	7.035317292809907e-05
fam82	nan	nan	nan	0.0	0.0	0.0	0.0	0.0	0.0	104077	0.0
fam755	nan	nan	nan	0.0	0.0	0.0	0.0	0.0	0.0	921288	0.0
fam389	nan	nan	nan	0.0	0.0	0.0	0.0	0.0	0.0	464397	0.0
fam903	nan	nan	nan	0.0	0.0	0.0	0.0	0.0	0.0	730497	0.0
fam1298	nan	nan	nan	0.0	0.0	0.0	0.0	0.0	0.0	239711	0.0
fam641	nan	nan	nan	0.0	0.0	0.0	0.0	0.0	0.0	790996	0.0
fam1095	nan	nan	nan	0.0	0.0	0.0	0.0	0.0	0.0	483704	0.0
fam1223	nan	nan	nan	0.0	0.0	0.0	0.0	0.0	0.0	338223	0.0
fam1444	nan	nan	nan	0.0	0.0	0.0	0.0	0.0	0.0	18919	0.0011456722231769488
fam197	nan	nan	nan	0.0	0.0	0.0	0.0	0.0	0.0	221023	0.0
fam449	nan	nan	nan	0.0	0.0	0.0	0.0	0.0	0.0	556917	0.0
fam941	nan	nan	nan	0.0	0.0	0.0	0.0	0.0	0.0	678697	0.0
fam892	nan	nan	nan	0.0	0.0	0.0	0.0	0.0	0.0	741449	0.0
fam797	nan	nan	nan	0.0	0.0	0.0	0.0	0.0	0.0	864813	0.0
fam251	nan	nan	nan	0.0	0.0	0.0	0.0	0.0	0.0	288679	0.0
fam820	nan	nan	nan	0.0	0.0	0.0	0.0	0.0	0.0	839960	0.0
fam1437	nan	nan	nan	0.0	0.0	0.0	0.0	0.0	0.0	30063	0.0
fam1262	nan	nan	nan	0.0	0.0	0.0	0.0	0.0	0.0	279650	0.0
fam95	nan	nan	nan	0.0	0.0	0.0	0.0	0.0	0.0	120441	0.0
fam809	nan	nan	nan	0.0	0.0	0.0	0.0	0.0	0.0	853677	0.0
fam192	nan	nan	nan	0.0	0.0	0.0	0.0	0.0	0.0	218153	0.0
fam203	nan	nan	nan	0.0	0.0	0.0	0.0	0.0	0.0	224215	0.0
fam747	nan	nan	nan	0.0	0.0	0.0	0.0	0.0	0.0	931971	0.0
fam857	nan	nan	nan	0.0	0.0	0.0	0.0	0.0	0.0	793526	0.0
fam490	nan	nan	nan	0.0	0.0	0.0	0.0	0.0	0.0	606622	0.0
fam1310	nan	nan	nan	0.0	0.0	0.0	0.0	0.0	0.0	222549	0.0
fam167	nan	nan	nan	0.0	0.0	0.0	0.0	0.0	0.0	204024	0.0
fam1156	nan	nan	nan	0.0	0.0	0.0	0.0	0.0	0.0	416935	0.0
fam765	nan	nan	nan	0.0	0.0	0.0	0.0	0.0	0.0	908169	0.0
fam1047	nan	nan	nan	0.0	0.0	0.0	0.0	0.0	0.0	549487	0.0
fam358	nan	nan	nan	0.0	0.0	0.0	0.0	0.0	0.0	406024	0.0
fam642	nan	nan	nan	0.0	0.0	0.0	0.0	0.0	0.0	791918	0.0
fam1192	nan	nan	nan	0.0	0.0	0.0	0.0	0.0	0.0	369560	0.0
fam301	nan	nan	nan	0.0	0.0	0.0	0.0	0.0	0.0	335219	0.0
fam654	nan	nan	nan	0.0	0.0	0.0	0.0	0.0	0.0	803129	0.0
fam1391	nan	nan	nan	0.0	0.0	0.0	0.0	0.0	0.0	114086	0.0
fam558	nan	nan	nan	0.0	0.0	0.0	0.0	0.0	0.0	693539	0.0
fam228	0.4749715084934492	0.5568862275449101	0.21434797586161522	0.0026478260869565217	0.0026	0.002787557974971175	0.0051529644268774695	0.0081	0.005463826525712761	252348	0.005797101449275362
fam733	nan	nan	nan	0.0	0.0	0.0	0.0	0.0	0.0	951876	0.0
fam237	nan	nan	nan	0.0	0.0	0.0	0.0	0.0	0.0	262082	0.0
fam838	nan	nan	nan	0.0	0.0	0.0	0.0	0.0	0.0	815180	0.0
fam165	nan	nan	nan	0.0	0.0	0.0	0.0	0.0	0.0	202380	0.0
fam878	nan	nan	nan	0.0	0.0	0.0	0.0	0.0	0.0	758142	0.0
fam662	nan	nan	nan	0.0	0.0	0.0	0.0	0.0	0.0	813899	0.0
fam1196	nan	nan	nan	0.0	0.0	0.0	0.0	0.0	0.0	363267	0.0
fam585	nan	nan	nan	0.0	0.0	0.0	0.0	0.0	0.0	723052	0.0
fam1440	nan	nan	nan	0.0	0.0	0.0	0.0	0.0	0.0	26549	0.03129953251339259
fam605	nan	nan	nan	0.0	0.0	0.0	0.0	0.0	0.0	749308	0.0
fam80	nan	nan	nan	0.0	0.0	0.0	0.0	0.0	0.0	99779	0.0
fam1246	nan	nan	nan	0.0	0.0	0.0	0.0	0.0	0.0	304951	0.0
fam628	nan	nan	nan	0.0	0.0	0.0	0.0	0.0	0.0	778640	0.0
fam866	nan	nan	nan	0.0	0.0	0.0	0.0	0.0	0.0	781708	0.0
fam188	nan	nan	nan	0.0	0.0	0.0	0.0	0.0	0.0	216307	0.0
fam487	nan	nan	nan	0.0	0.0	0.0	0.0	0.0	0.0	603353	0.0
fam1116	nan	nan	nan	0.0	0.0	0.0	0.0	0.0	0.0	458254	0.0
fam180	nan	nan	nan	0.0	0.0	0.0	0.0	0.0	0.0	213304	0.0
fam159	nan	nan	nan	0.0	0.0	0.0	0.0	0.0	0.0	192478	0.0
fam1257	nan	nan	nan	0.0	0.0	0.0	0.0	0.0	0.0	286174	0.0
fam83	nan	nan	nan	0.0	0.0	0.0	0.0	0.0	0.0	106076	0.0
fam315	nan	nan	nan	0.0	0.0	0.0	0.0	0.0	0.0	349388	0.0
fam1194	nan	nan	nan	0.0	0.0	0.0	0.0	0.0	0.0	364826	0.0007496251874062968
fam260	nan	nan	nan	0.0	0.0	0.0	0.0	0.0	0.0	293592	0.0
fam1453	nan	nan	nan	0.0	0.0	0.0	0.0	0.0	0.0	7545	0.01357124905755215
fam8	nan	nan	nan	0.0	0.0	0.0	0.0	0.0	0.0	12965	0.0
fam375	nan	nan	nan	0.0	0.0	0.0	0.0	0.0	0.0	432420	0.0
fam111	nan	nan	nan	0.0	0.0	0.0	0.0	0.0	0.0	140354	0.0
fam669	nan	nan	nan	0.0	0.0	0.0	0.0	0.0	0.0	818357	0.0
fam1148	nan	nan	nan	0.0	0.0	0.0	0.0	0.0	0.0	423695	0.0
fam479	nan	nan	nan	0.0	0.0	0.0	0.0	0.0	0.0	594558	0.0
fam1367	nan	nan	nan	0.0	0.0	0.0	0.0	0.0	0.0	140858	0.0
fam85	nan	nan	nan	0.0	0.0	0.0	0.0	0.0	0.0	108885	0.0
fam224	nan	nan	nan	0.0	0.0	0.0	0.0	0.0	0.0	249241	0.0
fam46	nan	nan	nan	0.0	0.0	0.0	0.0	0.0	0.0	65035	0.008156457766912657
fam446	nan	nan	nan	0.0	0.0	0.0	0.0	0.0	0.0	553790	0.0
fam217	nan	nan	nan	0.0	0.0	0.0	0.0	0.0	0.0	242673	0.0019863164864268373
fam636	nan	nan	nan	0.0	0.0	0.0	0.0	0.0	0.0	786554	0.0
fam552	nan	nan	nan	0.0	0.0	0.0	0.0	0.0	0.0	686266	0.0
fam735	nan	nan	nan	0.0	0.0	0.0	0.0	0.0	0.0	948017	0.0
fam986	nan	nan	nan	0.0	0.0	0.0	0.0	0.0	0.0	628851	0.0
fam1205	nan	nan	nan	0.0	0.0	0.0	0.0	0.0	0.0	355927	0.0
fam1276	nan	nan	nan	0.0	0.0	0.0	0.0	0.0	0.0	268380	0.0
fam1102	nan	nan	nan	0.0	0.0	0.0	0.0	0.0	0.0	473022	0.0
fam593	nan	nan	nan	0.0	0.0	0.0	0.0	0.0	0.0	733396	0.0
fam110	nan	nan	nan	0.0	0.0	0.0	0.0	0.0	0.0	139278	0.0
fam938	nan	nan	nan	0.0	0.0	0.0	0.0	0.0	0.0	684305	0.0
fam692	nan	nan	nan	0.0	0.0	0.0	0.0	0.0	0.0	842359	0.0
fam1254	nan	nan	nan	0.0	0.0	0.0	0.0	0.0	0.0	290786	0.0
fam1329	nan	nan	nan	0.0	0.0	0.0	0.0	0.0	0.0	191900	0.0
fam361	nan	nan	nan	0.0	0.0	0.0	0.0	0.0	0.0	409014	0.0
fam230	nan	nan	nan	0.0	0.0	0.0	0.0	0.0	0.0	254123	0.0
fam1100	nan	nan	nan	0.0	0.0	0.0	0.0	0.0	0.0	474550	0.0
fam87	nan	nan	nan	0.0	0.0	0.0	0.0	0.0	0.0	110784	0.0
fam1006	nan	nan	nan	0.0	0.0	0.0	0.0	0.0	0.0	602302	0.0009383797309978103
fam640	nan	nan	nan	0.0	0.0	0.0	0.0	0.0	0.0	790797	0.0
fam932	nan	nan	nan	0.0	0.0	0.0	0.0	0.0	0.0	690068	0.0
fam245	nan	nan	nan	0.0	0.0	0.0	0.0	0.0	0.0	284284	0.0
fam1343	nan	nan	nan	0.0	0.0	0.0	0.0	0.0	0.0	167798	0.0
fam359	nan	nan	nan	0.0	0.0	0.0	0.0	0.0	0.0	407680	0.0
fam1260	nan	nan	nan	0.0	0.0	0.0	0.0	0.0	0.0	280846	0.0
fam1373	nan	nan	nan	0.0	0.0	0.0	0.0	0.0	0.0	132748	0.0
fam958	nan	nan	nan	0.0	0.0	0.0	0.0	0.0	0.0	661409	0.0
fam379	nan	nan	nan	0.0	0.0	0.0	0.0	0.0	0.0	437737	0.0
fam1337	nan	nan	nan	0.0	0.0	0.0	0.0	0.0	0.0	177797	0.0
fam1345	nan	nan	nan	0.0	0.0	0.0	0.0	0.0	0.0	165715	0.0
fam721	nan	nan	nan	0.0	0.0	0.0	0.0	0.0	0.0	890297	0.0
fam613	nan	nan	nan	0.0	0.0	0.0	0.0	0.0	0.0	758055	0.0
fam533	nan	nan	nan	0.0	0.0	0.0	0.0	0.0	0.0	663612	0.0
fam945	nan	nan	nan	0.0	0.0	0.0	0.0	0.0	0.0	674413	0.0
fam667	nan	nan	nan	0.0	0.0	0.0	0.0	0.0	0.0	816891	0.0
fam1222	nan	nan	nan	0.0	0.0	0.0	0.0	0.0	0.0	338625	0.0
fam384	nan	nan	nan	0.0	0.0	0.0	0.0	0.0	0.0	457681	0.0
fam535	nan	nan	nan	0.0	0.0	0.0	0.0	0.0	0.0	667127	0.0
fam242	nan	nan	nan	0.0	0.0	0.0	0.0	0.0	0.0	275440	0.0
fam1010	nan	nan	nan	0.0	0.0	0.0	0.0	0.0	0.0	598907	0.0
fam196	nan	nan	nan	0.0	0.0	0.0	0.0	0.0	0.0	219687	0.0
fam719	nan	nan	nan	0.0	0.0	0.0	0.0	0.0	0.0	888354	0.0
fam902	nan	nan	nan	0.0	0.0	0.0	0.0	0.0	0.0	730757	0.0
fam76	nan	nan	nan	0.0	0.0	0.0	0.0	0.0	0.0	95409	0.0
fam781	nan	nan	nan	0.0	0.0	0.0	0.0	0.0	0.0	879221	0.0
fam768	nan	nan	nan	0.0	0.0	0.0	0.0	0.0	0.0	900661	0.0
fam440	nan	nan	nan	0.0003320158102766798	0.0	0.0003495376502181068	0.0	0.0	0.0	547833	0.0002725909772386534
fam1302	nan	nan	nan	0.0	0.0	0.0	0.0	0.0	0.0	229813	0.0
fam1285	nan	nan	nan	0.0	0.0	0.0	0.0	0.0	0.0	257096	0.0
fam175	nan	nan	nan	0.0	0.0	0.0	0.0	0.0	0.0	210432	0.0
fam967	nan	nan	nan	0.0	0.0	0.0	0.0	0.0	0.0	650054	0.0
fam1218	nan	nan	nan	0.0	0.0	0.0	0.0	0.0	0.0	342351	0.014435470012029555
fam1297	nan	nan	nan	0.0	0.0	0.0	0.0	0.0	0.0	241445	0.0
fam546	nan	nan	nan	0.0	0.0	0.0	0.0	0.0	0.0	678662	0.0
fam927	nan	nan	nan	0.0	0.0	0.0	0.0	0.0	0.0	695482	0.0
fam762	nan	nan	nan	0.0	0.0	0.0	0.0	0.0	0.0	914234	0.0
fam235	nan	nan	nan	0.0	0.0	0.0	0.0	0.0	0.0	259722	0.0
fam554	nan	nan	nan	0.0	0.0	0.0	0.0	0.0	0.0	687210	0.0
fam813	nan	nan	nan	0.0	0.0	0.0	0.0	0.0	0.0	847606	0.0
fam1140	nan	nan	nan	0.0	0.0	0.0	0.0	0.0	0.0	430790	0.0
fam131	nan	nan	nan	0.0	0.0	0.0	0.0	0.0	0.0	159879	0.0
fam1239	nan	nan	nan	0.0	0.0	0.0	0.0	0.0	0.0	315152	0.0
fam259	nan	nan	nan	0.0	0.0	0.0	0.0	0.0	0.0	293128	0.0
fam584	nan	nan	nan	0.0	0.0	0.0	0.0	0.0	0.0	721777	0.0
fam1423	nan	nan	nan	0.0	0.0	0.0	0.0	0.0	0.0	47587	0.0
fam904	nan	nan	nan	0.0	0.0	0.0	0.0	0.0	0.0	729616	0.0
fam924	nan	nan	nan	0.0	0.0	0.0	0.0	0.0	0.0	699842	0.0
fam405	nan	nan	nan	0.0	0.0	0.0	0.0	0.0	0.0	497021	0.0
fam154	nan	nan	nan	0.0	0.0	0.0	0.0	0.0	0.0	186421	0.0
fam806	nan	nan	nan	0.0	0.0	0.0	0.0	0.0	0.0	855959	0.0
fam687	nan	nan	nan	0.0	0.0	0.0	0.0	0.0	0.0	839346	0.0
fam822	nan	nan	nan	0.0	0.0	0.0	0.0	0.0	0.0	837039	0.0
fam441	nan	nan	nan	0.0	0.0	0.0	0.0	0.0	0.0	548933	0.0
fam880	nan	nan	nan	0.0	0.0	0.0	0.0	0.0	0.0	756362	0.0
fam804	nan	nan	nan	0.0	0.0	0.0	0.0	0.0	0.0	859055	0.0
fam834	nan	nan	nan	0.0	0.0	0.0	0.0	0.0	0.0	818108	0.0
fam930	nan	nan	nan	0.0	0.0	0.0	0.0	0.0	0.0	692497	0.0
fam267	nan	nan	nan	0.0	0.0	0.0	0.0	0.0	0.0	303790	0.0
fam244	nan	nan	nan	0.0	0.0	0.0	0.0	0.0	0.0	280181	0.0
fam562	nan	nan	nan	0.0	0.0	0.0	0.0	0.0	0.0	699418	0.0
fam688	nan	nan	nan	0.0	0.0	0.0	0.0	0.0	0.0	839943	0.010950560487267544
fam1097	nan	nan	nan	0.0	0.0	0.0	0.0	0.0	0.0	480596	0.0
fam744	nan	nan	nan	0.0	0.0	0.0	0.0	0.0	0.0	933529	0.0
fam561	nan	nan	nan	0.0	0.0	0.0	0.0	0.0	0.0	698938	0.0
fam385	nan	nan	nan	0.0	0.0	0.0	0.0	0.0	0.0	459912	0.0
fam860	nan	nan	nan	0.0	0.0	0.0	0.0	0.0	0.0	787416	0.0
fam184	nan	nan	nan	0.0	0.0	0.0	0.0	0.0	0.0	215044	0.0
fam312	nan	nan	nan	0.0	0.0	0.0	0.0	0.0	0.0	344022	0.0
fam1032	nan	nan	nan	0.0	0.0	0.0	0.0	0.0	0.0	572702	0.0
fam696	nan	nan	nan	0.0	0.0	0.0	0.0	0.0	0.0	844893	0.0
fam334	nan	nan	nan	0.0	0.0	0.0	0.0	0.0	0.0	374983	0.0
fam863	nan	nan	nan	0.0	0.0	0.0	0.0	0.0	0.0	785633	0.0
fam122	nan	nan	nan	0.0	0.0	0.0	0.0	0.0	0.0	150548	0.0
fam239	nan	nan	nan	0.0	0.0	0.0	0.0	0.0	0.0	264731	0.0
fam414	nan	nan	nan	0.0	0.0	0.0	0.0	0.0	0.0	515767	0.0
fam790	nan	nan	nan	0.0	0.0	0.0	0.0	0.0	0.0	870342	0.0
fam226	nan	nan	nan	0.0	0.0	0.0	0.0	0.0	0.0	250614	0.0
fam675	nan	nan	nan	0.0	0.0	0.0	0.0	0.0	0.0	826910	0.0
fam396	nan	nan	nan	0.0	0.0	0.0	0.0	0.0	0.0	482157	0.0
fam1347	nan	nan	nan	0.0	0.0	0.0	0.0	0.0	0.0	163682	0.0
fam1455	nan	nan	nan	0.0	0.0	0.0	0.0	0.0	0.0	3609	0.0
fam1404	nan	nan	nan	0.0	0.0	0.0	0.0	0.0	0.0	85717	0.0
fam1216	nan	nan	nan	0.0	0.0	0.0	0.0	0.0	0.0	345580	0.0
fam1174	nan	nan	nan	0.0	0.0	0.0	0.0	0.0	0.0	395106	0.0
fam517	nan	nan	nan	0.0	0.0	0.0	0.0	0.0	0.0	642243	0.0
fam520	nan	nan	nan	0.0	0.0	0.0	0.0	0.0	0.0	644789	0.0
fam47	nan	nan	nan	0.0	0.0	0.0	0.0	0.0	0.0	65684	0.0
fam163	nan	nan	nan	0.0	0.0	0.0	0.0	0.0	0.0	199117	0.0
fam114	nan	nan	nan	0.0	0.0	0.0	0.0	0.0	0.0	143427	0.0
fam1306	nan	nan	nan	0.0	0.0	0.0	0.0	0.0	0.0	227393	0.0
fam1039	nan	nan	nan	0.0	0.0	0.0	0.0	0.0	0.0	565284	0.0
fam466	nan	nan	nan	0.0	0.0	0.0	0.0	0.0	0.0	581735	0.00048579062424095217
fam456	nan	nan	nan	0.0	0.0	0.0	0.0	0.0	0.0	567002	0.0
fam1099	nan	nan	nan	0.0	0.0	0.0	0.0	0.0	0.0	475921	0.0
fam280	nan	nan	nan	0.0	0.0	0.0	0.0	0.0	0.0	315289	0.0
fam1439	nan	nan	nan	0.0	0.0	0.0	0.0	0.0	0.0	28117	0.0
fam1258	nan	nan	nan	0.0	0.0	0.0	0.0	0.0	0.0	283940	0.0
fam842	nan	nan	nan	0.0	0.0	0.0	0.0	0.0	0.0	809719	0.0
fam1249	nan	nan	nan	0.0	0.0	0.0	0.0	0.0	0.0	302251	0.0
fam279	nan	nan	nan	0.0	0.0	0.0	0.0	0.0	0.0	314643	0.0
fam819	nan	nan	nan	0.0	0.0	0.0	0.0	0.0	0.0	842124	0.0
fam1320	nan	nan	nan	0.0	0.0	0.0	0.0	0.0	0.0	205109	0.0
fam96	nan	nan	nan	0.0	0.0	0.0	0.0	0.0	0.0	121036	0.0
fam392	nan	nan	nan	0.0	0.0	0.0	0.0	0.0	0.0	475075	0.0
fam1354	nan	nan	nan	0.0	0.0	0.0	0.0	0.0	0.0	154425	0.019370206528283116
fam604	nan	nan	nan	0.0	0.0	0.0	0.0	0.0	0.0	748662	0.0
fam353	nan	nan	nan	0.0	0.0	0.0	0.0	0.0	0.0	400855	0.0
fam1296	nan	nan	nan	0.0	0.0	0.0	0.0	0.0	0.0	242885	0.0
fam250	nan	nan	nan	0.0	0.0	0.0	0.0	0.0	0.0	288017	0.0
fam370	nan	nan	nan	0.0	0.0	0.0	0.0	0.0	0.0	427166	0.0
fam673	nan	nan	nan	0.0	0.0	0.0	0.0	0.0	0.0	824385	0.0
fam776	nan	nan	nan	0.0	0.0	0.0	0.0	0.0	0.0	882659	0.0
fam1092	nan	nan	nan	0.0	0.0	0.0	0.0	0.0	0.0	487090	0.0
fam745	nan	nan	nan	0.0	0.0	0.0	0.0	0.0	0.0	933183	0.0
fam483	nan	nan	nan	0.0	0.0	0.0	0.0	0.0	0.0	600050	0.0
fam439	nan	nan	nan	0.0	0.0	0.0	0.0	0.0	0.0	546094	0.0
fam725	nan	nan	nan	0.0	0.0	0.0	0.0	0.0	0.0	895220	0.0
fam759	nan	nan	nan	0.0	0.0	0.0	0.0	0.0	0.0	916577	0.0
fam674	nan	nan	nan	0.0	0.0	0.0	0.0	0.0	0.0	826202	0.0
fam815	nan	nan	nan	0.0	0.0	0.0	0.0	0.0	0.0	844748	0.0
fam840	nan	nan	nan	0.0	0.0	0.0	0.0	0.0	0.0	811992	0.0
fam495	nan	nan	nan	0.0	0.0	0.0	0.0	0.0	0.0	614941	0.0
fam27	nan	nan	nan	0.0	0.0	0.0	0.0	0.0	0.0	48204	0.0
fam712	nan	nan	nan	0.0	0.0	0.0	0.0	0.0	0.0	870593	0.0
fam50	nan	nan	nan	0.0	0.0	0.0	0.0	0.0	0.0	69205	0.0
fam133	nan	nan	nan	0.0	0.0	0.0	0.0	0.0	0.0	162097	0.0
fam29	nan	nan	nan	0.0	0.0	0.0	0.0	0.0	0.0	49507	0.0
fam1127	nan	nan	nan	0.0	0.0	0.0	0.0	0.0	0.0	446394	0.0
fam1089	nan	nan	nan	0.0	0.0	0.0	0.0	0.0	0.0	491836	0.0
fam1199	nan	nan	nan	0.0	0.0	0.0	0.0	0.0	0.0	360224	0.0
fam387	nan	nan	nan	0.0	0.0	0.0	0.0	0.0	0.0	461512	0.0
fam828	nan	nan	nan	0.0	0.0	0.0	0.0	0.0	0.0	827889	0.0
fam700	nan	nan	nan	0.0	0.0	0.0	0.0	0.0	0.0	847264	0.007246376811594202
fam980	nan	nan	nan	0.0	0.0	0.0	0.0	0.0	0.0	633944	0.0
fam1153	nan	nan	nan	0.0	0.0	0.0	0.0	0.0	0.0	419791	0.013526570048309176
fam1106	nan	nan	nan	0.0	0.0	0.0	0.0	0.0	0.0	466259	0.0
fam1151	nan	nan	nan	0.0	0.0	0.0	0.0	0.0	0.0	422100	0.0
fam1167	nan	nan	nan	0.0	0.0	0.0	0.0	0.0	0.0	407236	0.0
fam509	nan	nan	nan	0.0	0.0	0.0	0.0	0.0	0.0	631854	0.0
fam1186	nan	nan	nan	0.0	0.0	0.0	0.0	0.0	0.0	375485	0.0
fam571	nan	nan	nan	0.0	0.0	0.0	0.0	0.0	0.0	709180	0.0
fam1398	nan	nan	nan	0.0	0.0	0.0	0.0	0.0	0.0	96223	0.0
fam993	nan	nan	nan	0.0	0.0	0.0	0.0	0.0	0.0	621579	0.0
fam434	nan	nan	nan	0.0	0.0	0.0	0.0	0.0	0.0	541070	0.0
fam326	nan	nan	nan	0.0	0.0	0.0	0.0	0.0	0.0	366242	0.0
fam1022	nan	nan	nan	0.0	0.0	0.0	0.0	0.0	0.0	583375	0.0
fam534	nan	nan	nan	0.0	0.0	0.0	0.0	0.0	0.0	666465	0.0
fam997	nan	nan	nan	0.0	0.0	0.0	0.0	0.0	0.0	616872	0.0
fam973	nan	nan	nan	0.0	0.0	0.0	0.0	0.0	0.0	641698	0.0
fam555	nan	nan	nan	0.0	0.0	0.0	0.0	0.0	0.0	687706	0.0
fam982	nan	nan	nan	0.0	0.0	0.0	0.0	0.0	0.0	631858	0.0
fam761	nan	nan	nan	0.0	0.0	0.0	0.0	0.0	0.0	914790	0.0
fam807	nan	nan	nan	0.0	0.0	0.0	0.0	0.0	0.0	855219	0.0
fam587	nan	nan	nan	0.0	0.0	0.0	0.0	0.0	0.0	725760	0.0
fam496	nan	nan	nan	0.0	0.0	0.0	0.0	0.0	0.0	619654	0.0
fam1295	nan	nan	nan	0.0	0.0	0.0	0.0	0.0	0.0	243167	0.0
fam831	nan	nan	nan	0.0003304347826086957	0.0	0.0010707310719108639	0.0	0.0	0.0	823667	0.00026838432635534085
fam1175	nan	nan	nan	0.0	0.0	0.0	0.0	0.0	0.0	392793	0.0
fam1226	nan	nan	nan	0.0	0.0	0.0	0.0	0.0	0.0	332395	0.0
fam1056	nan	nan	nan	0.0	0.0	0.0	0.0	0.0	0.0	537687	0.0
fam191	nan	nan	nan	0.0	0.0	0.0	0.0	0.0	0.0	217597	0.0
fam569	nan	nan	nan	0.0	0.0	0.0	0.0	0.0	0.0	706273	0.0
fam970	nan	nan	nan	0.0	0.0	0.0	0.0	0.0	0.0	644828	0.002606089562611301
fam476	nan	nan	nan	0.0	0.0	0.0	0.0	0.0	0.0	592119	0.0
fam1425	nan	nan	nan	0.0	0.0	0.0	0.0	0.0	0.0	46210	0.0
fam757	nan	nan	nan	0.0	0.0	0.0	0.0	0.0	0.0	919605	0.0
fam234	nan	nan	nan	0.0	0.0	0.0	0.0	0.0	0.0	258937	0.0
fam1270	nan	nan	nan	0.0	0.0	0.0	0.0	0.0	0.0	273981	0.0
fam1328	nan	nan	nan	0.0	0.0	0.0	0.0	0.0	0.0	193636	0.0
fam343	nan	nan	nan	0.0	0.0	0.0	0.0	0.0	0.0	386905	0.0
fam1359	nan	nan	nan	0.0	0.0	0.0	0.0	0.0	0.0	147446	0.0
fam1287	nan	nan	nan	0.0	0.0	0.0	0.0	0.0	0.0	253830	0.0
fam850	nan	nan	nan	0.0	0.0	0.0	0.0	0.0	0.0	801851	0.0
fam988	nan	nan	nan	0.0	0.0	0.0	0.0	0.0	0.0	627513	0.0
fam1365	nan	nan	nan	0.0	0.0	0.0	0.0	0.0	0.0	143239	0.0
fam1115	nan	nan	nan	0.0	0.0	0.0	0.0	0.0	0.0	458808	0.0
fam1147	nan	nan	nan	0.0	0.0	0.0	0.0	0.0	0.0	424445	0.0
fam268	nan	nan	nan	0.0	0.0	0.0	0.0	0.0	0.0	305518	0.0
fam107	nan	nan	nan	0.0	0.0	0.0	0.0	0.0	0.0	136065	0.0
fam92	nan	nan	nan	0.0	0.0	0.0	0.0	0.0	0.0	114924	0.0
fam602	nan	nan	nan	0.0	0.0	0.0	0.0	0.0	0.0	747405	0.0
fam1325	nan	nan	nan	0.0	0.0	0.0	0.0	0.0	0.0	199271	0.0
fam75	nan	nan	nan	0.0	0.0	0.0	0.0	0.0	0.0	94317	0.0
fam204	nan	nan	nan	0.0	0.0	0.0	0.0	0.0	0.0	227004	0.0
fam417	nan	nan	nan	0.0	0.0	0.0	0.0	0.0	0.0	519917	0.0
fam362	nan	nan	nan	0.0	0.0	0.0	0.0	0.0	0.0	410136	0.0
fam1190	nan	nan	nan	0.0	0.0	0.0	0.0	0.0	0.0	372669	0.0
fam177	nan	nan	nan	0.0	0.0	0.0	0.0	0.0	0.0	211507	0.0
fam182	nan	nan	nan	0.0	0.0	0.0	0.0	0.0	0.0	213948	0.0
fam979	nan	nan	nan	0.0	0.0	0.0	0.0	0.0	0.0	635169	0.0
fam788	nan	nan	nan	0.0	0.0	0.0	0.0	0.0	0.0	872237	0.0
fam551	nan	nan	nan	0.0	0.0	0.0	0.0	0.0	0.0	684935	0.0
fam1304	nan	nan	nan	0.0	0.0	0.0	0.0	0.0	0.0	228696	0.0
fam1390	0.0	0.0	0.0	0.0	0.0	0.0	0.0008608695652173913	0.0	0.0027895362136625143	114732	0.00021958717610891525
fam580	nan	nan	nan	0.0	0.0	0.0	0.0	0.0	0.0	717831	0.0
fam992	nan	nan	nan	0.0	0.0	0.0	0.0	0.0	0.0	622402	0.0
fam1008	nan	nan	nan	0.0	0.0	0.0	0.0	0.0	0.0	600361	0.0
fam79	nan	nan	nan	0.0	0.0	0.0	0.0	0.0	0.0	97673	0.0
fam1363	nan	nan	nan	0.0	0.0	0.0	0.0	0.0	0.0	144502	0.0
fam61	nan	nan	nan	0.0	0.0	0.0	0.0	0.0	0.0	78660	0.0
fam266	nan	nan	nan	0.0	0.0	0.0	0.0	0.0	0.0	300658	0.0
fam1313	nan	nan	nan	0.0	0.0	0.0	0.0	0.0	0.0	219545	0.0
fam199	nan	nan	nan	0.0	0.0	0.0	0.0	0.0	0.0	221634	0.0
fam1230	nan	nan	nan	0.0	0.0	0.0	0.0	0.0	0.0	326598	0.0
fam413	nan	nan	nan	0.0	0.0	0.0	0.0	0.0	0.0	512592	0.0
fam699	nan	nan	nan	0.0	0.0	0.0	0.0	0.0	0.0	847000	0.02572665429808287
fam918	nan	nan	nan	0.0	0.0	0.0	0.0	0.0	0.0	709715	0.0
fam832	nan	nan	nan	0.0	0.0	0.0	0.0	0.0	0.0	822922	0.0
fam567	nan	nan	nan	0.0	0.0	0.0	0.0	0.0	0.0	703746	0.0
fam1355	nan	nan	nan	0.0	0.0	0.0	0.0	0.0	0.0	153631	0.0
fam1279	nan	nan	nan	0.0	0.0	0.0	0.0	0.0	0.0	264965	0.0
fam711	nan	nan	nan	0.0	0.0	0.0	0.0	0.0	0.0	869326	0.0030295586669941863
fam1281	nan	nan	nan	0.0	0.0	0.0	0.0	0.0	0.0	262642	0.0
fam1417	nan	nan	nan	0.0	0.0	0.0	0.0	0.0	0.0	67858	0.0
fam1256	nan	nan	nan	0.0	0.0	0.0	0.0	0.0	0.0	287272	0.0
fam1366	nan	nan	nan	0.0	0.0	0.0	0.0	0.0	0.0	141795	0.0
fam515	nan	nan	nan	0.0	0.0	0.0	0.0	0.0	0.0	640702	0.0
fam1210	nan	nan	nan	0.0	0.0	0.0	0.0	0.0	0.0	352067	0.0
fam929	nan	nan	nan	0.0	0.0	0.0	0.0	0.0	0.0	693563	0.0
fam58	nan	nan	nan	0.0	0.0	0.0	0.0	0.0	0.0	76142	0.0
fam649	nan	nan	nan	0.0	0.0	0.0	0.0	0.0	0.0	798703	0.0
fam1011	nan	nan	nan	0.0	0.0	0.0	0.0	0.0	0.0	598231	0.0
fam532	nan	nan	nan	0.0	0.0	0.0	0.0	0.0	0.0	662556	0.0
fam990	nan	nan	nan	0.0	0.0	0.0	0.0	0.0	0.0	626489	0.0
fam454	nan	nan	nan	0.0	0.0	0.0	0.0	0.0	0.0	566108	0.0
fam974	nan	nan	nan	0.0	0.0	0.0	0.0	0.0	0.0	641440	0.0
fam144	nan	nan	nan	0.0	0.0	0.0	0.0	0.0	0.0	174186	0.0
fam13	nan	nan	nan	0.0	0.0	0.0	0.0	0.0	0.0	22024	0.0
fam650	nan	nan	nan	0.0	0.0	0.0	0.0	0.0	0.0	800763	0.0
fam672	nan	nan	nan	0.0	0.0	0.0	0.0	0.0	0.0	824012	0.0
fam380	nan	nan	nan	0.0	0.0	0.0	0.0	0.0	0.0	441785	0.0
fam344	nan	nan	nan	0.0	0.0	0.0	0.0	0.0	0.0	387819	0.0
fam223	nan	nan	nan	0.0	0.0	0.0	0.0	0.0	0.0	248659	0.0
fam409	nan	nan	nan	0.0	0.0	0.0	0.0	0.0	0.0	505481	0.0
fam772	nan	nan	nan	0.0	0.0	0.0	0.0	0.0	0.0	890237	0.0
fam810	nan	nan	nan	0.0	0.0	0.0	0.0	0.0	0.0	852211	0.0
fam582	nan	nan	nan	0.0	0.0	0.0	0.0	0.0	0.0	719678	0.0
fam1264	nan	nan	nan	0.0	0.0	0.0	0.0	0.0	0.0	277583	0.0
fam1191	nan	nan	nan	0.0	0.0	0.0	0.0	0.0	0.0	370306	0.0
fam1424	nan	nan	nan	0.0	0.0	0.0	0.0	0.0	0.0	46768	0.0
fam946	nan	nan	nan	0.0	0.0	0.0	0.0	0.0	0.0	673140	0.0
fam663	nan	nan	nan	0.0	0.0	0.0	0.0	0.0	0.0	814600	0.0
fam366	nan	nan	nan	0.0	0.0	0.0	0.0	0.0	0.0	415566	0.0
fam377	nan	nan	nan	0.0	0.0	0.0	0.0	0.0	0.0	434734	0.0
fam823	nan	nan	nan	0.0	0.0	0.0	0.0	0.0	0.0	836575	0.0
fam896	nan	nan	nan	0.0	0.0	0.0	0.0	0.0	0.0	738059	0.0
fam763	nan	nan	nan	0.0	0.0	0.0	0.0	0.0	0.0	913360	0.0
fam586	nan	nan	nan	0.0	0.0	0.0	0.0	0.0	0.0	725402	0.0
fam921	nan	nan	nan	0.0	0.0	0.0	0.0	0.0	0.0	705876	0.006527178445806289
fam1316	nan	nan	nan	0.0	0.0	0.0	0.0	0.0	0.0	214628	0.0
fam891	nan	nan	nan	0.0	0.0	0.0	0.0	0.0	0.0	742153	0.0
fam91	nan	nan	nan	0.0	0.0	0.0	0.0	0.0	0.0	113004	0.0
fam1305	nan	nan	nan	0.0	0.0	0.0	0.0	0.0	0.0	227830	0.0
fam296	nan	nan	nan	0.0	0.0	0.0	0.0	0.0	0.0	332336	0.0
fam894	nan	nan	nan	0.0	0.0	0.0	0.0	0.0	0.0	739385	0.0
fam539	nan	nan	nan	0.0	0.0	0.0	0.0	0.0	0.0	669475	0.0
fam1158	nan	nan	nan	0.0	0.0	0.0	0.0	0.0	0.0	414910	0.0
fam313	nan	nan	nan	0.0	0.0	0.0	0.0	0.0	0.0	344991	0.0
fam544	nan	nan	nan	0.0	0.0	0.0	0.0	0.0	0.0	675933	0.0010048904669391035
fam427	nan	nan	nan	0.0	0.0	0.0	0.0	0.0	0.0	529906	0.0
fam779	nan	nan	nan	0.0	0.0	0.0	0.0	0.0	0.0	880379	0.0
fam900	nan	nan	nan	0.0	0.0	0.0	0.0	0.0	0.0	732890	0.0
fam113	nan	nan	nan	0.0	0.0	0.0	0.0	0.0	0.0	142908	0.01387946412956032
fam304	nan	nan	nan	0.0	0.0	0.0	0.0	0.0	0.0	337270	0.0
fam140	nan	nan	nan	0.0	0.0	0.0	0.0	0.0	0.0	168168	0.0
fam1165	nan	nan	nan	0.0	0.0	0.0	0.0	0.0	0.0	409303	0.0
fam726	nan	nan	nan	0.0	0.0	0.0	0.0	0.0	0.0	896932	0.0
fam168	nan	nan	nan	0.0	0.0	0.0	0.0	0.0	0.0	204609	0.0
fam1381	nan	nan	nan	0.0	0.0	0.0	0.0	0.0	0.0	123201	0.0
fam1412	nan	nan	nan	0.0	0.0	0.0	0.0	0.0	0.0	74255	0.0
fam1166	nan	nan	nan	0.0	0.0	0.0	0.0	0.0	0.0	408416	0.0
fam297	nan	nan	nan	0.0	0.0	0.0	0.0	0.0	0.0	332510	0.0
fam1125	nan	nan	nan	0.0	0.0	0.0	0.0	0.0	0.0	448218	0.0
fam914	nan	nan	nan	0.0	0.0	0.0	0.0	0.0	0.0	717242	0.0
fam403	nan	nan	nan	0.0	0.0	0.0	0.0	0.0	0.0	494766	0.0
fam739	nan	nan	nan	0.0	0.0	0.0	0.0	0.0	0.0	941325	0.0
fam714	nan	nan	nan	0.0	0.0	0.0	0.0	0.0	0.0	881836	0.006681421472418256
fam1108	nan	nan	nan	0.0	0.0	0.0	0.0	0.0	0.0	464664	0.0
fam99	nan	nan	nan	0.0	0.0	0.0	0.0	0.0	0.0	123616	0.0
fam305	nan	nan	nan	0.0	0.0	0.0	0.0	0.0	0.0	337553	0.0
fam538	nan	nan	nan	0.0	0.0	0.0	0.0	0.0	0.0	667946	0.0
fam854	nan	nan	nan	0.0	0.0	0.0	0.0	0.0	0.0	798030	0.0
fam103	nan	nan	nan	0.0	0.0	0.0	0.0	0.0	0.0	132122	0.0
fam1117	nan	nan	nan	0.0	0.0	0.0	0.0	0.0	0.0	457361	0.0
fam730	nan	nan	nan	0.0	0.0	0.0	0.0	0.0	0.0	956715	0.0
fam11	nan	nan	nan	0.0	0.0	0.0	0.0	0.0	0.0	19338	0.0
fam4	nan	nan	nan	0.0	0.0	0.0	0.0	0.0	0.0	7787	0.0
fam690	nan	nan	nan	0.0	0.0	0.0	0.0	0.0	0.0	841304	0.0
fam632	nan	nan	nan	0.0	0.0	0.0	0.0	0.0	0.0	782346	0.0
fam186	nan	nan	nan	0.0	0.0	0.0	0.0	0.0	0.0	215507	0.0
fam753	nan	nan	nan	0.0	0.0	0.0	0.0	0.0	0.0	924159	0.0
fam316	nan	nan	nan	0.0	0.0	0.0	0.0	0.0	0.0	349924	0.0
fam926	nan	nan	nan	0.0	0.0	0.0	0.0	0.0	0.0	696353	0.00034370166695308474
fam161	nan	nan	nan	0.0	0.0	0.0	0.0	0.0	0.0	195238	0.0
fam572	nan	nan	nan	0.0	0.0	0.0	0.0	0.0	0.0	711175	0.0
fam1324	nan	nan	nan	0.0	0.0	0.0	0.0	0.0	0.0	200052	0.0
fam737	nan	nan	nan	0.0	0.0	0.0	0.0	0.0	0.0	946129	0.0
fam28	nan	nan	nan	0.0	0.0	0.0	0.0	0.0	0.0	48933	0.0
fam32	nan	nan	nan	0.0	0.0	0.0	0.0	0.0	0.0	51852	0.0
fam665	nan	nan	nan	0.0	0.0	0.0	0.0	0.0	0.0	815958	0.0
fam1209	nan	nan	nan	0.0	0.0	0.0	0.0	0.0	0.0	353270	0.0
fam599	nan	nan	nan	0.0	0.0	0.0	0.0	0.0	0.0	744868	0.0
fam940	nan	nan	nan	0.0	0.0	0.0	0.0	0.0	0.0	681808	0.0
fam742	nan	nan	nan	0.0	0.0	0.0	0.0	0.0	0.0	936387	0.03268641470888661
fam1340	nan	nan	nan	0.0	0.0	0.0	0.0	0.0	0.0	170978	0.0
fam373	nan	nan	nan	0.0	0.0	0.0	0.0	0.0	0.0	431455	0.0
fam269	nan	nan	nan	0.0	0.0	0.0	0.0	0.0	0.0	307951	0.0
fam276	nan	nan	nan	0.0	0.0	0.0	0.0	0.0	0.0	312299	0.0
fam861	nan	nan	nan	0.0	0.0	0.0	0.0	0.0	0.0	786581	0.0
fam573	nan	nan	nan	0.0	0.0	0.0	0.0	0.0	0.0	712135	0.0
fam151	nan	nan	nan	0.00019090909090909092	0.0	0.0006037075533048723	0.0	0.0	0.0	179756	0.051552944410087266
fam913	nan	nan	nan	0.0	0.0	0.0	0.0	0.0	0.0	718002	0.0
fam468	nan	nan	nan	0.0	0.0	0.0	0.0	0.0	0.0	584753	0.0
fam1004	nan	nan	nan	0.0	0.0	0.0	0.0	0.0	0.0	604174	0.003808314820691844
fam232	nan	nan	nan	0.0	0.0	0.0	0.0	0.0	0.0	255845	0.0
fam1078	nan	nan	nan	0.0	0.0	0.0	0.0	0.0	0.0	510474	0.0
fam282	nan	nan	nan	0.0	0.0	0.0	0.0	0.0	0.0	320391	0.0
fam676	nan	nan	nan	0.0	0.0	0.0	0.0	0.0	0.0	827929	0.0
fam57	nan	nan	nan	0.0	0.0	0.0	0.0	0.0	0.0	75477	0.0
fam195	nan	nan	nan	0.0	0.0	0.0	0.0	0.0	0.0	219248	0.0
fam1079	nan	nan	nan	0.0	0.0	0.0	0.0	0.0	0.0	509675	0.0
fam1315	nan	nan	nan	0.0	0.0	0.0	0.0	0.0	0.0	216703	0.0
fam1096	nan	nan	nan	0.0	0.0	0.0	0.0	0.0	0.0	482540	0.0
fam1415	nan	nan	nan	0.0	0.0	0.0	0.0	0.0	0.0	69705	0.0
fam1150	nan	nan	nan	0.0	0.0	0.0	0.0	0.0	0.0	422800	0.0
fam529	nan	nan	nan	0.0	0.0	0.0	0.0	0.0	0.0	657649	0.0
fam420	nan	nan	nan	0.0	0.0	0.0	0.0	0.0	0.0	525161	0.0
fam1065	nan	nan	nan	0.0	0.0	0.0	0.0	0.0	0.0	524748	0.0
fam749	nan	nan	nan	0.0	0.0	0.0	0.0	0.0	0.0	928112	0.0
fam429	nan	nan	nan	0.0	0.0	0.0	0.0	0.0	0.0	537115	0.0
fam1232	nan	nan	nan	0.0	0.0	0.0	0.0	0.0	0.0	325082	0.0053511705685618735
fam550	nan	nan	nan	0.0	0.0	0.0	0.0	0.0	0.0	683509	0.0
fam1445	nan	nan	nan	0.0	0.0	0.0	0.0	0.0	0.0	18477	0.006727777310571019
fam724	nan	nan	nan	0.0	0.0	0.0	0.0	0.0	0.0	893510	0.0
fam1245	nan	nan	nan	0.0	0.0	0.0	0.0	0.0	0.0	305657	0.0
fam754	nan	nan	nan	0.0	0.0	0.0	0.0	0.0	0.0	923051	0.0
fam727	nan	nan	nan	0.0	0.0	0.0	0.0	0.0	0.0	898604	0.0
fam908	nan	nan	nan	0.0	0.0	0.0	0.0	0.0	0.0	723470	0.0
fam1161	nan	nan	nan	0.0	0.0	0.0	0.0	0.0	0.0	413132	0.0
fam588	nan	nan	nan	0.0	0.0	0.0	0.0	0.0	0.0	727306	0.0
fam288	nan	nan	nan	0.0	0.0	0.0	0.0	0.0	0.0	324849	0.0
fam241	nan	nan	nan	0.0	0.0	0.0	0.0	0.0	0.0	274492	0.0
fam962	nan	nan	nan	0.0	0.0	0.0	0.0	0.0	0.0	659428	0.0
fam549	nan	nan	nan	0.0	0.0	0.0	0.0	0.0	0.0	682837	0.0
fam423	nan	nan	nan	0.0	0.0	0.0	0.0	0.0	0.0	527248	0.0
fam493	nan	nan	nan	0.0	0.0	0.0	0.0	0.0	0.0	611540	0.0
fam1072	nan	nan	nan	0.0	0.0	0.0	0.0	0.0	0.0	517931	0.0
fam104	nan	nan	nan	0.0	0.0	0.0	0.0	0.0	0.0	132758	0.0
fam335	nan	nan	nan	0.0	0.0	0.0	0.0	0.0	0.0	375657	0.0
fam570	nan	nan	nan	0.0	0.0	0.0	0.0	0.0	0.0	707227	0.0
fam638	nan	nan	nan	0.0	0.0	0.0	0.0	0.0	0.0	788231	0.0
fam34	nan	nan	nan	0.0	0.0	0.0	0.0	0.0	0.0	53790	0.0
fam1076	nan	nan	nan	0.0	0.0	0.0	0.0	0.0	0.0	513519	0.0
fam310	nan	nan	nan	0.0	0.0	0.0	0.0	0.0	0.0	341223	0.0
fam634	nan	nan	nan	0.0	0.0	0.0	0.0	0.0	0.0	783539	0.0
fam590	nan	nan	nan	0.0	0.0	0.0	0.0	0.0	0.0	728667	0.0
fam1030	nan	nan	nan	0.0	0.0	0.0	0.0	0.0	0.0	573893	0.0
fam1068	nan	nan	nan	0.0	0.0	0.0	0.0	0.0	0.0	521951	0.0
fam1401	nan	nan	nan	0.0	0.0	0.0	0.0	0.0	0.0	91305	0.05533596837944664
fam1380	nan	nan	nan	0.0	0.0	0.0	0.0	0.0	0.0	123799	0.0
fam799	nan	nan	nan	0.0	0.0	0.0	0.0	0.0	0.0	863598	0.0
fam855	nan	nan	nan	0.0	0.0	0.0	0.0	0.0	0.0	796081	0.0
fam194	nan	nan	nan	0.0	0.0	0.0	0.0	0.0	0.0	219056	0.0
fam121	nan	nan	nan	0.0	0.0	0.0	0.0	0.0	0.0	149436	0.0
fam1171	nan	nan	nan	0.0	0.0	0.0	0.0	0.0	0.0	403179	0.0
fam1017	nan	nan	nan	0.0	0.0	0.0	0.0	0.0	0.0	589011	0.0
fam1021	nan	nan	nan	0.0	0.0	0.0	0.0	0.0	0.0	584040	0.0
fam606	nan	nan	nan	0.0	0.0	0.0	0.0	0.0	0.0	751390	0.0
fam1066	nan	nan	nan	0.0	0.0	0.0	0.0	0.0	0.0	523673	0.0
fam960	nan	nan	nan	0.0	0.0	0.0	0.0	0.0	0.0	660122	0.0
fam147	nan	nan	nan	0.0	0.0	0.0	0.0	0.0	0.0	176642	0.0
fam522	nan	nan	nan	0.0	0.0	0.0	0.0	0.0	0.0	647116	0.0
fam541	nan	nan	nan	0.0	0.0	0.0	0.0	0.0	0.0	671490	0.0
fam1119	nan	nan	nan	0.0	0.0	0.0	0.0	0.0	0.0	455391	0.018767475766249108
fam118	nan	nan	nan	0.0	0.0	0.0	0.0	0.0	0.0	146797	0.0
fam128	nan	nan	nan	0.0	0.0	0.0	0.0	0.0	0.0	157233	0.0
fam623	nan	nan	nan	0.0	0.0	0.0	0.0	0.0	0.0	771287	0.0
fam390	nan	nan	nan	0.0	0.0	0.0	0.0	0.0	0.0	468179	0.0
fam1073	nan	nan	nan	0.0	0.0	0.0	0.0	0.0	0.0	516767	0.0
fam592	nan	nan	nan	0.0	0.0	0.0	0.0	0.0	0.0	732468	0.0
fam381	nan	nan	nan	0.0	0.0	0.0	0.0	0.0	0.0	443817	0.0
fam637	nan	nan	nan	0.0	0.0	0.0	0.0	0.0	0.0	787302	0.0
fam339	nan	nan	nan	0.0	0.0	0.0	0.0	0.0	0.0	380444	0.0
fam689	nan	nan	nan	0.0	0.0	0.0	0.0	0.0	0.0	840738	0.0
fam24	nan	nan	nan	0.0	0.0	0.0	0.0	0.0	0.0	33709	0.0
fam994	nan	nan	nan	0.0	0.0	0.0	0.0	0.0	0.0	620770	0.0
fam1074	nan	nan	nan	0.0	0.0	0.0	0.0	0.0	0.0	515893	0.0
fam1162	nan	nan	nan	0.0	0.0	0.0	0.0	0.0	0.0	412242	0.0
fam991	nan	nan	nan	0.0	0.0	0.0	0.0	0.0	0.0	625321	0.0
fam824	nan	nan	nan	0.0	0.0	0.0	0.0	0.0	0.0	836327	0.0
fam1134	nan	nan	nan	0.0	0.0	0.0	0.0	0.0	0.0	438828	0.0
fam1005	0.0	0.0	0.0	0.0	0.0	0.0	0.0004434782608695653	0.0	0.0014370338070382649	603101	8.837044892188051e-05
fam1357	nan	nan	nan	0.0	0.0	0.0	0.0	0.0	0.0	149741	0.0
fam956	nan	nan	nan	0.0	0.0	0.0	0.0	0.0	0.0	663511	0.0
fam525	nan	nan	nan	0.0	0.0	0.0	0.0	0.0	0.0	651366	0.0
fam54	nan	nan	nan	0.0	0.0	0.0	0.0	0.0	0.0	72501	0.0
fam579	nan	nan	nan	0.0	0.0	0.0	0.0	0.0	0.0	717036	0.0
fam560	nan	nan	nan	0.0	0.0	0.0	0.0	0.0	0.0	697219	0.0
fam1448	nan	nan	nan	0.0	0.0	0.0	0.0	0.0	0.0	14487	0.0
fam615	nan	nan	nan	0.0	0.0	0.0	0.0	0.0	0.0	760869	0.0
fam369	nan	nan	nan	0.0	0.0	0.0	0.0	0.0	0.0	426084	0.0
fam1284	nan	nan	nan	0.0	0.0	0.0	0.0	0.0	0.0	259077	0.0
fam925	nan	nan	nan	0.0	0.0	0.0	0.0	0.0	0.0	697802	0.0
fam1184	nan	nan	nan	0.0	0.0	0.0	0.0	0.0	0.0	376887	0.0
fam221	nan	nan	nan	0.0	0.0	0.0	0.0	0.0	0.0	247496	0.0
fam437	nan	nan	nan	0.0	0.0	0.0	0.0	0.0	0.0	544382	0.0
fam1271	nan	nan	nan	0.0	0.0	0.0	0.0	0.0	0.0	273239	0.0
fam464	nan	nan	nan	0.0	0.0	0.0	0.0	0.0	0.0	580206	0.0
fam879	nan	nan	nan	0.0	0.0	0.0	0.0	0.0	0.0	757499	0.0
fam220	nan	nan	nan	0.0	0.0	0.0	0.0	0.0	0.0	245939	0.0
fam383	nan	nan	nan	0.0	0.0	0.0	0.0	0.0	0.0	456993	0.0
fam1356	nan	nan	nan	0.0	0.0	0.0	0.0	0.0	0.0	153165	0.0
fam101	nan	nan	nan	0.0	0.0	0.0	0.0	0.0	0.0	128313	0.0
fam1248	nan	nan	nan	0.0	0.0	0.0	0.0	0.0	0.0	302946	0.0
fam337	nan	nan	nan	0.0	0.0	0.0	0.0	0.0	0.0	378216	0.0
fam459	nan	nan	nan	0.0	0.0	0.0	0.0	0.0	0.0	571347	0.0
fam1107	nan	nan	nan	0.0	0.0	0.0	0.0	0.0	0.0	465343	0.0
fam547	nan	nan	nan	0.0	0.0	0.0	0.0	0.0	0.0	680349	0.0
fam502	nan	nan	nan	0.0	0.0	0.0	0.0	0.0	0.0	625031	0.0
fam548	nan	nan	nan	0.0	0.0	0.0	0.0	0.0	0.0	681260	0.0
fam478	nan	nan	nan	0.0	0.0	0.0	0.0	0.0	0.0	593142	0.0
fam691	nan	nan	nan	0.0	0.0	0.0	0.0	0.0	0.0	841568	0.0
fam382	nan	nan	nan	0.0	0.0	0.0	0.0	0.0	0.0	449600	0.0
fam20	nan	nan	nan	0.0	0.0	0.0	0.0	0.0	0.0	28671	0.0
fam1263	nan	nan	nan	0.0	0.0	0.0	0.0	0.0	0.0	278468	0.0
fam1228	nan	nan	nan	0.0	0.0	0.0	0.0	0.0	0.0	330307	0.0
fam618	nan	nan	nan	0.0	0.0	0.0	0.0	0.0	0.0	767058	0.0
fam1112	nan	nan	nan	0.0	0.0	0.0	0.0	0.0	0.0	461653	0.0015916385919303923
fam635	nan	nan	nan	0.0	0.0	0.0	0.0	0.0	0.0	786028	0.010835014787583955
fam33	nan	nan	nan	0.0	0.0	0.0	0.0	0.0	0.0	53509	0.0
fam1428	nan	nan	nan	0.0	0.0	0.0	0.0	0.0	0.0	44799	0.0
fam365	nan	nan	nan	0.0	0.0	0.0	0.0	0.0	0.0	411667	0.0
fam208	0.0	0.0	0.0	0.0	0.0	0.0	0.0003913043478260869	0.0	0.0012679710062102336	231275	7.812805187702645e-05
fam677	nan	nan	nan	0.0	0.0	0.0	0.0	0.0	0.0	828802	0.0
fam693	nan	nan	nan	0.0	0.0	0.0	0.0	0.0	0.0	843211	0.0
fam1014	nan	nan	nan	0.0	0.0	0.0	0.0	0.0	0.0	594060	0.0
fam1378	nan	nan	nan	0.0	0.0	0.0	0.0	0.0	0.0	126156	0.0
fam238	nan	nan	nan	0.0	0.0	0.0	0.0	0.0	0.0	263089	0.0
fam1044	nan	nan	nan	0.0	0.0	0.0	0.0	0.0	0.0	552233	0.0
fam299	nan	nan	nan	0.0	0.0	0.0	0.0	0.0	0.0	333522	0.0
fam378	0.0	0.0	0.0	0.0	0.0	0.0	0.0003818181818181818	0.0	0.0008558017844190768	437051	7.487952419410913e-05
fam139	nan	nan	nan	0.0	0.0	0.0	0.0	0.0	0.0	167996	0.0
fam37	nan	nan	nan	0.0	0.0	0.0	0.0	0.0	0.0	54754	0.0
fam1332	nan	nan	nan	0.0	0.0	0.0	0.0	0.0	0.0	186031	0.0
fam774	nan	nan	nan	0.0	0.0	0.0	0.0	0.0	0.0	885994	0.0
fam447	nan	nan	nan	0.0	0.0	0.0	0.0	0.0	0.0	554510	0.0
fam1052	nan	nan	nan	0.0	0.0	0.0	0.0	0.0	0.0	544247	0.001774220575044602
fam201	nan	nan	nan	0.0	0.0	0.0	0.0	0.0	0.0	222702	0.0
fam141	nan	nan	nan	0.0	0.0	0.0	0.0	0.0	0.0	169377	0.0
fam1160	nan	nan	nan	0.0	0.0	0.0	0.0	0.0	0.0	413733	0.0
fam1201	nan	nan	nan	0.0	0.0	0.0	0.0	0.0	0.0	358517	0.0
fam308	nan	nan	nan	0.0	0.0	0.0	0.0	0.0	0.0	340058	0.0
fam912	nan	nan	nan	0.0	0.0	0.0	0.0	0.0	0.0	718550	0.0
fam1454	nan	nan	nan	0.0	0.0	0.0	0.0	0.0	0.0	4312	0.0
fam591	nan	nan	nan	0.0	0.0	0.0	0.0	0.0	0.0	730022	0.0
fam1323	nan	nan	nan	0.0	0.0	0.0	0.0	0.0	0.0	201286	0.0
fam795	nan	nan	nan	0.0	0.0	0.0	0.0	0.0	0.0	866158	0.0
fam1379	nan	nan	nan	0.0	0.0	0.0	0.0	0.0	0.0	124126	0.0
fam391	nan	nan	nan	0.0	0.0	0.0	0.0	0.0	0.0	473092	0.0
fam777	nan	nan	nan	0.0	0.0	0.0	0.0	0.0	0.0	881895	0.0
fam472	nan	nan	nan	0.0	0.0	0.0	0.0	0.0	0.0	588080	0.0
fam773	nan	nan	nan	0.0	0.0	0.0	0.0	0.0	0.0	887627	0.0
fam516	nan	nan	nan	0.0	0.0	0.0	0.0	0.0	0.0	641522	0.0
fam1012	nan	nan	nan	0.0	0.0	0.0	0.0	0.0	0.0	597435	0.0
fam981	nan	nan	nan	0.0	0.0	0.0	0.0	0.0	0.0	633042	0.0
fam729	nan	nan	nan	0.0	0.0	0.0	0.0	0.0	0.0	957651	0.0
fam972	nan	nan	nan	0.0	0.0	0.0	0.0	0.0	0.0	642618	0.0
fam756	nan	nan	nan	0.0	0.0	0.0	0.0	0.0	0.0	920224	0.0
fam627	nan	nan	nan	0.0	0.0	0.0	0.0	0.0	0.0	775604	0.004054967334985358
fam325	nan	nan	nan	0.0	0.0	0.0	0.0	0.0	0.0	363835	0.0
fam1141	nan	nan	nan	0.0	0.0	0.0	0.0	0.0	0.0	430323	0.0
fam1088	nan	nan	nan	0.0	0.0	0.0	0.0	0.0	0.0	493257	0.0
fam421	nan	nan	nan	0.0	0.0	0.0	0.0	0.0	0.0	525497	0.0
fam678	nan	nan	nan	0.0	0.0	0.0	0.0	0.0	0.0	830346	0.0
fam172	nan	nan	nan	0.0	0.0	0.0	0.0	0.0	0.0	207279	0.0
fam1382	nan	nan	nan	0.0	0.0	0.0	0.0	0.0	0.0	122708	0.0
fam740	nan	nan	nan	0.0	0.0	0.0	0.0	0.0	0.0	940570	0.0
fam290	nan	nan	nan	0.0	0.0	0.0	0.0	0.0	0.0	325751	0.0
fam255	nan	nan	nan	0.0	0.0	0.0	0.0	0.0	0.0	291132	0.0
fam978	nan	nan	nan	0.0	0.0	0.0	0.0	0.0	0.0	636207	0.0
fam169	nan	nan	nan	0.0	0.0	0.0	0.0	0.0	0.0	205414	0.0017746228926353148
fam338	nan	nan	nan	0.0	0.0	0.0	0.0	0.0	0.0	378731	0.0
fam1361	nan	nan	nan	0.0	0.0	0.0	0.0	0.0	0.0	145347	0.0
fam1131	nan	nan	nan	0.0	0.0	0.0	0.0	0.0	0.0	441808	0.0
fam395	nan	nan	nan	0.0	0.0	0.0	0.0	0.0	0.0	479768	0.0
fam1426	nan	nan	nan	0.0	0.0	0.0	0.0	0.0	0.0	45628	0.0
fam1154	nan	nan	nan	0.0	0.0	0.0	0.0	0.0	0.0	418750	0.0015458937198067632
fam452	nan	nan	nan	0.0	0.0	0.0	0.0	0.0	0.0	564856	0.0
fam1411	nan	nan	nan	0.0	0.0	0.0	0.0	0.0	0.0	75856	0.0
fam1311	0.0	0.0	0.0	0.0	0.0	0.0	0.0006260869565217391	0.0	0.0020287536099363734	221855	0.00012440131865397772
fam1452	nan	nan	nan	0.0	0.0	0.0	0.0	0.0	0.0	8167	0.0
fam845	nan	nan	nan	0.0	0.0	0.0	0.0	0.0	0.0	806747	0.04384362440628426
fam1170	nan	nan	nan	0.0	0.0	0.0	0.0	0.0	0.0	403800	0.0
fam506	nan	nan	nan	0.0	0.0	0.0	0.0	0.0	0.0	629389	0.0
fam1198	nan	nan	nan	0.0	0.0	0.0	0.0	0.0	0.0	361631	0.0
fam686	nan	nan	nan	0.0	0.0	0.0	0.0	0.0	0.0	837854	0.0
fam898	nan	nan	nan	0.0	0.0	0.0	0.0	0.0	0.0	735448	0.0
fam718	nan	nan	nan	0.0	0.0	0.0	0.0	0.0	0.0	887868	0.0
fam787	nan	nan	nan	0.0	0.0	0.0	0.0	0.0	0.0	872702	0.0
fam1348	nan	nan	nan	0.0	0.0	0.0	0.0	0.0	0.0	160850	0.0
fam723	nan	nan	nan	0.0	0.0	0.0	0.0	0.0	0.0	892219	0.0
fam830	nan	nan	nan	0.0	0.0	0.0	0.0	0.0	0.0	823983	0.0
fam367	nan	nan	nan	0.0	0.0	0.0	0.0	0.0	0.0	424084	0.0
fam614	nan	nan	nan	0.0	0.0	0.0	0.0	0.0	0.0	758643	0.0
fam624	nan	nan	nan	0.0	0.0	0.0	0.0	0.0	0.0	772141	0.0
fam398	nan	nan	nan	0.0	0.0	0.0	0.0	0.0	0.0	486515	0.0
fam670	nan	nan	nan	0.0	0.0	0.0	0.0	0.0	0.0	820257	0.0
fam136	nan	nan	nan	0.0	0.0	0.0	0.0	0.0	0.0	164489	0.0
fam342	nan	nan	nan	0.0	0.0	0.0	0.0	0.0	0.0	386217	0.0
fam1450	nan	nan	nan	0.0	0.0	0.0	0.0	0.0	0.0	10471	0.0
fam1294	nan	nan	nan	0.0	0.0	0.0	0.0	0.0	0.0	243980	0.0
fam340	nan	nan	nan	0.0	0.0	0.0	0.0	0.0	0.0	384467	0.0
fam1435	nan	nan	nan	0.0	0.0	0.0	0.0	0.0	0.0	31731	0.0
fam442	nan	nan	nan	0.0	0.0	0.0	0.0	0.0	0.0	550436	0.0
fam264	nan	nan	nan	0.0	0.0	0.0	0.0	0.0	0.0	299227	0.0
fam49	nan	nan	nan	0.0	0.0	0.0	0.0	0.0	0.0	67929	0.0
fam1176	nan	nan	nan	0.0	0.0	0.0	0.0	0.0	0.0	390526	0.0
fam1255	nan	nan	nan	0.0	0.0	0.0	0.0	0.0	0.0	287597	0.0
fam1272	nan	nan	nan	0.0	0.0	0.0	0.0	0.0	0.0	272319	0.0
fam985	nan	nan	nan	0.0	0.0	0.0	0.0	0.0	0.0	629119	0.0
fam871	nan	nan	nan	0.0	0.0	0.0	0.0	0.0	0.0	771629	0.0
fam1118	nan	nan	nan	0.0	0.0	0.0	0.0	0.0	0.0	456352	0.0
fam683	nan	nan	nan	0.0	0.0	0.0	0.0	0.0	0.0	835193	0.0
fam451	nan	nan	nan	0.0	0.0	0.0	0.0	0.0	0.0	560488	0.0
fam303	nan	nan	nan	0.0	0.0	0.0	0.0	0.0	0.0	336699	0.0
fam1229	nan	nan	nan	0.0	0.0	0.0	0.0	0.0	0.0	327328	0.0
fam219	nan	nan	nan	0.0	0.0	0.0	0.0	0.0	0.0	244370	0.0
fam138	nan	nan	nan	0.0	0.0	0.0	0.0	0.0	0.0	167237	0.0
fam783	nan	nan	nan	0.0	0.0	0.0	0.0	0.0	0.0	877419	0.0
fam905	nan	nan	nan	0.0	0.0	0.0	0.0	0.0	0.0	725956	0.0
fam976	nan	nan	nan	0.0	0.0	0.0	0.0	0.0	0.0	639726	0.0
fam553	nan	nan	nan	0.0	0.0	0.0	0.0	0.0	0.0	686647	0.0
fam660	nan	nan	nan	0.0	0.0	0.0	0.0	0.0	0.0	810321	0.0
fam1090	nan	nan	nan	0.0	0.0	0.0	0.0	0.0	0.0	491017	0.0
fam1451	nan	nan	nan	0.0	0.0	0.0	0.0	0.0	0.0	9458	0.0
fam492	nan	nan	nan	0.0	0.0	0.0	0.0	0.0	0.0	609219	0.0
fam1064	nan	nan	nan	0.0	0.0	0.0	0.0	0.0	0.0	525900	0.0
fam1149	nan	nan	nan	0.0	0.0	0.0	0.0	0.0	0.0	423469	0.0
fam1114	nan	nan	nan	0.0	0.0	0.0	0.0	0.0	0.0	459740	0.0
fam206	nan	nan	nan	0.0	0.0	0.0	0.0	0.0	0.0	229360	0.0
fam477	nan	nan	nan	0.0	0.0	0.0	0.0	0.0	0.0	592330	0.0
fam1187	nan	nan	nan	0.0	0.0	0.0	0.0	0.0	0.0	375069	0.0
fam289	nan	nan	nan	0.0	0.0	0.0	0.0	0.0	0.0	325426	0.0
fam1139	nan	nan	nan	0.0	0.0	0.0	0.0	0.0	0.0	431911	0.0
fam435	nan	nan	nan	0.0	0.0	0.0	0.0	0.0	0.0	542491	0.0
fam995	nan	nan	nan	0.0	0.0	0.0	0.0	0.0	0.0	619520	0.0
fam189	nan	nan	nan	0.0	0.0	0.0	0.0	0.0	0.0	216859	0.0
fam1289	nan	nan	nan	0.0	0.0	0.0	0.0	0.0	0.0	252650	0.0
fam1051	nan	nan	nan	0.0	0.0	0.0	0.0	0.0	0.0	545465	0.0
fam70	nan	nan	nan	0.0	0.0	0.0	0.0	0.0	0.0	86831	0.0
fam954	nan	nan	nan	0.0	0.0	0.0	0.0	0.0	0.0	664704	0.0
fam684	nan	nan	nan	0.0	0.0	0.0	0.0	0.0	0.0	836318	0.0
fam1126	nan	nan	nan	0.0	0.0	0.0	0.0	0.0	0.0	447697	0.0
fam1173	nan	nan	nan	0.0	0.0	0.0	0.0	0.0	0.0	397577	0.0
fam160	nan	nan	nan	0.0	0.0	0.0	0.0	0.0	0.0	194526	0.0
fam1336	nan	nan	nan	0.0	0.0	0.0	0.0	0.0	0.0	179893	0.0
fam125	nan	nan	nan	0.0	0.0	0.0	0.0	0.0	0.0	153609	0.0
fam852	nan	nan	nan	0.0	0.0	0.0	0.0	0.0	0.0	799371	0.0
fam243	nan	nan	nan	0.0	0.0	0.0	0.0	0.0	0.0	277193	0.0
fam1370	nan	nan	nan	0.0	0.0	0.0	0.0	0.0	0.0	137229	0.0
fam1034	nan	nan	nan	0.0	0.0	0.0	0.0	0.0	0.0	571997	0.0
fam609	nan	nan	nan	0.0	0.0	0.0	0.0	0.0	0.0	754031	0.0
fam42	nan	nan	nan	0.0	0.0	0.0	0.0	0.0	0.0	59965	0.0
fam644	nan	nan	nan	0.0	0.0	0.0	0.0	0.0	0.0	794451	0.0
fam859	nan	nan	nan	0.0	0.0	0.0	0.0	0.0	0.0	790942	0.01199400299850075
fam450	nan	nan	nan	0.0	0.0	0.0	0.0	0.0	0.0	559700	0.0
fam173	nan	nan	nan	0.0	0.0	0.0	0.0	0.0	0.0	207789	0.0
fam1	nan	nan	nan	0.0	0.0	0.0	0.0	0.0	0.0	3822	0.0
fam829	nan	nan	nan	0.0	0.0	0.0	0.0	0.0	0.0	824956	0.0
fam1234	nan	nan	nan	0.0	0.0	0.0	0.0	0.0	0.0	323789	0.0
fam56	nan	nan	nan	0.0	0.0	0.0	0.0	0.0	0.0	74764	0.0
fam354	nan	nan	nan	0.0	0.0	0.0	0.0	0.0	0.0	402128	0.0
fam120	nan	nan	nan	0.0	0.0	0.0	0.0	0.0	0.0	147759	0.0
fam105	nan	nan	nan	0.0	0.0	0.0	0.0	0.0	0.0	134555	0.0
fam51	nan	nan	nan	0.0	0.0	0.0	0.0	0.0	0.0	70222	0.0
fam211	nan	nan	nan	0.0	0.0	0.0	0.0	0.0	0.0	234087	0.0
fam3	nan	nan	nan	0.0	0.0	0.0	0.0	0.0	0.0	5312	0.004053917097395358
fam1080	nan	nan	nan	0.0	0.0	0.0	0.0	0.0	0.0	508903	0.0
fam1283	nan	nan	nan	0.0	0.0	0.0	0.0	0.0	0.0	260258	0.0
fam67	nan	nan	nan	0.0	0.0	0.0	0.0	0.0	0.0	84571	0.0
fam132	nan	nan	nan	0.0	0.0	0.0	0.0	0.0	0.0	160801	0.0
fam1188	nan	nan	nan	0.0	0.0	0.0	0.0	0.0	0.0	374577	0.054621955884227975
fam656	nan	nan	nan	0.0	0.0	0.0	0.0	0.0	0.0	805710	0.0
fam319	nan	nan	nan	0.0	0.0	0.0	0.0	0.0	0.0	355797	0.0
fam600	nan	nan	nan	0.0	0.0	0.0	0.0	0.0	0.0	745601	0.0
fam1288	nan	nan	nan	0.0	0.0	0.0	0.0	0.0	0.0	253121	0.0
fam1024	nan	nan	nan	0.0	0.0	0.0	0.0	0.0	0.0	580949	0.0017391304347826088
fam843	nan	nan	nan	0.0	0.0	0.0	0.0	0.0	0.0	808253	0.0
fam596	nan	nan	nan	0.0	0.0	0.0	0.0	0.0	0.0	736251	0.0
fam1434	nan	nan	nan	0.0	0.0	0.0	0.0	0.0	0.0	32273	0.0
fam704	nan	nan	nan	0.0	0.0	0.0	0.0	0.0	0.0	849363	0.0
fam1383	nan	nan	nan	0.0	0.0	0.0	0.0	0.0	0.0	121684	0.0
fam881	nan	nan	nan	0.0	0.0	0.0	0.0	0.0	0.0	755421	0.0
fam72	nan	nan	nan	0.0	0.0	0.0	0.0	0.0	0.0	92652	0.0
fam198	nan	nan	nan	0.0	0.0	0.0	0.0	0.0	0.0	221160	0.0
fam410	nan	nan	nan	0.0	0.0	0.0	0.0	0.0	0.0	506224	0.0
fam521	nan	nan	nan	0.0	0.0	0.0	0.0	0.0	0.0	646048	0.0
fam792	nan	nan	nan	0.0	0.0	0.0	0.0	0.0	0.0	868515	0.0
fam108	nan	nan	nan	0.0	0.0	0.0	0.0	0.0	0.0	136739	0.0
fam394	nan	nan	nan	0.0	0.0	0.0	0.0	0.0	0.0	478301	0.0
fam601	nan	nan	nan	0.0	0.0	0.0	0.0	0.0	0.0	746974	0.0
fam210	nan	nan	nan	0.0	0.0	0.0	0.0	0.0	0.0	233643	0.0
fam14	nan	nan	nan	0.0	0.0	0.0	0.0	0.0	0.0	23140	0.0
fam1168	nan	nan	nan	0.0	0.0	0.0	0.0	0.0	0.0	406083	0.0
fam713	nan	nan	nan	0.0	0.0	0.0	0.0	0.0	0.0	880929	0.0
fam1269	nan	nan	nan	0.0	0.0	0.0	0.0	0.0	0.0	274401	0.0002179361447096001
fam1457	nan	nan	nan	0.0	0.0	0.0	0.0	0.0	0.0	1866	0.0
fam333	nan	nan	nan	0.0	0.0	0.0	0.0	0.0	0.0	374365	0.0
fam668	nan	nan	nan	0.0	0.0	0.0	0.0	0.0	0.0	817279	0.0
fam1038	nan	nan	nan	0.0	0.0	0.0	0.0	0.0	0.0	567091	0.0
fam64	nan	nan	nan	0.0	0.0	0.0	0.0	0.0	0.0	79747	0.0
fam97	nan	nan	nan	0.0	0.0	0.0	0.0	0.0	0.0	121851	0.0
fam415	nan	nan	nan	0.0	0.0	0.0	0.0	0.0	0.0	517501	0.0
fam947	nan	nan	nan	0.0	0.0	0.0	0.0	0.0	0.0	672674	0.0
fam782	nan	nan	nan	0.0	0.0	0.0	0.0	0.0	0.0	877729	0.0
fam862	nan	nan	nan	0.0	0.0	0.0	0.0	0.0	0.0	785958	0.0
fam156	nan	nan	nan	0.0	0.0	0.0	0.0	0.0	0.0	190828	0.0
fam920	nan	nan	nan	0.0	0.0	0.0	0.0	0.0	0.0	707986	0.0
fam1136	nan	nan	nan	0.0	0.0	0.0	0.0	0.0	0.0	436846	0.0016585712593294632
fam190	nan	nan	nan	0.0	0.0	0.0	0.0	0.0	0.0	217183	0.0
fam341	nan	nan	nan	0.0	0.0	0.0	0.0	0.0	0.0	385303	0.0
fam1053	nan	nan	nan	0.0	0.0	0.0	0.0	0.0	0.0	543597	0.002247906636944346
fam996	nan	nan	nan	0.0	0.0	0.0	0.0	0.0	0.0	618317	0.0
fam1335	nan	nan	nan	0.0	0.0	0.0	0.0	0.0	0.0	180352	0.0
fam1103	nan	nan	nan	0.0	0.0	0.0	0.0	0.0	0.0	472400	0.0
fam183	nan	nan	nan	0.0	0.0	0.0	0.0	0.0	0.0	214631	0.0
fam874	nan	nan	nan	0.0	0.0	0.0	0.0	0.0	0.0	764379	0.0
fam1070	nan	nan	nan	0.0	0.0	0.0	0.0	0.0	0.0	520272	0.0
fam681	nan	nan	nan	0.0	0.0	0.0	0.0	0.0	0.0	833146	0.0
fam227	nan	nan	nan	0.0	0.0	0.0	0.0	0.0	0.0	251779	0.0
fam412	nan	nan	nan	0.0	0.0	0.0	0.0	0.0	0.0	510717	0.0
fam215	nan	nan	nan	0.0	0.0	0.0	0.0	0.0	0.0	240561	0.0
fam987	nan	nan	nan	0.0	0.0	0.0	0.0	0.0	0.0	628220	0.0
fam1266	nan	nan	nan	0.0	0.0	0.0	0.0	0.0	0.0	276538	0.0
