fam	avg_dnds	med_dnds	SDdnds	dn	med_dn	SDdn	ds	med_ds	SDds	loc	Pi
fam4124	0.03772498859071702	0.03734439834024896	0.008358726708598968	0.026004761904761906	0.0094	0.035391073345723195	0.8448761904761907	0.1965	1.2253773968338089	554059	0.07363596535571057
fam158	0.03598204116896506	0.041965678627145085	0.009931729106748794	0.056614285714285714	0.0238	0.0751643550634797	1.3405523809523807	0.641	1.7339053252066694	1039438	0.12458820005989817
fam3479	0.05046426775410032	0.030675792329510423	0.042130675273115085	0.0299047619047619	0.0033	0.04383980009719887	0.983142857142857	0.203	1.4353861141639532	185004	0.07797933988410179
fam3276	0.020171293780009432	0.018549967341606795	0.014323457212436708	0.04375714285714286	0.0284	0.0553649585880436	1.4888571428571427	1.531	1.5500559570763979	387247	0.1339481774264383
fam4095	0.010571626138015005	0.00683526999316473	0.008165035307967246	0.025866666666666666	0.002	0.038978679560978724	1.620852380952381	1.5039	1.7983204838110283	524559	0.11419649827143973
fam98	0.03044560951311164	0.023070469798657716	0.017512969029502706	0.037980952380952386	0.01	0.05414394060146413	0.8277285714285713	0.4401	1.0387331254226662	983941	0.09773194486570283
fam1988	0.041973835408128796	0.042114188807235726	0.02807829732814499	0.06737619047619048	0.0298	0.09160122636297953	1.0508333333333333	0.7076	1.2654951891061432	1749787	0.13893787967862042
fam2943	0.029582739166332413	0.03143939393939394	0.012050544444519582	0.05615714285714286	0.028	0.07118611803828429	1.699547619047619	1.8617	1.6738316652061258	764373	0.13675213675213674
fam2375	0.10403950575042063	0.03672685007240924	0.16113243339460512	0.06424761904761904	0.0557	0.06124807183785361	2.137061904761905	3.0484	1.9057823616502811	1376464	0.16773916773916775
fam3550	0.05101682905446629	0.049194652375265775	0.01635598065252307	0.0652809523809524	0.0432	0.07153513701436798	1.373	1.5022	1.376972121307161	123979	0.15898825654923215
fam3496	0.03645289308257136	0.041797858942065495	0.04060382888960627	0.01620952380952381	0.0036	0.023789091232705898	0.37128571428571433	0.0242	0.5745505177223027	176180	0.05217278168097839
fam3016	0.037344433978275804	0.0392477514309076	0.0059406641807476495	0.04912380952380953	0.0173	0.06637795750571408	1.1974095238095237	0.6085	1.5319674004690091	679906	0.11249891577760429
fam3718	0.09203440536423894	0.041655725554584216	0.08801868037324904	0.06247619047619048	0.057	0.06431399836340085	1.4906809523809526	1.5005	1.593485694534095	76565	0.1363467261904762
fam3675	0.021870780725431766	0.015907486834247243	0.009152809710993678	0.0497952380952381	0.0285	0.06355573838833255	1.752252380952381	1.7193	1.881020463577973	16270	0.13005553098432357
fam124	0.033269771643818856	0.03141246539051452	0.003373048672145314	0.05983809523809521	0.0556	0.06569425194968755	1.8340714285714284	1.389	2.0944941321617168	1009310	0.14135995009357455
fam2544	0.03568769388710126	0.008133755083596927	0.0381826232550029	0.05070952380952381	0.0144	0.07281765814600522	1.0341	1.2869	0.9020170260245065	1202530	0.12264316407962819
fam4094	0.024962266594175	0.009686305873989158	0.01981384744582824	0.05098571428571429	0.0109	0.07431872984276693	1.3055666666666668	1.1253	1.4854280669969253	523049	0.1220053238686779
fam4077	0.07319849111677579	0.052803929594760546	0.029905613815843328	0.07632857142857141	0.0642	0.0843642394498948	0.9212809523809524	1.2931	0.8169612916277861	501127	0.16087516087516088
fam157	0.03333954025187843	0.019511421319796957	0.02878752962347241	0.05007142857142858	0.0246	0.06693004978801265	0.9809285714285714	1.0617	1.0094825818176345	1038425	0.11632811632811632
fam4270	0.021475361716231236	0.020738029887160718	0.005233390383845426	0.04563809523809524	0.0256	0.056416929882121936	1.8703809523809527	1.7065	2.0165658417028944	751838	0.13487916936192795
fam3506	0.1041438726001817	0.10938654841093866	0.02174342207215218	0.04760476190476191	0.0127	0.06656568883219954	0.43349999999999994	0.0992	0.6084584549733625	171425	0.08110355253212397
fam3377	0.05643619488884623	0.07103613711986381	0.0348446127583119	0.07424761904761905	0.0918	0.07806343951920874	1.0005761904761903	1.0617	1.0391045279033757	289534	0.14010989010989014
fam3573	0.054079605875211254	0.05382907880133185	0.022905203151237886	0.07647619047619048	0.0679	0.08767472842578497	1.1510904761904763	1.2614	1.2025564902698955	99478	0.15184059439378586
fam229	0.20313054814109507	0.06647850629613548	0.22969463126922238	0.047680952380952386	0.0143	0.06507330386021173	0.715247619047619	0.2095	1.0123280743481229	1118526	0.09523809523809523
fam1009	0.2580662257215184	0.028460474478369517	0.524056102096242	0.025019047619047618	0.028	0.018830967884681946	0.8285095238095237	1.2626	0.6880470228288055	1939799	0.14263357925329756
fam1979	0.04704187598348178	0.026695842450765866	0.04132402635431822	0.0526	0.0091	0.0753037721182551	0.9289333333333334	0.9288	0.9430187370422173	1761942	0.12133072407045008
fam3113	0.04217629890327738	0.04490057729313662	0.0060942459629269845	0.0713952380952381	0.0534	0.08369153951773187	1.6201523809523808	1.4851	1.7539892122758465	576127	0.14260317460317462
fam2689	0.037113155058925346	0.036531365313653134	0.01996614880717998	0.03895714285714286	0.0182	0.04691329968223116	1.0229190476190477	1.6886	0.8910040514145758	1040599	0.10963547898221264
fam3959	0.031327816808486085	0.03062248995983936	0.007702115841958511	0.05775238095238096	0.0314	0.07248543117362483	1.623528571428571	1.4237	1.7821092824015505	361393	0.14271084777997217
fam287	0.0579832433247861	0.05629661725109096	0.021079762481425072	0.05774285714285715	0.0158	0.07779727973839368	1.063061904761905	0.4861	1.3801898856510701	1175532	0.13393971820938114
fam271	0.016819271458291103	0.005388042689876697	0.01760022178984012	0.029323809523809523	0.0052	0.0436747601161336	1.058790476190476	0.7643	1.2114651864599888	1163937	0.1078611464368141
fam3517	0.03064321977823779	0.025056947608200455	0.012836194003219049	0.03285238095238095	0.0114	0.04416005110253706	0.8957619047619048	0.6658	1.1323604968115186	155934	0.10717191677321865
fam3501	0.02423399606074741	0.0	0.029782173867872103	0.03125714285714286	0.0	0.0494222002499992	0.5656095238095238	0.1585	0.7929029694463984	174228	0.07894736842105264
fam2408	0.03452510912946321	0.04756097560975609	0.018184724731164486	0.03917142857142857	0.0169	0.05166181368474474	1.2051142857142856	1.4957	1.1971519994536692	1346333	0.11237533361427167
fam2690	0.02756846925198498	0.029347028613352897	0.003950212989773605	0.04318095238095238	0.0146	0.05890632288034491	1.4426714285714286	0.6693	1.8812576854816228	1038218	0.1063912938912939
fam2502	0.0481031505437928	0.04608967674661106	0.02643461783929485	0.040433333333333335	0.0221	0.05267576774890432	0.5935190476190476	0.4795	0.6791231122130584	1249416	0.09781576448243115
fam3702	0.020363435448706117	0.018167137666532093	0.005556370912489926	0.03275714285714285	0.0205	0.03945648080545223	1.4030666666666665	1.4563	1.4464251664784535	58494	0.11888728555395221
fam258	0.02864573037013957	0.013580246913580247	0.01867966059500433	0.029233333333333326	0.0078	0.04165087700824024	0.6881476190476189	0.5882	0.7775504103204942	1149922	0.09124928036845134
fam3067	0.031918981315788034	0.02708856054270049	0.014065065278068946	0.05903809523809525	0.0583	0.06407951515920317	1.5639904761904764	2.1522	1.4606725919458055	630853	0.14153721189968524
fam3951	0.048490471441279916	0.04541309075602741	0.0220627779386395	0.06732857142857143	0.0405	0.0825057062549364	1.3874238095238094	1.3449	1.5739575815379288	351427	0.13769550199868053
fam3460	0.034393688810126846	0.0341803824346349	0.006425730589234214	0.05325238095238093	0.0349	0.0631002725754253	1.5984476190476182	1.3227	1.8120952680776943	208819	0.13220458553791892
fam1747	0.027130773652059362	0.025256511444356748	0.004390779696047548	0.04891428571428571	0.034	0.057865503217245366	1.6370666666666667	1.5362	1.7652986010286336	2011336	0.1372957942301008
fam254	0.03216786039926613	0.029741212823483968	0.010409465475723264	0.05718095238095239	0.0269	0.07247974179397676	1.5129095238095236	1.4271	1.6060836472033637	1145444	0.14193931540870316
fam4084	0.020963760535218815	0.02174742464708127	0.011957658294112387	0.029957142857142856	0.008	0.04063543576062378	1.2243190476190478	1.358	1.2558762411044018	510357	0.11421032793064455
fam2343	0.039830175243434414	0.008771643786480581	0.03797130919717843	0.053147619047619055	0.0259	0.06976454017450154	1.2905761904761905	1.702	1.2012066488504924	1411882	0.12528647822765468
fam3537	0.019879941051520838	0.011402508551881414	0.014247803658212141	0.04000476190476191	0.0151	0.053710072445363244	1.6148380952380952	1.5609	1.6248634590184847	136600	0.1388715602689402
fam2187	0.034203074678120275	0.02067751869775627	0.025112297131085374	0.045995238095238096	0.0206	0.06027643048955668	1.2239333333333333	1.9094	1.0869126084523533	1554823	0.11455428158248114
fam3492	0.014101262878402325	0.0	0.01727098918947755	0.011914285714285716	0.0	0.018838139775574487	0.3580904761904762	0.0636	0.5222942537768769	177698	0.05315055315055315
fam2501	0.04996253688150486	0.038079739625711956	0.030222626120843536	0.05637142857142857	0.0234	0.07652390316170524	0.7697857142857142	0.6026	0.8723663555911283	1251176	0.10738705738705737
fam2551	0.03977753028964193	0.01696658097686375	0.031500699923941444	0.04935238095238096	0.0163	0.06826284368281474	0.9199095238095238	1.1185	0.9002219397802289	1197526	0.11604061914620922
fam3523	0.008977406763066955	0.0	0.011186328154723832	0.01664761904761905	0.0	0.026322968768876666	0.8029761904761903	0.1598	1.175146829287935	148777	0.0932288527225236
fam3069	0.024566699177561914	0.028548123980424143	0.01199442146212712	0.029371428571428566	0.0161	0.03692760153465211	1.1905999999999999	1.7809	1.1132003255308114	627578	0.10887228636832443
fam3513	0.058501929788223314	0.07070491628452596	0.01796938450426857	0.040142857142857154	0.0067	0.059043451081777554	0.6360095238095237	0.1993	0.9130854838741431	161221	0.08138361317552069
fam3669	0.1263858859569521	0.17218543046357615	0.06265804107269503	0.06443809523809524	0.0517	0.06704050997213747	1.0120190476190476	0.3473	1.3763570884313723	9289	0.11603721948549535
fam3106	0.06924330181463884	0.0885640584694755	0.038007890906646455	0.05900476190476191	0.0276	0.07424855603015022	0.9596095238095239	1.5192	0.8767983185076648	584052	0.13281779948446618
fam1319	0.02836803693202152	0.020087061415010227	0.011034111431170479	0.05950476190476191	0.0764	0.05890434923056738	1.9147619047619049	3.2856	1.6975922219078663	2222063	0.16487815783590432
fam2665	0.03265722964191538	0.03675712813466162	0.01244225870722496	0.06701428571428569	0.045	0.0791901045147765	1.9852476190476191	2.3877	1.853430346198264	1070101	0.15906868276536523
fam1987	0.017744284886967894	0.009654062751407884	0.010388000101080605	0.041280952380952377	0.0203	0.05419855576223428	1.7722428571428572	2.0566	1.7621501840139528	1750406	0.11747776033490318
fam1895	0.029067264834287225	0.023846153846153843	0.01364077194494063	0.03116666666666667	0.0197	0.03780549636700404	0.9478380952380951	1.4726	0.8756960896372071	1847837	0.10417380381409155
fam2167	0.03474769182654213	0.03390581172186408	0.018445082308273276	0.04613333333333334	0.023	0.057400027653331104	1.5788523809523807	1.5128	1.695350105890211	1573901	0.1253624256720232
fam4072	0.030616575450505248	0.024615384615384615	0.010599754212375918	0.058919047619047614	0.0291	0.07520277109286166	1.6023714285714286	1.3451	1.7722835643646324	494997	0.1406549406549407
fam3795	0.04462621421979517	0.037037037037037035	0.019661884174911624	0.07607619047619048	0.0343	0.09974100224253148	1.3929952380952384	1.3855	1.4379433618477766	166838	0.15915532879818592
fam252	0.05409376786258747	0.07387253689504493	0.033093670620240725	0.027995238095238094	0.011	0.03869077010877371	0.3979142857142858	0.1315	0.5537370729745251	1143845	0.062099693678641044
fam2889	0.018366637295305674	0.012238723872387239	0.015019729334941986	0.03148095238095238	0.0267	0.03731221706023529	1.2793	1.5105	1.1754387419982704	817788	0.10950777617444285
fam1889	0.026157384505808092	0.02347417840375587	0.008848491328659048	0.05440476190476191	0.0317	0.06738561720349301	1.7820095238095237	1.9996	1.8090221673086428	1856210	0.13622364368633025
fam2152	0.046924699633969696	0.06233766233766233	0.01779261449172868	0.0655047619047619	0.0479	0.07433569594488221	1.4751285714285718	1.8681	1.437541831157108	1590606	0.14194390084801045
fam4272	0.033520091997659575	0.011750154607297463	0.02854871781779403	0.04793809523809524	0.0157	0.06679887706634195	1.1160333333333334	1.3462	1.1404635120082633	754148	0.1232943469785575
fam115	0.01810344592038945	0.012431338537149466	0.014659149610997917	0.046214285714285715	0.0042	0.07083602988064548	1.3982809523809523	0.3459	1.9691417106902296	1000181	0.10144253140995814
fam3493	0.01950692869071943	0.0	0.023898466622041415	0.014847619047619049	0.0	0.023476221385085424	0.3294761904761905	0.0791	0.46693479396384563	177483	0.048920114493884975
fam2812	0.03489126396511865	0.026245551601423486	0.016878276193292928	0.04556190476190477	0.025	0.05700200895532814	1.087247619047619	1.3671	1.0431533333024658	904165	0.12711728986896773
fam422	0.030777319200261256	0.03341957740405347	0.01998475797140591	0.03811428571428571	0.0154	0.05253608542810212	0.8366666666666667	0.4341	1.1173952663537827	1315609	0.10997732426303856
fam3716	0.021809728085016602	0.016111233723239905	0.01636018000019688	0.03770952380952382	0.0097	0.05229341126449875	1.099647619047619	0.8766	1.2376298737502633	73215	0.10662525879917185
fam3042	0.031108142323228786	0.02329749103942652	0.017503683070727565	0.05894761904761905	0.0154	0.08091683925663092	1.4583761904761905	1.4702	1.5387586601527254	655540	0.13507873268829446
fam2776	0.020385656342780802	0.011946133796698523	0.017921243907017225	0.02698095238095238	0.0055	0.039823331508379654	0.7680666666666667	0.4604	0.9373895680143993	939016	0.08994708994708994
fam3723	0.036739465104378595	0.01611849270311479	0.034238640687942336	0.04554285714285714	0.0074	0.06819205770977935	0.6775428571428571	0.3796	0.8351885880967691	80259	0.10304449648711943
fam2546	0.03469148558089219	0.011663696743884658	0.03528824374366093	0.05998095238095237	0.0215	0.08400920935371209	1.179147619047619	1.4254	1.1475786889169022	1201449	0.1374045801526718
fam3664	0.04360907834493581	0.04501799096393691	0.012677832817859683	0.061457142857142856	0.0453	0.07153395178866746	1.4836047619047619	1.572	1.5449068674275948	3356	0.12398292650393489
fam4298	0.022893727017848142	0.02347417840375587	0.009454415898454511	0.046180952380952385	0.0258	0.058044331326090506	1.8173666666666668	2.3946	1.7664815256088755	785275	0.1227283183804923
fam2995	0.04485551367586594	0.04863329783457579	0.02684929262400888	0.05225238095238096	0.015	0.07183770477725746	1.3195809523809525	1.3822	1.4192803124652558	702733	0.1239606953892668
fam3759	0.023535999864723715	0.013191273465246067	0.015652661278880046	0.041466666666666666	0.0159	0.05632209524421488	1.3444761904761906	1.3891	1.4541339824641044	118091	0.12241704193414456
fam3532	0.04266118668647513	0.04713231118682567	0.02646946201828118	0.06950476190476192	0.0316	0.0852147062882954	1.7617809523809522	1.5308	1.6573826789245423	142815	0.1585137085137085
fam3666	0.020287891688604825	0.0183752417794971	0.00476474140952726	0.03776190476190476	0.0203	0.048676878995605646	1.6000047619047617	1.3451	1.8418937357477618	6777	0.12360981992218434
fam400	0.026103359174689745	0.020080891222592774	0.012556936128083155	0.04853809523809524	0.0258	0.0606006480885546	1.5417047619047621	1.4093	1.5592420834300327	1298590	0.13476652797041147
fam248	0.11325219972489174	0.12015503875968991	0.010904665346718724	0.03592380952380952	0.0093	0.052079763959324524	0.33426666666666666	0.0774	0.49015674201833814	1141514	0.062433862433862425
fam357	0.03931889778763631	0.03902068566468971	0.009446157579605614	0.03309523809523809	0.0055	0.04670643349374061	0.8372714285714283	0.1603	1.2457606691888932	1252195	0.0959514892099162
fam2263	0.022095477231435977	0.028122956180510136	0.01003593568080057	0.04406190476190476	0.028	0.05189623783217611	2.279052380952381	1.5395	2.1590132551301453	1492229	0.12768492238690915
fam2794	0.03357655128132973	0.010710187428279994	0.03096269089258277	0.03479999999999999	0.0084	0.05023579638161654	0.6768095238095239	0.7843	0.6523049264356005	924299	0.10035842293906809
fam4293	0.03399895722246355	0.03198049619962713	0.010190947846751602	0.046990476190476194	0.0177	0.061767928993565875	1.1090238095238094	0.6973	1.3241865153853305	779279	0.11251167133520072
fam631	0.05197053199486482	0.056458350176516556	0.023214454688963916	0.06960952380952382	0.0296	0.08946395871688806	1.4171380952380954	1.4113	1.5353310040125179	1528208	0.12732329398996067
fam2549	0.07839409875912311	0.10204619765847484	0.04743679629421586	0.06006190476190477	0.0192	0.08519411155702565	0.5903285714285713	0.1694	0.8240017534325179	1200406	0.09547859547859548
fam655	0.027029628334319385	0.014263074484944531	0.01690984935811327	0.06686190476190476	0.0238	0.09082481555269688	1.812633333333333	1.8099	1.8466563589191431	1550755	0.14992527969627206
fam4102	0.1416145209475525	0.06811183643305826	0.11383390919595243	0.03336666666666666	0.0065	0.04739267909441323	0.47245714285714274	0.0224	0.735462923588123	532863	0.08458360513155035
fam2568	0.04820303699244235	0.03350083752093802	0.02323352290053295	0.04271428571428571	0.0083	0.061551645258381235	0.6264428571428572	0.3749	0.7792464183711194	1178846	0.08873091100579251
fam2666	0.023563578303196105	0.013403880070546739	0.013818737421033284	0.05553809523809524	0.0432	0.06547218585156148	2.0601619047619044	3.7953	1.8586888475164653	1069368	0.14716748768472906
fam3505	0.0416754987342733	0.02800546448087432	0.03371263068653288	0.026776190476190478	0.0041	0.04022006020172502	0.36038095238095236	0.1433	0.4824483694251622	172081	0.06609922551951536
fam2183	0.02042459682842857	0.011752136752136752	0.01637247116819905	0.04434285714285714	0.0069	0.06470563066268485	1.5873000000000002	1.6603	1.6077342939677564	1560423	0.11707399008986312
fam356	0.02553518527592543	0.014394620957431697	0.014861125714838816	0.05007619047619047	0.0304	0.062339706102259564	1.5883523809523812	2.1119	1.5164479102162043	1251750	0.12249176400119802
fam3521	0.20166066138304092	0.1325356649792913	0.13711906452879732	0.06038095238095238	0.0262	0.0780414335559895	0.522452380952381	0.2173	0.7068195591245319	150301	0.09419256724645947
fam2332	0.1506428528918854	0.03959875205000328	0.24230608518096322	0.04677142857142857	0.013	0.05802071176051944	1.206919047619048	0.6819	1.4598951927871067	1426587	0.12458604544935481
fam4086	0.021401016944056373	0.019082568807339446	0.0068210936812221745	0.043276190476190475	0.0257	0.05355229668955034	1.7896380952380953	1.442	1.9722504326339858	514334	0.13058298588252507
fam3565	0.03382140224363941	0.03901734104046243	0.014259913031368358	0.05645714285714286	0.0287	0.07258918699108849	1.5726142857142855	1.7534	1.6821308137472015	109246	0.13235529902196572
fam4119	0.030956869751141126	0.0	0.03889358368381068	0.038547619047619046	0.0	0.06094949993191179	0.5498761904761905	0.0998	0.7936812919822606	548925	0.09073359073359073
fam3129	0.041198747024320276	0.04941838554882798	0.012836797883416405	0.07836666666666667	0.0836	0.08073233454613983	2.0583714285714283	2.8416	1.8849690317382526	554558	0.15728189085853325
fam3745	0.022420108489670708	0.015165111270638907	0.011844625192170485	0.04187619047619048	0.0145	0.056950629452283824	1.3396619047619047	1.1144	1.4806212475001	103266	0.12054673721340387
fam3014	0.06396453365970947	0.0808254894162358	0.03417687206775267	0.07055238095238096	0.0647	0.07543348138180211	1.5534238095238093	1.604	1.5733359753523302	682683	0.14346584258088685
fam3217	0.038252047956597236	0.042885689398985495	0.029064006984173732	0.024985714285714285	0.0038	0.03754804269471422	0.7111952380952381	0.6627	0.7923743688771834	448923	0.09729064039408868
fam407	0.034893818258619126	0.020075282308657467	0.023389191442527425	0.05674761904761903	0.0352	0.06930417852480276	1.413342857142857	1.512	1.4152293670979974	1305055	0.14482237339380197
fam1888	0.05414636199814137	0.0535827085221499	0.007873992363336978	0.07391904761904762	0.0604	0.07991672224466582	1.4129095238095237	1.1795	1.49331388175196	1857651	0.14454919023446938
fam3551	0.0328932740036673	0.023622047244094488	0.013706974554342187	0.03304761904761905	0.0231	0.03942581483347486	0.8190380952380952	0.9779	0.799137184406491	122437	0.1134007859154058
fam3717	0.026505429220929126	0.02549140049140049	0.005630746838801939	0.05158095238095238	0.0339	0.06135065194707441	1.7809380952380953	1.5224	1.8800182310352584	75541	0.12973416316881364
fam2522	0.0322363907348766	0.021026072329688814	0.023291719960758885	0.034942857142857144	0.01	0.048822063429877896	0.8646857142857142	1.2247	0.8352659521064529	1225499	0.10117322291235335
fam2929	0.03705791136139849	0.038038496791934	0.01218206047686578	0.07247142857142858	0.046	0.08833308792162034	1.8793428571428572	1.8107	2.199529841876696	775594	0.1427045177045177
fam1981	0.01880087237880607	0.017888969568948445	0.009019429574740775	0.04453809523809524	0.027	0.05638737173880315	1.7576809523809522	1.4346	1.9370533875719205	1758538	0.13561604521270723
fam3701	0.05206324622980007	0.02017488411293721	0.05125907869979134	0.06262857142857141	0.0381	0.08033480028016762	0.9573333333333335	1.4895	0.8770272647840563	57886	0.12084456424079065
fam249	0.07358284816585411	0.0	0.09109323019271393	0.05977142857142857	0.0	0.09450737004698247	0.35718571428571433	0.0854	0.5131845581740543	1141763	0.0867862296433725
fam3738	0.022553573629936444	0.0	0.02762485244385198	0.0519952380952381	0.0	0.08221824890810274	0.9719095238095238	0.1808	1.4283781605139119	96185	0.105659772326439
fam4093	0.01972864884294656	0.015453116815086432	0.011264530780878586	0.04514285714285714	0.0284	0.05673496924026555	1.6693333333333336	1.909	1.735126383027866	521998	0.1306186025812194
fam3639	0.03148741096624233	0.03465417249950004	0.012133228075265345	0.047228571428571425	0.0384	0.04753070328852752	1.7163142857142857	1.5658	1.5838198668877406	21276	0.12480310190233852
fam598	0.035297547091033527	0.026889040163376447	0.02132699442287727	0.040157142857142857	0.0213	0.04925389587132576	1.0482428571428573	1.6785	0.8966010386169423	1494610	0.12597873442403193
fam3968	0.033398698393322074	0.017869992804029743	0.03103828615632875	0.04578095238095238	0.0298	0.05792692949740848	1.0965809523809524	1.6676	1.053433244486602	371531	0.1338032204458197
fam4104	0.037677227193403134	0.011878766704515677	0.03463955263017271	0.06822857142857143	0.0136	0.10040503280336548	1.157842857142857	1.1449	1.2743163648353084	534784	0.1305311696373149
fam3734	0.036368207790905105	0.02464065708418891	0.026946678637608072	0.06024761904761904	0.0122	0.08768671843311938	1.2282761904761907	1.2742	1.3135527984040125	92198	0.12386302835741037
fam4111	0.04774262874370461	0.06468104023116249	0.0235824332327274	0.049723809523809503	0.0237	0.06209053224938032	1.1201428571428569	1.2034	1.0869495666976539	540603	0.11822660098522166
fam3572	0.05847442424720955	0.06813295849181412	0.01879127639228873	0.05888095238095239	0.0352	0.06763990523385845	0.9973095238095236	1.0679	0.9780553358114749	100198	0.14124974884468555
fam4020	0.02033752200919945	0.018703784254023487	0.011102282787165643	0.03726666666666667	0.0246	0.0448957876201292	1.8269619047619048	1.3084	1.7859532062008872	441066	0.11828603495270162
fam4079	0.027758045888027518	0.024552345380643742	0.010095348301419492	0.05258571428571428	0.0383	0.059475895763500264	1.5957571428571429	1.8206	1.4931078242477778	503160	0.1681394207167403
fam3114	0.04989845221463096	0.05158005423653772	0.03367772463130605	0.05887619047619047	0.0136	0.08039671223295441	1.4307761904761906	1.4709	1.5108299163373002	575642	0.13805604546345288
fam86	0.12269836061535905	0.11728395061728394	0.024079947121927712	0.06952857142857143	0.0266	0.09088442237970441	0.6671333333333334	0.1449	0.9296723531045678	970583	0.11203128594432941
fam3086	0.03868717594306253	0.03629555299933919	0.006023258863900042	0.054680952380952365	0.0465	0.06089275208295178	1.5158238095238092	1.3288	1.6790609971916592	608596	0.13631257631257632
fam3964	0.02505316973870462	0.02801833927661742	0.008794552274828818	0.038900000000000004	0.023	0.04772299036652889	1.4709047619047617	1.499	1.5393570783737052	365658	0.12339544513457558
fam2269	0.02296044715197666	0.012123775287234791	0.015455186249813516	0.052757142857142864	0.0159	0.07432308858355281	1.5223952380952381	1.4064	1.6957723691794726	1485650	0.12336695178518237
fam2404	0.01977564602818116	0.022695035460992913	0.008769864445340314	0.03471428571428571	0.0131	0.04692089884368499	1.5787904761904759	1.4956	1.6656009743103488	1349502	0.11572327044025159
fam2796	0.03554034878635944	0.03717918530727573	0.009235132768971201	0.054580952380952376	0.032	0.06619569558044304	1.5504238095238092	1.351	1.72018545481495	922556	0.1256646097721892
fam1385	0.03305062880329708	0.035922551252847386	0.018987183133201583	0.04865714285714286	0.0096	0.06868754355380444	1.5313809523809523	1.0417	1.8534656448879878	2288957	0.11342530781783118
fam302	0.04076974967938669	0.04034171808258187	0.028691309117688833	0.022095238095238095	0.011	0.029429180144729308	0.5327047619047618	0.1431	0.7578726124118689	1190023	0.06770327178490444
fam1416	0.051892120780842425	0.0541299117882919	0.029431963406884372	0.07066190476190476	0.0532	0.07857449286953888	1.829095238095238	1.7781	1.73377003788364	2324168	0.15955592256170292
fam1025	0.05730422894216893	0.03726143592850651	0.03913450334673889	0.06281904761904762	0.0222	0.08119937613557912	0.9379238095238094	1.4398	0.7952440852640102	1955667	0.13750899928005758
fam2567	0.030776797230514786	0.029287269702233856	0.012525067977008865	0.04602857142857143	0.0338	0.04875811183165069	1.7681238095238097	2.1766	1.718743124081072	1180292	0.13359788359788358
fam247	0.02923436250784776	0.030423818433254698	0.011291860419873215	0.03851904761904762	0.0189	0.04783367631250144	1.2775761904761904	1.0687	1.4083386879260602	1141147	0.11862621154656552
fam2431	0.01676955893064915	0.011943824648904056	0.013155003169509658	0.040823809523809526	0.0091	0.05985749668418362	1.417847619047619	0.7198	1.8135094818030506	1317762	0.11002289016473414
fam2746	0.03741700930368251	0.019323671497584544	0.0250643824904156	0.04992380952380952	0.0159	0.06754410837344525	1.0038761904761906	0.9447	1.0082331036709062	966522	0.12726506531816262
fam1985	0.028027837338429642	0.019550006859651532	0.01888665444192221	0.05105714285714285	0.0283	0.06555870921350951	1.3787523809523807	1.4578	1.3524497257161054	1753206	0.1350606909430439
fam330	0.02165360097666329	0.014740266341364237	0.01791057710137324	0.04516190476190475	0.0145	0.06403464446383673	1.2689285714285714	0.9837	1.4773426858940433	1223015	0.11917631917631921
fam3470	0.03863627200165534	0.03673880221439356	0.017801903906843785	0.04278571428571428	0.0265	0.0514127488887661	1.0243714285714287	1.3749	0.9295293986707452	192882	0.11746933621933622
fam416	0.03783179110083267	0.03726839847249068	0.007792593722978291	0.0596095238095238	0.0484	0.06529427820597997	1.664861904761905	1.6549	1.7427217654812506	1311984	0.14385922719256053
fam4297	0.04833265776197957	0.046460176991150445	0.015186124146373945	0.056171428571428574	0.0325	0.0672087447743942	1.0629380952380951	1.1258	1.1340445647060036	784003	0.12438949938949936
fam4269	0.023164599961459986	0.01816074188562597	0.0080972662982638	0.042523809523809526	0.0269	0.05174810697951877	1.6256714285714284	1.484	1.8185676491188798	748963	0.13229896563229895
fam2638	0.03152459837018993	0.03561881366953255	0.008447657367678307	0.05514285714285714	0.0406	0.06117127065658762	1.7784190476190478	1.8577	1.734193979543467	1102602	0.1428981584020344
fam3636	0.04614302654590648	0.04479286455557737	0.01768903480232716	0.058219047619047615	0.0377	0.06798189268052417	1.362609523809524	1.5033	1.4167105336305554	24029	0.1436557851652191
fam2415	0.044685948284256254	0.01290035587188612	0.04019851922060613	0.04511428571428572	0.019	0.060304223067111085	0.8877571428571427	1.3926	0.7723333924644502	1337561	0.11375661375661375
fam3010	0.03974644137170116	0.02908534251817834	0.017562621125123017	0.06290000000000001	0.0504	0.07206609400239412	1.4011142857142855	1.9745	1.340269304241187	687542	0.15233834025780332
fam1998	0.02571405273083828	0.018163411148165793	0.011130005539846468	0.057080952380952406	0.0305	0.07360250784448676	1.7008333333333336	1.4061	1.8460499983770584	1738341	0.13312771132676346
fam347	0.013584969857215967	0.012778340080971659	0.004053320871455678	0.0254	0.0093	0.03480296922198833	1.4742380952380951	0.7539	1.899797900899735	1242447	0.10055968437471328
fam748	0.03264955276995611	0.03370405533704056	0.016143042043046545	0.06503809523809524	0.047	0.07846431082066774	1.4935190476190474	1.4692	1.5758688420221512	1658302	0.1492784992784993
fam3092	0.0414350577518328	0.011708672355626115	0.038366433268468364	0.05673333333333334	0.0118	0.08284323884435121	0.8858857142857143	0.9296	0.8640957780277846	600911	0.12008136587968522
fam63	0.0363142872214089	0.03067846607669616	0.022334643696368082	0.06691428571428573	0.0212	0.09261384904005235	1.5324904761904765	1.6162	1.4882105966257924	943824	0.14912280701754385
fam1835	0.04145604100414991	0.02761872684405524	0.01950336470035154	0.05256666666666667	0.0257	0.06672598075664761	1.0066047619047618	1.0428	0.9996424058137658	1912596	0.12965935437845552
fam3514	0.03985929426803074	0.026562014988248856	0.03321681262169702	0.018609523809523812	0.008	0.025467886497123896	0.5997809523809524	0.0947	0.9116947738084108	160670	0.053927553927553926
fam3502	0.11380032277800724	0.05704959909174768	0.12250115958287164	0.025204761904761903	0.0048	0.034926228051361224	0.4936285714285713	0.2206	0.667191846574922	173927	0.06780538302277433
fam1567	0.07840728200710892	0.02858795770857113	0.12227180346231653	0.04624761904761905	0.0181	0.06257220301035565	1.3526714285714285	1.257	1.3992657095242278	2196140	0.12710474260626237
fam3137	0.03130907965361817	0.03418780643785973	0.015332486664488682	0.04491904761904761	0.029	0.05308169462116743	1.4862904761904763	1.6661	1.48640094504582	547259	0.13214481194776762
fam2506	0.026101283287718647	0.019631171921475312	0.013894011397461188	0.06364761904761905	0.0294	0.0829499081146919	2.021142857142857	2.3221	1.9614950176724235	1244520	0.15156599552572705
fam2031	0.08971114647541781	0.050737422398590096	0.08421925914558713	0.05253333333333334	0.0209	0.06812482474129197	0.8399523809523809	0.6391	1.0004113199884324	1709013	0.1117975117975118
fam607	0.01729414636326659	0.011439671918843082	0.014800209224636828	0.022123809523809518	0.0053	0.03227820884807441	0.7508714285714285	0.4633	0.9529769587695067	1505111	0.08242493784662461
fam3515	0.04694745652571135	0.06087463556851312	0.028422971928298565	0.030733333333333338	0.0031	0.046981985740568534	0.5077380952380952	0.0462	0.7597397445843765	160103	0.06977275322599062
fam284	0.0121983834552301	0.005315222205817215	0.011833518409582975	0.023495238095238093	0.0036	0.03528766783359006	1.0724190476190478	0.6773	1.326704114792977	1173902	0.09126984126984125
fam2586	0.04614279389982892	0.04407815803005199	0.02299580302178808	0.053861904761904764	0.0334	0.06429091971870245	1.4009857142857145	1.5757	1.4611158470043868	1158501	0.13029100529100526
fam336	0.04889719250944366	0.03051249825443374	0.03487906600913079	0.06328095238095238	0.0422	0.07847816571716662	0.9515380952380952	1.2121	0.8952910048194709	1231510	0.13290540876747775
fam3656	0.014630779095890242	0.0055274067250115156	0.01102803431892523	0.03683809523809524	0.0143	0.050395591985906645	1.905009523809524	1.3079	1.8360029880940416	2861	0.12190996617226123
fam1894	0.037079947317522774	0.0429962976022567	0.01509158979207987	0.06819047619047619	0.0413	0.0816665980841028	1.8685714285714283	2.6334	1.8082888502256327	1849988	0.1455429323449628
fam3090	0.022542400076535414	0.018711018711018712	0.017132279852710115	0.05433809523809524	0.0261	0.07290862171363141	1.548490476190476	1.3949	1.681366347124454	603135	0.1342271536446294
fam666	0.033523441978291456	0.036353388755812316	0.02338326669554569	0.058138095238095246	0.0258	0.07901117748648259	1.1983666666666668	0.7053	1.5831733338707308	1560465	0.12058570198105083
fam629	0.05993007773854234	0.04771344114067118	0.05571555332802968	0.047509523809523814	0.0173	0.058702355795689484	1.5841904761904761	1.9165	1.6190066892725608	1526469	0.12359788359788361
fam999	0.038284197256104255	0.017038969509212458	0.037648827506684426	0.05070000000000001	0.0209	0.06699433522605439	0.8716285714285713	1.0793	0.7745868294300714	1931880	0.13985160139006292
fam1984	0.013877639622761711	0.010321531339922432	0.005995418353101883	0.023947619047619047	0.0164	0.02872095002818573	1.4143619047619047	1.5986	1.400279604553928	1754222	0.11848939371875152
fam323	0.01987581177517228	0.010239792611795206	0.012044783512522092	0.049433333333333336	0.0158	0.06886195530834778	1.7366095238095238	1.543	1.891248988393589	1214978	0.12122847250326
fam3499	0.054569639745460925	0.05673076923076923	0.015554162892746892	0.03672380952380953	0.003	0.054045209512054014	0.5437285714285713	0.104	0.7750193061453109	175231	0.07197971781305114
fam327	0.024327904659094186	0.00952793417063664	0.02172429714221181	0.056914285714285716	0.0111	0.08240012301027737	1.8212285714285712	1.896	1.6894073920539505	1219055	0.13818386914833616
fam1611	0.05631739849723405	0.04332572255944756	0.02418172604064716	0.06777619047619048	0.0778	0.06863394901152126	1.2021619047619048	1.7718	1.1924218211275461	2145596	0.15272108843537413
fam3288	0.04445715095576865	0.041999160016799666	0.01470678795182733	0.0668	0.0448	0.07934490711894675	1.3973238095238096	1.3501	1.5007428096984767	372367	0.14833059660645867
fam467	0.04048890071942228	0.04043322995959026	0.006121043582807474	0.06964761904761904	0.0785	0.07163112265228225	1.8125380952380954	2.3029	1.79972939856873	1361697	0.1470739483698447
fam2711	0.01576703950772286	0.01455911705999765	0.010947939874803511	0.017190476190476194	0.0124	0.021262103662483517	0.749652380952381	0.7729	0.7683896256327549	1016915	0.08321661998132586
fam3107	0.026586659330250364	0.016426030550324336	0.013886395301293842	0.0585904761904762	0.0147	0.08354161155782192	1.5201142857142858	0.9558	1.84092229299434	582534	0.13213032581453632
fam3318	0.03427312846023034	0.030440867739678093	0.011693373132786069	0.07498571428571428	0.0807	0.07810980235853753	2.1105666666666667	3.9205	1.9058022141253481	339198	0.1673052362707535
fam2191	0.03271516676001397	0.03831863667888635	0.01171032991967828	0.05464761904761904	0.0342	0.064454794930782	1.717	1.5151	1.7011435081256652	1548979	0.1355711683580536
fam4300	0.020406251795166547	0.008460185578264298	0.016606351373300698	0.05016666666666667	0.0265	0.06457116659590065	1.9975619047619046	2.8356	1.7847718868450841	786602	0.13861147295797752
fam2401	0.10154721141730973	0.0911070780399274	0.02410481704919183	0.050390476190476194	0.0209	0.06701635127242069	0.44618571428571424	0.274	0.590683355095092	1351685	0.08169934640522876
fam1433	0.05469918754337227	0.05542570951585977	0.003225351946286973	0.05488571428571428	0.0884	0.04667959976278295	1.009461904761905	1.6164	0.8607822983864268	2342907	0.1344732743480134
fam2200	0.02226392036255066	0.012297226582940869	0.019617138233958695	0.03747619047619048	0.0188	0.049928576651451916	1.1587666666666667	1.1882	1.1641818730983546	1541450	0.11880999904952
fam4049	0.029380337992910354	0.020473328324567993	0.019664433881469417	0.06879523809523809	0.0277	0.08976053579857951	2.083704761904762	2.1147	1.8332083625309794	471753	0.15366919714745803
fam3488	0.057458643677946404	0.07059804125859553	0.03506423400874988	0.05506666666666666	0.028	0.0731699218280125	0.7522476190476189	0.332	0.9985302716726778	179599	0.0962962962962963
fam2366	0.04260439693492522	0.02994859218035184	0.01615026672869337	0.0735047619047619	0.0635	0.08337424220368392	1.4862095238095239	2.0617	1.420977114156634	1388004	0.15231572080887149
fam2798	0.020245188126141532	0.016819974880549995	0.01901291669849374	0.02826666666666667	0.0065	0.039677369504462504	0.9807190476190476	1.1113	0.9377930260122369	920451	0.09560580989152417
fam273	0.018720476264857868	0.01073526433056512	0.01258656970807931	0.04737142857142857	0.0191	0.06361061713460181	1.7695428571428569	1.9618	1.7808408149419943	1166052	0.1416720534367593
fam3647	0.01316804211020915	0.004817506328080347	0.01012193021204291	0.03332857142857143	0.0059	0.04911570540068423	1.5664761904761906	1.1024	1.810778817421825	10686	0.11955569571463613
fam3232	0.05527963109159633	0.039233466328134445	0.03214209393210614	0.07324761904761906	0.0646	0.08360894016361795	1.057661904761905	1.6409	0.94596977223235	432802	0.15508584386135407
fam1893	0.037567807423664265	0.020677604116105232	0.02204382374421854	0.044128571428571434	0.0213	0.05773371667246381	0.8780238095238098	0.902	0.8956082019152507	1851751	0.12076487515084007
fam95	0.03772832321324341	0.021741005952894486	0.02323516054091947	0.042257142857142854	0.0228	0.052777679006948984	0.9089904761904763	1.1591	0.8346897318649161	980157	0.10760278954349035
fam4301	0.004474407598934989	0.0016920473773265653	0.004376490193849025	0.0102	0.0032	0.014510948247706592	1.436904761904762	1.8292	1.4310132365951955	787772	0.09884559884559885
fam2628	0.02431264606962132	0.024162927166033826	0.008903437012428817	0.04762857142857144	0.0228	0.06081614872365918	1.6873142857142855	1.6775	1.7425380901174596	1116119	0.12904799429622124
fam2196	0.027710924676038046	0.019494904740806382	0.015405237349751827	0.05833809523809523	0.0167	0.08060735211765427	1.566442857142857	1.5505	1.6569583003550954	1544380	0.1496456024757912
fam2895	0.021518770100693085	0.007843808871382085	0.017107495844886404	0.05156190476190475	0.0229	0.06938979255378701	1.7682857142857142	1.8765	1.6666345491055046	812709	0.12181032750653004
fam2367	0.01919999688282231	0.011019283746556472	0.013071163940300659	0.05013333333333333	0.0125	0.07181189272333613	1.822595238095238	1.5332	1.936206935633785	1385781	0.131429438806488
fam3974	0.03286765946395707	0.03425401322001889	0.006797316104030777	0.05448095238095237	0.0439	0.05992568110781743	1.6591428571428568	1.7458	1.685543653874217	379423	0.14432173534417922
fam3841	0.03802636990319625	0.04029228038632644	0.021114960080341933	0.05815714285714286	0.0248	0.07473435858921583	1.7901476190476193	1.7621	1.8268618131646115	226497	0.1317931793179318
fam1891	0.03219984536151204	0.03307984790874524	0.006482334199024465	0.05406666666666667	0.0387	0.06131314108607769	1.630857142857143	1.5647	1.7551292329494548	1853382	0.14415164123901986
fam605	0.03295338203723884	0.029734675205855442	0.02161794043424502	0.06190952380952381	0.0181	0.08582136433291958	1.6171428571428568	2.1442	1.573303928974046	1503985	0.13076923076923075
fam2202	0.026670600745949655	0.043916777131001096	0.024402299429401402	0.021771428571428574	0.0	0.03442365110069008	0.45329047619047624	0.0295	0.7024864797239954	1539643	0.06683375104427734
fam2998	0.02821729941168222	0.03204440505620598	0.007478095680705408	0.04757142857142857	0.0277	0.05801572974598513	1.6417047619047618	1.592	1.78378636198829	699778	0.13097066783702727
fam4122	0.04219780321492318	0.02097902097902098	0.030405295785465015	0.028780952380952383	0.006	0.04199329446525185	0.42388095238095247	0.2706	0.5058400496477758	551690	0.07253525580218807
fam628	0.024065390227122178	0.008501658124811576	0.0201344539719986	0.05043809523809523	0.0116	0.0718772530160536	1.4341666666666666	1.4343	1.4475369015226662	1526188	0.13916183757453596
fam2640	0.022374448758751997	0.015887426236949616	0.016202905784583426	0.05011428571428572	0.0046	0.07486018896019742	1.4876952380952382	1.1215	1.6875193728626787	1100191	0.12249923053247153
fam4083	0.02737485000083796	0.02217223650385604	0.010084591755273799	0.052357142857142866	0.0324	0.06375169518887935	1.6331857142857142	1.764	1.6572401671757417	509066	0.14105148232132358
fam4044	0.025062367863750733	0.02446756624939034	0.015197402886449777	0.05822380952380953	0.0301	0.07658769579633722	1.6553857142857145	1.2302	1.8258090716135666	467657	0.1404122470473181
fam2874	0.03721939368282904	0.023557126030624265	0.023534424259726853	0.03917142857142857	0.0161	0.051721655617970555	0.8693238095238096	0.9208	0.9557540114409605	833358	0.1060287997642986
fam4116	0.029244408904268725	0.033843150016270744	0.012927883847731768	0.05156666666666668	0.0334	0.06079805239152957	1.7657571428571426	2.6362	1.6068039417461248	546981	0.1395042865631101
fam424	0.03327872377548601	0.033952155494642415	0.01159095863580736	0.06767142857142856	0.0504	0.07913284275647557	1.6509476190476189	1.6052	1.7236042653250518	1317957	0.14820132408072106
fam85	0.01556600530582835	0.007359705611775529	0.015410346148974746	0.03774761904761905	0.0031	0.057653328645056345	1.7271999999999996	1.9598	1.8132458665004454	970368	0.1170777663583419
fam4082	0.03891293961954579	0.03226935286324893	0.01933414814197286	0.04923333333333332	0.0385	0.052194885110957295	1.609752380952381	1.4526	1.6548350936743625	507870	0.13203208256211788
fam3693	0.022197305037571564	0.01384335154826958	0.014993636735702448	0.04586190476190476	0.0137	0.06382552464627206	1.556357142857143	1.5269	1.513048728819503	49108	0.12576862576862577
fam3651	0.049792182948769345	0.06306818181818183	0.02193986806020919	0.03886666666666666	0.0055	0.054071437168437805	0.6775428571428571	0.2304	0.895735469864172	6839	0.09015059015059015
fam3670	0.06129522317281586	0.09787857882028286	0.05615909562283658	0.03207142857142857	0.0	0.05071026140974722	0.30243333333333333	0.0667	0.44540859073261346	9523	0.06772486772486774
fam110	0.04595498147887698	0.04702539861373043	0.015349691830717578	0.07198571428571428	0.0635	0.07854005520821107	1.720957142857143	2.4193	1.6625785849157353	995572	0.14895833333333333
fam3989	0.025850163927705196	0.020327713132272617	0.011388973720031972	0.055752380952380956	0.0428	0.06589790529980824	1.7093285714285713	1.714	1.7050297182559764	399958	0.13818057689025437
fam2550	0.07096283484635363	0.06156007701514284	0.028099610142513554	0.035238095238095235	0.0027	0.052891078338415956	0.583304761904762	0.0645	0.8814657751917923	1199853	0.10651400815335241
fam1878	0.02491783663794396	0.03304203299524262	0.015590887355510086	0.05933333333333332	0.0611	0.06263613237872433	2.1773380952380954	2.438	2.0833153032689187	1869799	0.15439622948155374
fam242	0.04120591641035396	0.04247250663632916	0.026826347640428336	0.027676190476190472	0.0112	0.03814574687347395	0.43979999999999997	0.2371	0.5610114768370226	1133025	0.07387057387057387
fam2813	0.02058207498460709	0.02434658073755818	0.009752832520377206	0.03946666666666668	0.0137	0.05247058435182728	1.7101761904761905	1.9009	1.736457180283152	902736	0.1334794787480209
fam2680	0.03045917061651825	0.028480235698502332	0.009548846581962232	0.050380952380952373	0.0359	0.05705242884565221	1.5144142857142857	1.624	1.465743461373041	1050711	0.12522922212363208
fam440	0.016153133936269017	0.004349318988211056	0.016872534948863645	0.04103809523809524	0.0038	0.06290839505026698	1.3190142857142857	0.8182	1.6196754355310155	1333733	0.12074118350268977
fam4092	0.019456120009060638	0.013908205841446452	0.008893031189780012	0.034447619047619046	0.0079	0.04878780701546939	1.286057142857143	0.8415	1.5524017464718918	520648	0.10368900646678425
fam2741	0.03933776706764817	0.02980370970646497	0.030429828193368348	0.07023809523809524	0.0331	0.09453079355271073	1.1405380952380952	1.1106	1.2260109630039595	972638	0.12504049238743115
fam21	0.01793018680882057	0.011857707509881424	0.011035279915941755	0.044033333333333334	0.0167	0.05942181203928189	1.9443380952380953	1.789	1.8735141196809784	892033	0.12849584278155707
fam3474	0.29489862289830054	0.10787721935191903	0.4463562980680288	0.048028571428571434	0.0149	0.0636915344816393	0.4511142857142858	0.1759	0.6126389368451662	189230	0.08659003831417625
fam3686	0.08083491484607627	0.05030117902309515	0.06719811370817184	0.0665904761904762	0.0521	0.07333510109186593	1.4556095238095235	1.819	1.483900421477694	42972	0.15863893450100347
fam2814	0.05313956172195138	0.04254324450677887	0.02974828823943811	0.05005238095238096	0.0338	0.05873778388938271	0.9248142857142857	1.1826	0.9811027892780918	900303	0.1282035904202151
fam259	0.01953263245177166	0.009628610729023384	0.015730606740333827	0.02223809523809524	0.0086	0.02968571046641282	1.0487904761904763	1.4759	0.9697526159282961	1150842	0.09587301587301589
fam2499	0.030230427574328044	0.0	0.03702460619976312	0.06413809523809524	0.0	0.10141127708584192	0.8884000000000001	0.1026	1.3174374722670272	1252861	0.11025311025311027
fam2729	0.022482009905312496	0.01876513317191283	0.014008528033285852	0.026380952380952376	0.0062	0.037116914627618534	0.9111666666666667	0.8227	0.9632592868230204	985372	0.09550647956445057
fam3552	0.03694271742477248	0.034080717488789235	0.015052672276128694	0.07027142857142857	0.0326	0.08848845575961356	1.6191380952380952	1.8781	1.590173968462987	121496	0.153032153032153
fam3878	0.041487633389244695	0.04053858404517157	0.010630976659872194	0.07213333333333334	0.0553	0.08540763506258751	1.5742142857142858	1.3814	1.7644453633570265	275427	0.14412287903667215
fam1976	0.015318274101051094	0.009263376315399438	0.009744983041427529	0.03728095238095239	0.0125	0.05190671687012989	1.6540761904761907	1.3494	1.8150763911261651	1764213	0.11514871320696564
fam3683	0.02967280256329894	0.018784972022382097	0.01973008017517553	0.04550952380952382	0.016	0.061133716866132726	1.2695666666666667	1.5547	1.2102444709087001	39780	0.14129143720980455
fam3724	0.02915800662684254	0.0211864406779661	0.019272362269930513	0.06497619047619047	0.0199	0.08946165395489103	1.811009523809524	2.146	1.6963384904537808	81345	0.14897486772486776
fam3522	0.07453960104091936	0.047267127983627144	0.07072919798642617	0.03562380952380953	0.0147	0.047018840243762725	0.8965476190476189	0.2608	1.270221493478335	149370	0.08353858784893266
fam4047	0.03869304619135881	0.03189655172413793	0.01947246275783902	0.06380952380952382	0.019	0.08924643732924985	1.2560142857142857	1.0067	1.3895895198242687	469837	0.13943623426382046
fam3473	0.020590500792677643	0.0	0.02573667696905019	0.03144285714285714	0.0	0.049715596589175994	0.6454666666666666	0.0661	0.9895233158942807	189693	0.06800976800976802
fam1892	0.037452414840460406	0.01005126143330988	0.03709882443043235	0.053476190476190476	0.01	0.07868589094054013	0.9614333333333334	0.8826	1.1056806958927343	1852361	0.11678663713547435
fam312	0.0934459428154518	0.08415518787187219	0.03387206420688735	0.07062857142857142	0.0352	0.0902745449691537	0.8494047619047619	0.5877	1.0254370526877519	1204204	0.1275868997387985
fam334	0.02735861457705408	0.024808033077377434	0.007350838641831829	0.05311428571428571	0.0308	0.06659737793861946	1.6953619047619048	1.5034	1.8428190272297986	1229503	0.13501151096570943
fam122	0.07933320642561528	0.056863076143846024	0.053657590966186434	0.0515047619047619	0.0049	0.0748895280122374	0.8458761904761903	0.2949	1.2014357668281976	1004619	0.0996757125789384
fam2787	0.015758028197302234	0.012	0.00996591555259933	0.03395238095238095	0.0096	0.04765778424447543	1.6608571428571433	1.9994	1.6554822012451407	932144	0.1267353336318854
fam1377	0.06094780233686173	0.0	0.07497514974266531	0.020919047619047622	0.0	0.03307598206507497	0.15541904761904762	0.0281	0.20880726273413372	2281506	0.0421701018715944
fam3487	0.026397992206343864	0.03337041156840935	0.01620761344306368	0.03558095238095237	0.0059	0.0532013302648544	0.9469571428571429	0.1798	1.391413464472601	179816	0.08306153511632963
fam2039	0.14952577223072278	0.15358706635230718	0.03386192876500806	0.0634904761904762	0.1023	0.04584124681220017	0.4595904761904762	0.4622	0.3853738085161593	1703158	0.10233029381965553
fam3520	0.10941938994627966	0.08518518518518518	0.07400669264628032	0.03098571428571429	0.0035	0.04432999936315605	0.5553095238095237	0.0632	0.8356790828021883	150875	0.06572215663124754
fam4131	0.01959583136873151	0.0020806587276993227	0.022971251264285366	0.03841428571428571	0.0094	0.05591233176623396	1.8352571428571427	2.4358	1.7830540227831757	559845	0.12597707763870908
fam3571	0.02825076699691095	0.026355047240179015	0.008010719158085237	0.05020952380952381	0.0329	0.060956330229200446	1.5643238095238094	1.626	1.6066012460218064	100913	0.136217036615443
fam96	0.021938393528279327	0.017426273458445038	0.014662046434738707	0.02801904761904762	0.0054	0.04039656537790144	0.9952333333333334	1.0716	1.120038289453209	981138	0.0992918192918193
fam3130	0.038846176589101784	0.04008179959100205	0.013056253306060814	0.047928571428571425	0.0458	0.050431048097822624	1.2263095238095238	1.8311	1.1153025085704698	553079	0.13286781107555037
fam2158	0.029243586623832928	0.03325774754346183	0.014238237771152903	0.05585238095238095	0.0279	0.07197504606622929	1.8784571428571428	2.7345	1.7975044760713668	1586515	0.13561308192180677
fam745	0.04971740961808854	0.02790929479192624	0.03292129281858736	0.057995238095238114	0.0224	0.07889550337956364	0.8774380952380957	0.8026	1.0502571193017407	1655497	0.12010184190635316
fam3500	0.048021901525043445	0.05235158989239512	0.02712370116432706	0.026166666666666664	0.006	0.037236187382620835	0.5114904761904762	0.0869	0.74981766285434	174576	0.06720547546235622
fam3285	0.04984834621359092	0.04471390678287229	0.01647510549161248	0.07143333333333335	0.0614	0.07903954003464905	1.3356095238095236	1.659	1.2886758626423156	375844	0.1544011544011544
fam2093	0.02880405838599839	0.016481001068213035	0.018636746987998658	0.0455952380952381	0.0216	0.060040450461417906	1.173342857142857	1.3106	1.1662618376151863	1644591	0.11997209140066281
fam3966	0.031067285835192235	0.02981062333485347	0.009967928156047209	0.055061904761904756	0.0674	0.051720581481194065	2.0562523809523805	3.2679	1.8657638904414684	369209	0.14410371478434303
fam2601	0.04184931039589259	0.044463087248322146	0.0276662320290188	0.0346952380952381	0.0106	0.04945256001068071	0.5408285714285714	0.2384	0.6989386771539895	1142685	0.07446892521519388
fam3729	0.02619101522515077	0.03030906781560531	0.007201148271668496	0.03839523809523809	0.0093	0.05383150499201388	1.3202095238095237	0.6098	1.721938591047273	85758	0.10419465591879386
fam2730	0.024278563343725423	0.02526487367563162	0.012216024529218708	0.042080952380952386	0.0125	0.05839448456544846	1.4477238095238096	1.397	1.5471159383110125	984094	0.10579345088161209
fam191	0.017925899995474958	0.02643031571603	0.011056785265173764	0.04441904761904762	0.0161	0.05938484349721071	1.8525857142857145	1.6486	2.0491018288591745	1076107	0.12448724808275369
fam343	0.03827025324950069	0.03232607167955024	0.012321245497673355	0.06545238095238094	0.0332	0.08499473159609935	1.408995238095238	1.2834	1.5601885101231137	1237865	0.13996362433862433
fam3068	0.041254414229013894	0.03865396642132102	0.013406410860415593	0.0600952380952381	0.0464	0.06612021862227617	1.512304761904762	1.3348	1.5567209792124543	629650	0.13277838984779858
fam3538	0.019303016444193678	0.0076260096566039435	0.016660374473136876	0.04063809523809524	0.0169	0.05528932968778209	1.5326095238095239	2.0151	1.4748470968059422	134064	0.12394585646119387
fam3751	0.026464063049032763	0.016554702495201534	0.01588198262458051	0.05877619047619048	0.0211	0.07918721580780758	1.6765333333333334	1.826	1.634274053002574	110577	0.138863287250384
fam3015	0.0366760311293165	0.037984187977562825	0.005544625425991594	0.06669523809523807	0.0611	0.07130782015613366	1.8531047619047618	2.0662	1.8751242141652251	680638	0.14822996781759668
fam4113	0.029751970129673923	0.012220259128386337	0.02435755809444156	0.04428571428571428	0.0166	0.060507498832508236	1.0787285714285715	1.2919	1.0629106077822605	542501	0.11974182896168713
fam268	0.03469250074682464	0.02165506573859242	0.018533468668451316	0.05866190476190475	0.0418	0.07137450842923361	1.4376190476190476	1.4037	1.385361163368788	1160866	0.1281253242037556
fam3746	0.044870829259386576	0.031972669936930626	0.01989096126174899	0.06595238095238096	0.0365	0.08382238943457494	1.1889809523809527	1.1416	1.311747979794263	105572	0.13200159433542005
fam4263	0.04325347406326387	0.03796977915536613	0.018380940522883405	0.044961904761904765	0.0189	0.0603496832057845	1.2087714285714286	0.691	1.5202618449724083	740887	0.10692951015531658
fam3059	0.06338519534588614	0.06290649695782922	0.013512385401273285	0.07492380952380952	0.0833	0.07293097130824269	1.2746571428571427	1.3986	1.2057322377359103	638440	0.1694495980210266
fam3482	0.07945081568652249	0.04387683146595628	0.07680869573550489	0.03725714285714286	0.0183	0.0499230223771088	0.7644857142857143	0.0966	1.1555130034856769	183083	0.08356290174471992
fam3483	0.011461961004011633	0.018908848228685837	0.01102552341907618	0.009728571428571428	0.0	0.015382338136012105	0.4917428571428571	0.0497	0.7647909914115213	182945	0.040326040326040334
fam266	0.018150176063745756	0.005663716814159293	0.017312173547133415	0.03922857142857144	0.0065	0.05780548781706376	1.4668571428571424	1.5466	1.4939235387367842	1159427	0.1140528283385426
fam3685	0.03560297394719692	0.02995169082125604	0.01700092647183885	0.062447619047619043	0.0259	0.08294616509432412	1.4616190476190478	1.2404	1.6596658007301888	42035	0.13093375065206053
fam918	0.12237368768562491	0.1286394917946003	0.0752600939706786	0.08439047619047618	0.076	0.08740183557384823	0.9407380952380953	0.8835	0.963470953661164	1842914	0.15608465608465605
fam3464	0.013266340572351007	0.0	0.01624792361407047	0.034561904761904766	0.0	0.054647576308303754	1.2027380952380955	0.6213	1.5659178992272174	205343	0.10567863509039982
fam3480	0.013132942327128656	0.0	0.01608942926955501	0.018204761904761904	0.0	0.028784295919997375	0.5851333333333333	0.1032	0.8589447675204694	184003	0.06900212314225054
fam3748	0.03636543840296	0.040152963671128104	0.01431013271576032	0.0654047619047619	0.0277	0.08251971467872146	1.6426714285714286	2.0119	1.62713837944114	107514	0.1431683784624961
fam2791	0.04916575165353893	0.04710234890996673	0.0044728615729632375	0.07454761904761906	0.0756	0.07821507356274943	1.5031190476190475	1.4135	1.615375347099906	927846	0.15560190012744754
fam3188	0.041638217057864975	0.0392349190779794	0.020694054267066827	0.058399999999999994	0.0392	0.06891193828427146	1.367757142857143	2.0561	1.2854674260366774	484450	0.14397759103641455
fam4037	0.022034447540248383	0.024071962498416317	0.014171033055329494	0.04967619047619047	0.0378	0.06046302218839375	1.5372523809523808	1.5786	1.699667376316136	460726	0.12509920634920635
fam3181	0.02532377848194352	0.01746805185253287	0.013256667623009184	0.03194761904761905	0.0181	0.039935669925848294	0.9900333333333335	1.0877	0.9654496910930916	491352	0.10320378151260504
fam3741	0.04605020193525199	0.02734927300736489	0.07504352644064001	0.03927142857142857	0.0063	0.0572099320619297	1.0500285714285713	0.2561	1.5813620034167823	97667	0.10592592592592591
fam313	0.014993964735596407	0.008653122648607976	0.009145088014751442	0.0347	0.0125	0.047311701965339854	1.7078333333333333	1.7619	1.7272529616853443	1205374	0.12370424360220277
fam304	0.038616610789192526	0.025131760002077005	0.04021219093761214	0.029680952380952384	0.0055	0.04259113052142393	1.3199285714285713	0.8669	1.634880097290626	1191953	0.10566706021251476
fam4295	0.027519468292058258	0.032211333617383896	0.008068332128598754	0.05258571428571429	0.0311	0.06309239849854593	1.8649285714285715	1.5888	1.9366614132728168	782422	0.1373952202603888
fam3760	0.09000559201713869	0.07704682562482046	0.0327183933363065	0.0819047619047619	0.1171	0.0787151917097055	0.8137523809523811	1.2342	0.7515430777622971	118564	0.15599931728963984
fam3494	0.06098859765823306	0.05013550135501355	0.02772071340617907	0.021900000000000003	0.005	0.030040892764617334	0.502	0.1476	0.7120520994849692	176922	0.06792586680854837
fam730	0.009825780603358486	0.005168035404012653	0.008268102156067733	0.031023809523809523	0.0348	0.033739773120894476	2.6556952380952374	3.3519	2.634652528544856	1638285	0.12197159565580616
fam4264	0.024620405559813586	0.02578268876611418	0.009126827417834129	0.05060476190476188	0.015	0.06980949912297361	1.685314285714286	1.2094	1.9845625045731923	743539	0.119607062259392
fam4244	0.14257046270411378	0.18354764840584817	0.05677141566752046	0.10325714285714287	0.1042	0.08347740824363697	0.9691047619047618	0.5253	1.0708141199578636	721317	0.15375153751537515
fam316	0.03899265227985215	0.032679738562091505	0.01731228510891854	0.055395238095238095	0.0196	0.07548768096401069	1.1162761904761904	0.8735	1.2464505555890877	1208385	0.12472827201509373
fam665	0.0183083303080026	0.016840417000801924	0.014525168707411927	0.01745238095238095	0.002	0.026516439088801372	0.6122333333333333	0.1247	0.9301360531988411	1559656	0.06916099773242632
fam232	0.02045304626983408	0.010806916426512969	0.013848852530431777	0.043871428571428575	0.0186	0.0587273128868635	1.6507761904761904	1.6527	1.6175812363216175	1122132	0.14773316734101052
fam282	0.02776457092261812	0.01758957654723127	0.017306935104792878	0.05654761904761905	0.0068	0.08362119587217687	1.3401523809523812	0.7867	1.661312031876082	1172302	0.123015873015873
fam2877	0.043430417007516674	0.03671071953010279	0.02656292992764676	0.0580952380952381	0.0395	0.06833138772740412	1.3273190476190475	1.2769	1.3545759015169734	829848	0.1318063090214989
fam4091	0.021068029416855486	0.01388224030636668	0.00965470520584084	0.041109523809523804	0.0163	0.055486608463852435	1.470604761904762	0.9597	1.6246119300653485	519847	0.11005291005291003
fam4056	0.03983313869394077	0.039738380735308686	0.010290736856094582	0.05249523809523809	0.0367	0.06263015762387103	1.1645380952380953	0.9684	1.339831590155018	475721	0.14938646853540472
fam4127	0.03178708521459285	0.02822367260539778	0.006059434037842507	0.05406666666666665	0.032	0.06760417240810013	1.4951047619047617	1.1338	1.7401421453915196	556488	0.12974465148378192
fam3679	0.01246916040676983	0.007229451673896118	0.00836741891217339	0.03104761904761905	0.013	0.042087489590677075	1.709714285714286	1.7982	1.7804088688478577	33938	0.1088342440801457
fam241	0.031803852125220265	0.015462384775498068	0.02589313182103541	0.058238095238095235	0.0217	0.07764702475635972	1.5127571428571427	1.9981	1.4617091455753104	1132730	0.14292114695340502
fam2092	0.029607543844884076	0.02320441988950276	0.011128166063128513	0.03510476190476191	0.019	0.04307290028810488	0.9985857142857144	0.9916	1.021727222140325	1645930	0.11212150842540984
fam3643	0.017582657846533147	0.01212529471202425	0.00916160937846613	0.03571428571428572	0.0129	0.04498231700943622	1.693052380952381	2.1226	1.6125832489751601	16562	0.1338535414165666
fam2574	0.025620289921702025	0.018226428321065545	0.016709396417928773	0.05731904761904762	0.02	0.07723862603305372	1.8749285714285715	2.7028	1.7341301385071743	1171832	0.13571927722871122
fam2387	0.017618490674348786	0.00861893450967085	0.013770873833011633	0.038066666666666665	0.0127	0.052633506739965856	1.6130952380952381	1.4735	1.7676234336845214	1362257	0.12302628838061912
fam3459	0.04646721104167275	0.0447934845840605	0.028967912811848087	0.06496666666666669	0.0604	0.07133993293903515	1.619290476190476	1.3972	1.5537089535335276	210301	0.14285714285714285
fam3036	0.03484561116413938	0.03773584905660377	0.013489337310430963	0.06103333333333335	0.0267	0.0817221793834122	1.5235666666666667	1.5553	1.6517538477784133	661325	0.1378199496280677
fam335	0.025553834893008092	0.023959151610369205	0.0110951804609154	0.049300000000000004	0.0183	0.06801286993055415	1.4037428571428572	0.7638	1.780168059099886	1230549	0.12406495165115854
fam2419	0.028476946986502213	0.02714440825190011	0.006790321389616068	0.05427619047619047	0.0332	0.06425191421837659	1.7004333333333332	1.6342	1.7401269098034842	1334122	0.13676633444075303
fam2864	0.08165532590668742	0.10144545262713653	0.05031534314323817	0.06972857142857143	0.0525	0.08562374583221723	0.6355904761904763	0.452	0.7761260206366599	844426	0.12698412698412695
fam2270	0.02739767674720234	0.010891488503428802	0.021841004781369702	0.03689047619047619	0.0123	0.05078966809782801	1.0126666666666668	1.2284	0.920262107245401	1483579	0.1042973286875726
fam2688	0.031265485247805314	0.03850047886167738	0.018157773784323764	0.04686190476190476	0.0155	0.06069621841354876	1.6129095238095237	1.7777	1.526475482280844	1041971	0.1369747899159664
fam3164	0.0252478696427483	0.02701312695924765	0.00941184115289375	0.04611904761904762	0.051	0.04502140886551449	2.1516523809523806	3.4679	1.9380854523445474	518048	0.13581864958011747
fam2731	0.03420045848460263	0.02162945803355855	0.03206572025526102	0.04663333333333334	0.028	0.059266937167950916	0.8525952380952382	1.2799	0.7647106807253443	982308	0.11197578901859058
fam4266	0.03806561644923989	0.018542281534710638	0.02911641842729289	0.04996666666666666	0.0289	0.06346066148060195	1.0104238095238094	1.2817	0.9038572005338653	745633	0.14499210990439057
fam3262	0.03288398479053841	0.03779395296752519	0.01402168701187545	0.0672	0.0612	0.07043792268644038	2.248880952380952	2.5597	2.0634066165812963	400523	0.1672682112779912
fam3486	0.07575527073736689	0.07635309278350515	0.010839383370214796	0.05244285714285715	0.0237	0.06851172698665446	0.7606571428571428	0.3049	1.03166288309396	180256	0.10941700732884026
fam3490	0.12650725134563973	0.07355149790530394	0.08401296950777895	0.05814761904761904	0.0108	0.08264808711552177	0.7380428571428571	0.1392	1.072303625521299	178699	0.0939153439153439
fam2346	0.02940669907334063	0.0265555844832075	0.013170585372798993	0.06864285714285713	0.0509	0.0784533320268964	2.246919047619047	2.9076	2.020239922955651	1408596	0.15869315869315873
fam3226	0.029037525368977503	0.03382796197542314	0.010436109498696552	0.048680952380952394	0.0218	0.0625681161694815	1.6490952380952382	1.4669	1.7991134100879458	440467	0.12609890109890107
fam369	0.0248010686510066	0.015508684863523572	0.013722764326189935	0.06019999999999999	0.0331	0.07766976490856903	1.9373238095238094	2.5895	1.8852832953481609	1265389	0.13245012661355074
fam925	0.05871218438791703	0.05458089668615985	0.023428836854682156	0.06295714285714284	0.0561	0.07220787828952481	1.0263285714285717	1.7655	0.9784719078347466	1851409	0.13440970093330606
fam221	0.048466580919718553	0.024539877300613498	0.033556670816763334	0.053523809523809515	0.0297	0.0673250742560509	0.9399190476190475	1.318	0.814475499131071	1110650	0.12483912483912483
fam3534	0.01818331605402505	0.006662212819656311	0.01691558367555365	0.04787142857142858	0.0359	0.058611953460325605	2.2049761904761906	2.2064	2.1452263856347615	140329	0.13391601366284914
fam3762	0.034503493416334345	0.02663563485906387	0.023446508883657156	0.038338095238095234	0.0192	0.04819348381354235	1.5609190476190475	1.6675	1.7078731841007755	132693	0.11761644548529795
fam3503	0.03562579539476971	0.05504688232536334	0.028663003658229987	0.032185714285714276	0.0114	0.045120244487203684	0.5626714285714286	0.1733	0.7527795738479632	173036	0.08011272141706924
fam2509	0.027714688626452308	0.01530612244897959	0.016032512505017898	0.04975714285714285	0.0282	0.06295501471329365	1.4305904761904762	1.6399	1.3631099626902767	1241199	0.12864468864468864
fam3481	0.00458676985020145	0.0	0.0059441186332662085	0.014561904761904762	0.0	0.023024489574828923	1.3726809523809524	0.0635	2.1996776620177885	183474	0.05586317214224191
fam3489	0.016081010856798257	0.0210016155088853	0.009800296432157608	0.023909523809523808	0.0026	0.03645155826262086	1.0371809523809523	0.1238	1.5654734164885802	179080	0.07632354338941168
fam3529	0.052956301829903955	0.024075957951848085	0.03728123731970917	0.0625904761904762	0.0256	0.08231479011211663	0.9137666666666666	1.1978	0.816816947105877	145287	0.13926681783824643
fam3662	0.01428890967302348	0.008144521942555128	0.012913472234104021	0.0334	0.0188	0.04355072576072314	1.6308238095238097	2.237	1.562352950765748	1347	0.12077294685990339
fam633	0.05048938942523015	0.052808046940486165	0.017447898016595006	0.06426190476190476	0.0133	0.0914433703300806	1.0822523809523812	0.402	1.4440932118111673	1529705	0.13015873015873017
fam2131	0.021321300826238405	0.02736402891659793	0.009223982234286504	0.03585238095238095	0.0126	0.04817058595734458	1.5829857142857147	1.4636	1.719457494257367	1612702	0.11815635345047111
fam2914	0.030054697263746037	0.02479732951835956	0.015736300398237722	0.05932380952380954	0.0158	0.08331868197733273	1.4795619047619053	1.2873	1.6343213787456072	793707	0.13968253968253966
fam3103	0.08989559602407719	0.0727252478004232	0.05357413420622044	0.0802	0.0716	0.07822297190297318	1.2983238095238094	1.6102	1.20513998195221	587382	0.14652305366591079
fam3104	0.03426351655549888	0.013722458446076537	0.0287414589972723	0.0479095238095238	0.0212	0.06435009827026134	1.087595238095238	1.5412	1.1270497105173864	585782	0.12108222284347527
fam627	0.011467880381630803	0.0	0.014348612124528804	0.023733333333333332	0.0	0.037526655077022804	0.874	0.0632	1.3465725966672715	1525399	0.06172839506172839
fam2918	0.04033673050501065	0.030050083472454088	0.02934406448707119	0.06231904761904762	0.0345	0.07761947239147575	1.749047619047619	2.1221	1.663674370215932	790477	0.1414141414141414
fam172	0.022522120898206908	0.008049886621315193	0.022279383293486006	0.05446666666666666	0.0071	0.08242273919561238	1.301538095238095	0.8559	1.5700029416036105	1054663	0.11595372612321764
fam290	0.02100117562558131	0.019753086419753086	0.008830477213397673	0.04457142857142857	0.0106	0.06305217901794961	1.6333238095238098	1.0814	1.9659524704579645	1179455	0.1278047408032637
fam3713	0.05583690955234603	0.059887005649717516	0.023735115723535805	0.0685047619047619	0.0666	0.07063889712366744	1.349938095238095	1.677	1.2684449266255458	71631	0.14323809523809525
fam1154	0.07050829846766656	0.07647333956969131	0.014457500546322827	0.08657619047619047	0.1294	0.07514417827313485	1.3613238095238092	1.7104	1.3345125284090538	2064720	0.15780141843971635
fam286	0.04479606305269725	0.054901960784313725	0.018665593249157356	0.0344	0.025	0.04056936446794963	0.8356142857142856	1.0373	0.9429521587044818	1175249	0.11282711282711282
fam3476	0.05487535995153962	0.05794701986754967	0.019450714744819752	0.07089047619047618	0.0519	0.08230451532346439	1.245309523809524	1.5828	1.218445986807146	187499	0.15699311171009286
fam2593	0.1788374894458921	0.09545968513525267	0.18235915376449882	0.07820476190476192	0.0658	0.09274026441622285	0.7506142857142858	0.1299	1.1055226487678917	1152072	0.12455908289241624
fam3653	0.11312835079330277	0.10858697715623615	0.018525061084569135	0.05576666666666666	0.0229	0.07427303127382896	0.5116666666666667	0.2517	0.6694290085291476	5893	0.09523809523809523
fam4115	0.020849023749028164	0.01272264631043257	0.01639738743293879	0.03854761904761905	0.0083	0.055028240533709846	1.4058809523809523	1.4473	1.4920268124805927	545692	0.12683223209539
fam264	0.014526442307771205	0.0047840703387639	0.0146006812346105	0.035752380952380945	0.0074	0.05272399489026044	1.452657142857143	1.4158	1.5279066512159476	1157160	0.1270718232044199
fam3531	0.027186661002673498	0.023816397228637414	0.009448554209586945	0.05633333333333333	0.033	0.07065803855682956	1.6836095238095237	1.3856	1.815091015140186	143462	0.13216159138905922
fam2548	0.027603570481708646	0.022321428571428572	0.022777356535666884	0.02872857142857143	0.0035	0.043612712682003556	0.6410428571428572	0.1568	0.9725056594627483	1200662	0.06629318394024276
fam2917	0.021775723803125743	0.013851481338976528	0.013084242011453083	0.04501904761904761	0.0129	0.06300577916839677	1.4864095238095238	1.296	1.5800538257572905	791570	0.12671279337946004
fam3711	0.02684571156911428	0.01714979511306723	0.0144772749432377	0.055138095238095236	0.0209	0.07531707879542755	1.450995238095238	1.3178	1.6306295017207577	70434	0.12692640692640694
fam3011	0.032365438745320975	0.019890117532512692	0.018379898399863932	0.04504285714285715	0.0286	0.055832850642649035	1.0958190476190475	1.2817	1.0848819345984801	686525	0.12845737097234106
fam3504	0.06396113630391062	0.06690647482014388	0.011511471565848919	0.030119047619047618	0.0046	0.04145581260924662	0.48790952380952374	0.121	0.7072170582843323	172704	0.0724417426545086
fam303	0.04622975068513059	0.03607887008809957	0.022068569375582447	0.05167619047619049	0.0258	0.06673952855094059	0.884742857142857	0.5983	1.046846970019714	1191013	0.10449287059456551
fam2429	0.029086085069179052	0.027511196417146513	0.011271874475570973	0.04949047619047618	0.0243	0.06430854127350133	1.4435952380952382	1.2443	1.5064938823627434	1321592	0.11637470186692984
fam3512	0.0516124827240603	0.06287425149700598	0.02259452275335591	0.020247619047619052	0.0021	0.029813844962934967	0.310952380952381	0.1235	0.4150873856580399	163436	0.055575647980711254
fam2035	0.03398600257771982	0.02380952380952381	0.018262401963754036	0.07032380952380952	0.0388	0.0906008457059336	1.5353619047619045	1.6296	1.5919387034969688	1705927	0.1521855921855922
fam2510	0.03744887491949422	0.020147946272143273	0.026313588038921972	0.044514285714285715	0.0205	0.05858726731258647	0.9352047619047619	0.9733	1.0299968753887838	1240388	0.11580507689457105
fam3485	0.052903689015594016	0.042867879959199016	0.027167652602883965	0.05197142857142859	0.0193	0.0681688599683738	1.2409238095238093	0.5888	1.5918311168811852	181622	0.10957501280081926
fam3498	0.10234510712217719	0.10234510712217719	0.0	0.020200000000000003	0.0	0.03193900436770063	0.1973714285714286	0.0	0.3120716296634738	175655	0.044733044733044736
fam2372	0.03328807846948397	0.023812236527287225	0.01383562213958606	0.062123809523809526	0.04	0.076045317972164	1.5020761904761908	1.7554	1.4884760813231774	1381005	0.14089635854341737
fam4062	0.038515792686489955	0.037465940054495904	0.008961127856058619	0.07205238095238095	0.0451	0.08694914561341299	1.6715476190476186	1.6455	1.7596458557711052	480883	0.15382659547419275
fam3600	0.03793099658688873	0.037114432380865855	0.0037849200813664316	0.06808571428571429	0.0817	0.07003156625485998	1.7290761904761902	1.9675	1.7643149721242173	71132	0.14028397817460314
fam859	0.06190478087301854	0.08268696734654793	0.04209175800177553	0.05092380952380952	0.0067	0.07705681827476647	0.7043238095238095	0.2859	0.9303909341698723	1779616	0.11156462585034015
fam2420	0.039007554921584954	0.022323782738618386	0.02955484728580262	0.05618095238095238	0.0252	0.07502132153466277	1.0950285714285715	1.1378	1.2171556707351452	1333141	0.1210980846239205
fam1890	0.035380246989526014	0.0412502709080839	0.012823493117894961	0.05646666666666668	0.0194	0.07351691307404376	1.4920571428571432	1.1445	1.6698345967622714	1855092	0.13019342527539252
fam3484	0.005071222162820857	0.00820403825717322	0.004968945440391663	0.005514285714285715	0.0	0.008718851263035676	0.6315857142857142	0.0387	1.0002593041357848	182689	0.05158730158730159
fam2299	0.02094600398931287	0.02385090981099694	0.005605174167772011	0.035809523809523805	0.0165	0.046604035230581084	1.6068904761904763	1.2588	1.8709234114035422	1454197	0.112468671679198
fam3708	0.01393424729601504	0.011199568209418432	0.010633819009518984	0.02637142857142857	0.0082	0.03754024054083758	1.147957142857143	0.7411	1.392394321396961	67753	0.11518858307849135
fam3676	0.01778089247831428	0.014316392269148177	0.007946890413651526	0.042166666666666665	0.0224	0.05463003999487159	1.974442857142857	2.2067	2.014324183624546	18761	0.12406905890318212
fam2795	0.056848072736593626	0.06099457239254804	0.027947067279873013	0.06559047619047617	0.021	0.08891588804815645	1.2137666666666667	0.9865	1.4119634155969225	923775	0.13065543677788574
fam2733	0.09048767716855685	0.0821423615928958	0.04245613084922989	0.05974285714285715	0.03	0.07359933728627992	0.9142809523809523	0.5735	1.2027930470047217	980433	0.1296087989001375
fam3518	0.015062204564948348	0.011547344110854505	0.013188994283055039	0.027595238095238096	0.0048	0.04042630539389487	0.9842904761904763	0.5579	1.2383692882961088	152165	0.09918634120314791
fam3725	0.025943546709954003	0.022695035460992913	0.015334507429605201	0.04742857142857143	0.0112	0.06756682859606931	1.4125238095238093	1.4023	1.5034519628745047	82235	0.12417626497048882
fam210	0.022483874281885065	0.023434570678665168	0.014571443194730206	0.04147142857142857	0.0125	0.059241484361786154	1.1945809523809523	0.4823	1.606675170483042	1098559	0.1015564801972569
fam4231	0.012980387277036863	0.006979893738931139	0.011365797228701076	0.03158571428571427	0.0134	0.04320121565434942	1.5447809523809521	1.7105	1.5751202447278345	711084	0.11314791403286979
fam2399	0.02742833587127659	0.02660217654171705	0.019212058291613106	0.03385238095238095	0.0044	0.051228513442897805	0.7727619047619049	0.1654	1.1110196781404995	1352363	0.08706108706108706
fam64	0.07554848253313251	0.09654062751407885	0.040664239097924854	0.05433333333333333	0.0175	0.07036499625817298	0.7124142857142857	0.962	0.6730096138036281	944630	0.12872204843007765
fam97	0.04553726249299055	0.04428812047954027	0.0030430092317647933	0.06403333333333333	0.0447	0.07731289138690375	1.4770904761904764	0.9331	1.809842220143529	982520	0.13425044091710758
fam3497	0.061827595402045375	0.044044081694061	0.053210471289621086	0.035861904761904755	0.0103	0.051438326235363555	0.7709190476190476	0.0653	1.1722621471078687	175874	0.0810071154898741
fam2937	0.027113413481951974	0.008232570105479804	0.02854181417061515	0.06105238095238096	0.0192	0.08679041871108441	1.5305619047619046	1.5632	1.4848390015262647	769041	0.1455571919489445
fam1648	0.04737389230613038	0.03955353272648461	0.02174056508839538	0.05393809523809524	0.0296	0.065543213489019	1.010047619047619	0.9228	1.1594406223606473	2114928	0.12259371833839923
fam2514	0.03606006911275238	0.013188624811100424	0.036313936753223364	0.04280952380952382	0.0095	0.062821932057143	0.6983571428571428	0.7279	0.764638293930024	1236217	0.10114702815432741
fam3136	0.046619476545065625	0.03323233310526831	0.03038425897217547	0.05707619047619047	0.0313	0.07271231574965828	0.9315857142857142	1.0231	0.9832542670161377	547915	0.11868131868131868
fam2511	0.04388061295935911	0.04163409406127853	0.011972647906146574	0.059414285714285704	0.0422	0.0697021095924123	1.4175380952380952	1.3486	1.5742501684403492	1239498	0.132913346921129
fam2891	0.018785422547902792	0.0046575441383543345	0.0197442879243448	0.05274285714285714	0.0129	0.07677607248435184	1.822842857142857	2.1298	1.7503812440699418	816419	0.13550012597631647
fam3665	0.03010311273383099	0.035444509006391636	0.008364831658186663	0.05607142857142857	0.0338	0.06943128252594272	1.7614	1.7298	1.8778993704973348	5364	0.1328201645158856
fam2650	0.020808625836797216	0.017996108949416344	0.010099585134370932	0.04514285714285714	0.0262	0.056354216231572496	1.9403666666666664	2.8221	1.827233673208749	1087860	0.13310277556087613
fam3284	0.03536297628153532	0.027205040091638027	0.015493453903287668	0.07151904761904763	0.0481	0.083771029308908	1.7836857142857145	2.114	1.687471726545709	377469	0.1593961593961594
fam3972	0.026844978303199166	0.017106731126812942	0.01388362764561792	0.05744285714285715	0.0358	0.07142611614827737	1.7195285714285713	1.6119	1.7643008816776222	377021	0.13882436443412055
fam183	0.035532329238108736	0.022010271460014674	0.023238287656012102	0.05905714285714286	0.0303	0.07484813559041097	1.469552380952381	1.5907	1.329309874877454	1065801	0.1451985647387946
fam2325	0.045226193879649386	0.030792066609322127	0.05167474466959215	0.05363809523809524	0.032	0.06796362105456179	1.5813285714285712	1.7337	1.5566781268496852	1432600	0.14393939393939392
fam681	0.05592986963427039	0.06887946094334914	0.0276316313058295	0.07291428571428574	0.0279	0.08970508976224091	1.2516190476190476	1.0668	1.2184622324955914	1572408	0.14348206474190728
fam2806	0.04038784165158008	0.03675195143104944	0.020257055393197648	0.05141428571428572	0.0339	0.06303092427504126	1.012957142857143	0.9224	1.086008981183344	908976	0.13163163163163163
fam4081	0.04221575954309249	0.04027113237639553	0.011126008368049688	0.06548095238095238	0.0672	0.06738465007521843	1.6072857142857142	1.6106	1.6965786244213787	507019	0.15259470371689823
