fam	avg_dnds	med_dnds	SDdnds	dn	med_dn	SDdn	ds	med_ds	SDds	loc	Pi
fam158	0.007322244601644252	0.008140670791273202	0.002395878471443874	0.0010227272727272728	0.0	0.0012291652075445418	0.13407803030303028	0.0	0.14977420470868905	161204	0.010996792246792246
fam98	0.0	0.0	0.0	0.0	0.0	0.0	0.0284060606060606	0.0	0.0319745845036045	466370	0.003095862470862471
fam150	0.09496243875410083	0.10697305863708399	0.02858960743402305	0.0053074596774193555	0.0	0.006454384356213141	0.05305806451612903	0.0	0.061083722089591265	258930	0.010521673387096774
fam43	0.19658625234478302	0.13597819503331315	0.3712973319830724	0.018672916666666668	0.0	0.021995214816554733	0.13867481060606063	0.0	0.16112135469100342	314723	0.04070556309362279
fam69	0.016992376634028965	0.01792009400705053	0.006137392412766597	0.0026755681818181817	0.0	0.0032017084778551315	0.14387954545454545	0.0	0.16597149615568638	456300	0.02488344988344988
fam93	0.0048615998267045124	0.0	0.01637253099623471	0.00010909090909090909	0.0	0.00042949133858246247	0.023531060606060607	0.0	0.02812708546497313	473831	0.006599814570829063
fam44	0.042244668656349404	0.041666666666666664	0.0015169150727565362	0.0021451612903225807	0.0	0.0023383670494292372	0.05100040322580645	0.0	0.05585165908384507	330538	0.00732806899641577
fam162	0.09528137994417024	0.0991501416430595	0.02167901371475173	0.0045484848484848486	0.0	0.005261466336236144	0.04622537878787878	0.0	0.051465327765183144	140783	0.00883140800267872
fam15	0.4803661858550351	0.5252225519287834	0.11189075492759942	0.007406653225806451	0.0	0.008549647234322628	0.01652076612903226	0.0	0.020209808586988738	77027	0.009308024284982808
fam41	0.23379800034424306	0.23329682365826943	0.04251853271583194	0.009862121212121213	0.0	0.010983029473216851	0.041795454545454545	0.0	0.046032844192927705	305029	0.012229437229437229
fam78	0.03477586037675506	0.032991202346041054	0.00632686873022415	0.0021592741935483866	0.0	0.0024060648080011827	0.0621508064516129	0.0	0.06722345740257701	518232	0.008254269449715367
fam36	0.10870052425730006	0.11008230452674897	0.00406928018897453	0.010974242424242425	0.0	0.012372232602792195	0.10074261363636364	0.0	0.11415157114749508	273314	0.022842721193415634
fam16	0.05289494570575844	0.05152471083070452	0.005897691244765919	0.006077462121212121	0.0	0.0071027765856626745	0.11838011363636364	0.0	0.13918051188518976	82088	0.018558063860077283
fam126	0.038527375610059734	0.04320987654320988	0.01284719834998353	0.0011454545454545454	0.0	0.001376665032449887	0.02835833333333333	0.0	0.03221895391165914	293305	0.0034052647689011327
fam115	0.1306285082776183	0.1343570057581574	0.01747171528201845	0.0031995402298850575	0.0	0.0036124815261973572	0.02445471264367816	0.0	0.027155948855651493	373084	0.0057798336604055695
fam26	0.1900082175261834	0.18036373581293585	0.030638078902931153	0.058905681818181815	0.0	0.06470077605610614	0.3156376893939394	0.0	0.3516111849454622	212076	0.07937229437229437
fam130	0.8325652841781873	0.8325652841781873	0.0	0.0033875	0.0	0.013119731085277624	0.004068750000000001	0.0	0.015758200989881427	282201	0.00641025641025641
fam65	0.049862583431488035	0.04986258343148803	6.938893903907228e-18	0.0051954545454545465	0.0	0.006244159254326272	0.10419545454545455	0.0	0.12522735134463792	444349	0.013860830527497193
fam2	0.10031658240142505	0.09990662931839402	0.005031367213191926	0.00920719696969697	0.0	0.010429533809157265	0.0927032196969697	0.0	0.1060733540903034	5660	0.019879243563454087
fam68	0.054831623337569226	0.02674151035492644	0.08474881857419875	0.03071068548387097	0.0	0.03698354563744813	1.121969758064516	0.0	1.392544673565537	454296	0.06718262226847034
fam60	0.04381433298060185	0.045039164490861615	0.0054766348761597205	0.0028631048387096777	0.0	0.0033078397889943225	0.06574072580645161	0.0	0.0755525641809192	423143	0.008033324259334876
fam88	0.7460347613881935	0.7490347490347491	0.04931361940890479	0.00890435606060606	0.0	0.00982895960587014	0.012074053030303032	0.0	0.013663977090751497	489038	0.011562142038946161
fam25	0.20822817263835303	0.19665271966527195	0.0294583239988249	0.004335037878787878	0.0	0.004804831414608386	0.02103977272727273	0.0	0.023327432347953498	191222	0.006586953876110502
fam153	0.02533304146652218	0.02834008097165992	0.008386151660934054	0.0011454545454545454	0.0	0.0013766650324498868	0.04240170454545455	0.0	0.04877176842007882	224505	0.004708741550846814
fam84	0.24622860642035693	0.2369942196531792	0.08611916251123157	0.007198588709677419	0.0	0.007961931730379719	0.02830907258064516	0.0181	0.030719520337808903	550478	0.00932953826691967
fam100	0.03747692577270981	0.03182256509161042	0.019142571973428734	0.0027875	0.0	0.0031571100313419554	0.08579602272727273	0.0	0.10038251181039015	465518	0.023719336219336216
fam23	0.018049666608246216	0.018160709843270586	0.0019377135735215965	0.009104166666666667	0.0	0.010754820169640826	0.49394583333333325	0.0	0.5832041437746924	162426	0.026278409090909092
fam40	0.03919785580812882	0.039637599093997736	0.004047677344302108	0.0015045454545454548	0.0	0.0017257349614076879	0.03787916666666667	0.0	0.042723553995099965	301379	0.005215195432586736
fam129	0.07017543859649122	0.07017543859649122	0.0	0.001309090909090909	0.0	0.0015733314656570135	0.01865454545454545	0.0	0.022419973385612444	282349	0.0038817931379914856
fam143	0.05489384578551687	0.05841924398625429	0.02080204125413186	0.0013909090909090909	0.0	0.001671664682260577	0.02452291666666667	0.0	0.027832685055562755	272712	0.003765128765128765
fam187	0.11362002968580825	0.09191856878470081	0.06279101234340957	0.006354637096774193	0.0	0.007321126264971537	0.06523568548387096	0.0	0.07903042592896728	1256	0.014260875998816215
fam94	0.0927427667679355	0.10439024390243902	0.024671663617855003	0.004454924242424242	0.0	0.00515446393712375	0.046035984848484854	0.0	0.0514623132975886	473367	0.010330185415801855
fam166	0.010042553449703008	0.0	0.024475488808205315	0.00037575757575757573	0.0	0.0010295903283640486	0.019271590909090912	0.0	0.023161583832951204	124770	0.002566650107633714
fam53	0.07572815533980581	0.07572815533980583	1.3877787807814457e-17	0.001543225806451613	0.0	0.0019071011392852398	0.020378494623655912	0.0	0.025183515044407648	382415	0.003996958835668514
fam123	0.05135460972446117	0.04965753424657534	0.005262232985594335	0.004011290322580645	0.0	0.004331518203582995	0.07875161290322581	0.0	0.08553662178712332	309102	0.01976553166069295
fam170	0.030337966383708267	0.03396512509476877	0.009630116238315226	0.009396590909090908	0.0	0.010910211530984468	0.27535700757575754	0.0	0.31962473484562537	118587	0.030828494526099315
fam164	0.03940247414094861	0.03961748633879781	0.004200470622464986	0.005088825757575757	0.0	0.005743560965163395	0.12714109848484847	0.0	0.14319592888609264	137054	0.012112651943160418
fam145	0.1784274691359737	0.1714285714285714	0.053708355796387955	0.0013586693548387095	0.0018	0.001552302349486776	0.006830443548387096	0.0	0.008267251062224097	269903	0.002296398090554029
fam38	0.0570601251967673	0.058258258258258255	0.005860507201166426	0.008615698924731182	0.0	0.009639584093764189	0.1473298924731183	0.0	0.16313994371542584	281542	0.020504886413449885
fam106	0.0695006379686061	0.07692307692307691	0.019683079231088925	0.002031060606060606	0.0	0.002364450495959274	0.030065530303030306	0.0	0.033387864466871385	449951	0.005717799759250536
fam45	0.025790370998966684	0.02821869488536155	0.008539659485591251	0.0019636363636363636	0.0	0.00235999719848552	0.07044602272727273	0.0	0.0820760428039944	331056	0.007036929807630445
fam12	0.012799644150410665	0.014025245441795231	0.004223380884874163	0.001227272727272727	0.0	0.00147499824905345	0.08934166666666667	0.0	0.10302321030900628	46049	0.013474157634741576
fam52	0.01880548306540838	0.020358700920988848	0.00475476900793449	0.0017409090909090907	0.0	0.001955565273057916	0.09032878787878788	0.0	0.10000028695436332	382094	0.008406647116324535
fam82	0.059152542585536885	0.05773092369477912	0.019620679552635176	0.004983669354838709	0.0	0.0058371719224264845	0.08339133064516129	0.0	0.09646081199873444	543205	0.011642008246422508
fam134	0.05425072825820255	0.042584434654919234	0.03932309577285318	0.0026846590909090904	0.0	0.0029343788184976486	0.05779659090909091	0.0	0.06664076202010691	277704	0.006499542670802512
fam95	0.8415685053244174	0.9220055710306405	0.24325056848225093	0.027162310606060606	0.0	0.03237895289958001	0.030749810606060607	0.0	0.03471229041744057	469733	0.06747000203376043
fam167	0.2998888569097517	0.3094462540716612	0.11801244148326387	0.004036174242424242	0.0	0.004812034918882932	0.012967424242424242	0.0	0.01468556545589622	124204	0.005379553106825834
fam127	0.0333959599383556	0.032871972318339104	0.002057180674709286	0.0016617424242424243	0.0	0.0018453602736905699	0.04995890151515151	0.0	0.05567561041430486	285787	0.006742340900756742
fam165	0.028395402814020768	0.024616134535705582	0.011267460561718706	0.004349621212121212	0.0	0.0048888827045598035	0.17065852272727272	0.0	0.1987658222292103	136573	0.019536271808999084
fam80	0.014700487935273846	0.0111635895234006	0.011610469730420354	0.0012113636363636363	0.0	0.001369010244514911	0.09871742424242423	0.0	0.11283875697287547	526504	0.015414247263049657
fam171	0.011787561512807364	0.01221703197987783	0.0014398321390717735	0.01718629032258065	0.0	0.02151340855207784	1.4030917338709674	0.0	1.7513438112586834	116000	0.04366539652712532
fam159	0.07696624057336444	0.07947019867549669	0.006705368854535359	0.005009090909090909	0.0	0.005752383623800824	0.06444829545454546	0.0	0.07310919679619955	145744	0.011810019385776959
fam83	0.1050823026723158	0.10377962844330557	0.0070678645877504005	0.006830537634408601	0.0	0.007859654205311978	0.06504043010752689	0.0	0.07473288547793414	549922	0.014767025089605737
fam85	0.05819663593705341	0.060903732809430254	0.008733698831107863	0.001356774193548387	0.0	0.001486716206289453	0.02359032258064516	0.0	0.025751466664635098	555682	0.004351676154332701
fam46	0.03903135292418941	0.04136125654450262	0.005241059254391546	0.0032759469696969704	0.0	0.0035347582871680127	0.08311117424242424	0.0	0.0922541811903721	338291	0.00994780440387135
fam110	0.19657185363066274	0.2110912343470483	0.03703663631207975	0.00991834677419355	0.0	0.011399494457200619	0.052499395161290326	0.0	0.06229380777844132	423706	0.015357782898105478
fam175	0.055324026399949496	0.06116642958748222	0.015577895575874998	0.010032459677419356	0.0	0.01248635605364408	0.17091875	0.0	0.20410898158127969	65294	0.030006348450581276
fam21	0.09221292468343686	0.08982511923688394	0.007153679677931705	0.005101893939393939	0.0	0.005610555208384185	0.055605492424242425	0.0	0.061386085280341805	146167	0.012466211409873383
fam154	0.05496973979897246	0.05890168290522586	0.014056403132326655	0.0055875000000000005	0.0	0.0065393386370951965	0.09812897727272728	0.0	0.1094449862377916	198599	0.014030390107976316
fam122	0.0	0.0	0.0	0.0	0.0	0.0	0.05459128787878788	0.0	0.0600714902366377	310047	0.006705948372615038
fam163	0.05349509634701481	0.03986710963455149	0.039269818175433305	0.006943548387096774	0.0	0.007693160367573723	0.16433165322580645	0.0	0.1904717072856205	140449	0.022623230064941973
fam96	0.06709189212459993	0.06554121151936446	0.03605266018390561	0.002736742424242425	0.0013	0.0029385458154352986	0.042523674242424245	0.0	0.048297039679497666	467132	0.007481595617188837
fam50	0.028616688850984475	0.030612244897959183	0.005084293067047368	0.0017738636363636361	0.0	0.0020090700199448803	0.06191212121212121	0.0	0.06810451752726593	374796	0.009099143610013176
fam146	0.04330348244514365	0.04801920768307323	0.014138637514735238	0.0016363636363636365	0.0	0.001966664332071267	0.03608541666666667	0.0	0.04043996058759688	269519	0.0073653198653198665
fam92	0.08362440611278321	0.09210526315789473	0.022552419845256327	0.003654734848484848	0.0	0.004160111850841615	0.04700833333333333	0.0	0.05668981729641585	481342	0.007351290684624018
fam177	0.1114612051988972	0.1114612051988972	0.0	0.011810685483870967	0.0	0.013955289591929935	0.10596229838709677	0.0	0.1252031105085163	36155	0.022773586541796738
fam182	0.15624831143989432	0.1060646186440678	0.07316211313462812	0.03777548387096774	0.0446	0.037388264518303065	0.3009432258064516	0.3065	0.3524713542578884	6419	0.06426426426426426
fam144	0.072310405643739	0.07231040564373899	1.3877787807814457e-17	0.0016772727272727273	0.0	0.0020158309403730487	0.02319545454545454	0.0	0.02787746690711021	271213	0.004352030947775629
fam13	0.07161486105188501	0.0690406976744186	0.008357524253227427	0.004304545454545455	0.0	0.00471507677941862	0.06050719696969697	0.0	0.06738173776749354	72542	0.009985269360269361
fam91	0.12445169230447621	0.12793522267206478	0.010385484562931556	0.006904545454545456	0.0	0.007653741050369795	0.055441287878787875	0.0	0.06100970395870846	483586	0.014601661779081133
fam140	0.0	0.0	0.0	0.0	0.0	0.0	0.0016424242424242423	0.0	0.006466230708658183	274871	0.00016559032952475575
fam168	0.0	0.0	0.0	0.0	0.0	0.0	0.02760151515151515	0.0	0.03122630977151703	122869	0.0031654573908095032
fam99	0.1582452101501386	0.1762198010421601	0.05495061400779978	0.014398387096774195	0.0	0.018117577385008434	0.08237298387096775	0.0	0.10162153614681511	466065	0.023481182795698923
fam103	0.14249371959921286	0.147690305790501	0.016294174393724693	0.008960080645161291	0.0	0.010941107893123999	0.06116350806451613	0.0	0.07365526788280002	461891	0.014362890239468077
fam4	0.17195900951472237	0.17393299678751722	0.002206984864344356	0.015678427419354837	0.0	0.01847086083392826	0.09101229838709678	0.0	0.10753854105602954	26662	0.025129608294930876
fam149	0.07867310627143122	0.0695225993828281	0.0319813742752778	0.01608409090909091	0.0	0.018172813442501906	0.22914848484848482	0.0	0.26898729481228584	259786	0.029424681598594644
fam161	0.05079684673711501	0.054365733113673806	0.013264102554644443	0.008232386363636364	0.0	0.009722041907476183	0.15637651515151516	0.0	0.17550507238627144	141330	0.020083430995033204
fam151	0.11070114043922764	0.08859060402684564	0.0707552358950309	0.005781628787878788	0.0	0.006417263618322848	0.06296325757575758	0.0	0.0737555109291401	247065	0.012810691181477697
fam39	0.046906084365958535	0.048357664233576646	0.003722381752807346	0.0066433712121212124	0.0	0.007621122560979734	0.13971515151515151	0.0	0.1580209271166171	284630	0.017005721551176096
fam104	0.032372228409823185	0.024699599465954607	0.024240805221959632	0.003485984848484849	0.0	0.0039041489896139677	0.12746306818181818	0.0	0.1455637319406704	456558	0.013231101335940047
fam121	0.1703564807823694	0.1858736059479554	0.03952344217314196	0.0042685606060606065	0.0	0.004808845642458653	0.025983333333333334	0.0	0.029509107907474085	310171	0.007570496632996632
fam147	0.015632894630606672	0.016494337764647957	0.0029438477548690304	0.002768371212121212	0.0	0.003240891022508674	0.17142821969696972	0.0	0.19482323898821932	268269	0.011046078252403554
fam128	0.009418007261254463	0.010309278350515462	0.003115051457701602	0.0004909090909090909	0.0	0.00058999929962138	0.04890359848484849	0.0	0.05596152769312036	283133	0.005436860720772393
fam178	0.2369747899159664	0.2369747899159664	0.0	0.0057048275862068955	0.0	0.006920477669725553	0.024073563218390798	0.0	0.029203434138203577	33700	0.011282237669044267
fam152	0.0564114352211405	0.062015503875969	0.02229808516331671	0.00285483870967742	0.0	0.003104974023025451	0.048238911290322574	0.0095	0.052699204617936105	228801	0.00895517554087317
fam101	0.10696805609157674	0.10985144644253322	0.022350912965159515	0.011933333333333334	0.0	0.01345052475413566	0.10963768939393939	0.0	0.12420058342941291	464608	0.018977914740626604
fam20	0.05551024457044731	0.05660377358490566	0.00909238726623502	0.00550530303030303	0.0	0.006202325008755446	0.10217481060606061	0.0	0.11629317815740087	144585	0.01495032745032745
fam33	0.0	0.0	0.0	0.0	0.0	0.0	0.01624810606060606	0.0	0.018494685871998547	269176	0.002304793971460638
fam22	0.08327605521908829	0.08859955541441727	0.02375182081013548	0.01213709677419355	0.0013	0.014019391626289634	0.13763568548387098	0.0	0.15307944133557178	157119	0.022133388950685947
fam139	0.03518166179205914	0.039179104477611935	0.01153731078737473	0.0017181818181818181	0.0	0.0020649975486748302	0.044910037878787876	0.0	0.05266919879316295	275598	0.0062850729517396195
fam37	0.08788049365557722	0.07346056895930861	0.04409877567138173	0.017660416666666668	0.0	0.019686786192366815	0.23046780303030306	0.0	0.26833136715583356	278894	0.03676312303361484
fam172	0.016272422591936196	0.01600352371164293	0.0017019987373701696	0.004623588709677419	0.0	0.00531536004836394	0.2895985887096774	0.0	0.3406082613792309	113616	0.01740374609781478
fam136	0.03414079822616407	0.03414634146341463	1.6629711751662422e-05	0.0010076612903225806	0.0	0.0011228302437338853	0.027282661290322578	0.0	0.03055835872684958	276767	0.003699970131421744
fam49	0.1852533947567853	0.18841832324978391	0.03600856279084722	0.00926206896551724	0.0	0.010696606416187799	0.048765517241379314	0.0	0.05522543481059988	367137	0.014587960257159555
fam138	0.0	0.0	0.0	0.0	0.0	0.0	0.016993548387096772	0.0	0.021383079465057155	276159	0.0021505376344086026
fam59	0.03348335408393927	0.039792387543252594	0.012150412339506233	0.001864086021505376	0.0	0.0021904436809655754	0.0515916129032258	0.0	0.05728364095493981	421791	0.007452921431416054
fam70	0.07391668649363788	0.07289829512051733	0.005718037021809547	0.015495833333333332	0.0	0.018052616218594424	0.21023087121212122	0.0	0.2456338708275506	457966	0.026914678182794124
fam160	0.011094764226987654	0.013434089000839632	0.003921383599449075	0.0012412878787878788	0.0	0.0014409329392125166	0.10157727272727272	0.0	0.1155777139777369	144317	0.009603934077618288
fam42	0.03247743708241372	0.03343653250773994	0.0040406301470983464	0.002347983870967742	0.0	0.002600208577191673	0.07205342741935485	0.0	0.07843487145927787	308380	0.007599255583126551
fam1	0.031681564277705694	0.03395212506106497	0.010401858117914407	0.0059085227272727275	0.0	0.0070339129331403166	0.17359753787878787	0.0	0.19820091498848155	4291	0.01624074074074074
fam56	0.07656030172397378	0.0768595041322314	0.008919847106827536	0.004085037878787879	0.0	0.0046349895801022145	0.052912499999999994	0.0	0.058827941166862345	405901	0.009025439580995137
fam105	0.5172434788213293	0.5497630331753554	0.0816915919631307	0.005696969696969696	0.0	0.006663616037561845	0.01146590909090909	0.0	0.01663267289123691	451120	0.007493412384716731
fam51	0.08370427354102582	0.1219512195121951	0.05550838285934829	0.0018191287878787878	0.0	0.0021865536044725414	0.010409848484848484	0.0	0.01728500777889432	379338	0.005179637281910009
fam3	0.034188149288478055	0.029405920921915362	0.02832665631368179	0.006348863636363636	0.0	0.007250666024551592	0.21521912878787877	0.0	0.247700705721946	16794	0.022189835154519166
fam67	0.03958709146635328	0.039075286415711945	0.0016542037957471083	0.007987878787878789	0.0	0.009280690529943358	0.20400473484848483	0.0	0.23792876861765697	453825	0.031123596140374667
fam132	0.08455952706195255	0.09589041095890412	0.029562146122004855	0.0014318181818181819	0.0	0.0017208312905623586	0.018090719696969695	0.0	0.021112941444804256	280500	0.003224735619101816
fam66	0.07050854590406422	0.0642170621757251	0.023750141154000527	0.030999242424242422	0.0	0.03684319300275426	0.49679375	0.0	0.6036544829853927	449703	0.04951645576645576
fam72	0.057610338901534386	0.06195913461538462	0.013725013789176652	0.04228390151515152	0.0	0.05065234284350286	0.6850850378787878	0.0	0.8129698659942884	472452	0.06988261611549282
fam108	0.07907326674909379	0.05221932114882506	0.062015464281328446	0.002215524193548387	0.0	0.00253032832232687	0.032776411290322584	0.0	0.03672116967695532	429339	0.006817391536938962
