fam	avg_dnds	med_dnds	SDdnds	dn	med_dn	SDdn	ds	med_ds	SDds	loc	Pi
fam98	0.058223778852023095	0.05166051660516605	0.062035592701093115	0.004928571428571428	0.0042	0.003359725450396329	0.10324761904761903	0.0969	0.034228540292006934	156252	0.017339544513457556
fam62	0.030043319363538497	0.026521060842433695	0.022651470377425577	0.0026476190476190475	0.0017	0.0021011604611373	0.08347142857142857	0.0827	0.026908436327260477	278256	0.016134300084917372
fam155	0.05117545024135302	0.055786844296419655	0.029521302371751733	0.005842857142857143	0.0044	0.004314711426489325	0.10304761904761905	0.1042	0.04245260235500314	115355	0.018140589569160995
fam119	0.036277753595126694	0.0	0.05161016988599006	0.0015714285714285713	0.0	0.002484646732989441	0.02983809523809524	0.0369	0.018875619855869916	8842	0.006666666666666667
fam43	0.16624726279318933	0.13270583073339262	0.10399236712652	0.007876190476190476	0.0074	0.002856222073849895	0.0552904761904762	0.0574	0.026667224483961666	364702	0.014255765199161425
fam157	0.03980903517777659	0.036284470246734396	0.02537340534137641	0.0029095238095238098	0.0025	0.001992821584708658	0.092	0.082	0.0621249892210396	131855	0.01812659220066628
fam69	0.020123260722941513	0.0	0.04107907463242503	0.000942857142857143	0.0	0.0014907880397936645	0.04571904761904762	0.0418	0.022760484115857654	248505	0.006994888350820554
fam74	0.0	0.0	0.0	0.0	0.0	0.0	0.040876190476190476	0.0394	0.03707885939533411	226948	0.005372405372405373
fam44	0.0	0.0	0.0	0.0	0.0	0.0	0.10603333333333334	0.1177	0.03444161841965443	375903	0.01822642832106555
fam15	0.012277331931800478	0.0	0.014191754577416763	0.0004761904761904763	0.0	0.0004994327848429292	0.042747619047619055	0.0414	0.01694477357399393	224806	0.007996481548118826
fam17	0.019846459641810563	0.025239545894517268	0.01710315173080346	0.0007428571428571427	0.0013	0.0006433331570970116	0.033171428571428574	0.0343	0.014668987138636035	236933	0.005818404532230898
fam90	0.0	0.0	0.0	0.0	0.0	0.0	0.04158571428571429	0.0395	0.02248320612864476	211734	0.011204481792717087
fam77	0.0	0.0	0.0	0.0	0.0	0.0	0.06651428571428572	0.0546	0.04194832746213785	224402	0.011625307399955289
fam41	0.22904645428674072	0.20555555555555557	0.09403271757337074	0.005647619047619047	0.0037	0.0039056270818518157	0.021280952380952383	0.018	0.025414555616579418	356821	0.008154943934760447
fam78	0.13012537536739505	0.12162800344618527	0.07278694578048664	0.00628095238095238	0.0087	0.004517017457572877	0.05303333333333334	0.074	0.03609932506074414	222964	0.013468013468013467
fam36	0.0	0.0	0.0	0.0	0.0	0.0	0.01694761904761905	0.0149	0.014047118635154806	324745	0.0027605244996549336
fam16	0.006272253549290099	0.0	0.010474538764296526	0.0006285714285714286	0.0	0.0009938586931957764	0.11504761904761904	0.117	0.027210670509363804	228055	0.022385022385022386
fam112	0.0	0.0	0.0	0.0	0.0	0.0	0.07306666666666665	0.0933	0.031771525636485276	43703	0.020732102364755423
fam115	0.0	0.0	0.0	0.0	0.0	0.0	0.04908095238095239	0.0496	0.032425072883093466	15178	0.007168458781362006
fam35	0.17688026846900967	0.16330667402095975	0.07389646699818356	0.008799999999999999	0.0082	0.004970484310981605	0.05270476190476191	0.0409	0.025989438810894234	324167	0.01595277977187525
fam26	0.0704040921122843	0.07923930269413629	0.03662756188289276	0.004314285714285715	0.005	0.0027781949800074817	0.0569952380952381	0.0631	0.030027598038986227	303461	0.013270882123341139
fam148	0.04258451932028472	0.010738831615120275	0.14227570838156503	0.0025095238095238096	0.0025	0.0009086383124029276	0.22840000000000005	0.2328	0.06567175228071083	80620	0.035351335656213706
fam48	0.016126597771829183	0.009721322099805575	0.019073349671420613	0.0008571428571428572	0.0015	0.0008748177652797065	0.08377619047619048	0.069	0.04535958873545298	389904	0.012219227313566935
fam65	0.13934070175941585	0.11290322580645161	0.1200707087457061	0.004485714285714286	0.0049	0.0028117585946446084	0.041114285714285714	0.0431	0.01719494072087944	274480	0.01121566391027469
fam2	0.0	0.0	0.0	0.0	0.0	0.0	0.03925714285714286	0.0687	0.033997682994280534	163784	0.003968253968253969
fam68	0.10094676828547798	0.0	0.12126933548219067	0.002357142857142857	0.0	0.0024724330466299846	0.01688571428571429	0.0192	0.014246111774104262	249544	0.00522875816993464
fam60	0.0	0.0	0.0	0.0	0.0	0.0	0.02434285714285714	0.0239	0.01990605486800846	295317	0.0045662100456621
fam88	0.021150220899083957	0.024617996604414258	0.019865595106796686	0.0008285714285714285	0.0	0.0013100864592126141	0.03256190476190476	0.0435	0.03475267000623633	215536	0.0044296788482835
fam25	0.02274646501213336	0.0	0.039436123829499445	0.0010999999999999998	0.0	0.0017394580436774798	0.03793809523809524	0.0293	0.025153518663077475	295132	0.005451338784672117
fam153	0.011936957712377213	0.014821272885789015	0.014643140458821195	0.0009714285714285713	0.0017	0.0009914601339836675	0.09942380952380954	0.1018	0.025648557088569793	108709	0.015601682268348935
fam84	0.0	0.0	0.0	0.0	0.0	0.0	0.008685714285714286	0.0	0.013733320124159818	218858	0.0015873015873015873
fam100	0.015525598300054014	0.0	0.02668590265896717	0.0011142857142857141	0.0	0.0017618404106652399	0.05252380952380952	0.0449	0.024580226368865508	151515	0.010328852434115592
fam23	nan	nan	nan	0.0	0.0	0.0	0.0	0.0	0.0	280801	0.0
fam18	0.26882160796947124	0.22557297949336552	0.19181387205186187	0.007676190476190475	0.0062	0.006327860148498616	0.03751428571428571	0.0278	0.026293839323966325	252078	0.06585156585156586
fam102	0.038876717931595375	0.028535847838046868	0.039253747136679576	0.0024857142857142855	0.0016	0.0020575727064132804	0.07632380952380953	0.0864	0.06054783158212235	148767	0.011938108576764042
fam40	0.01098812053823195	0.01149425287356322	0.0059658590964350436	0.0015714285714285713	0.0022	0.000801274494993152	0.14864761904761903	0.1451	0.04302991892744506	345054	0.020603970464694702
fam71	0.043787500991996006	0.0	0.07064296815370216	0.0011142857142857141	0.0	0.0017618404106652396	0.03084761904761905	0.0256	0.017142390205280984	244020	0.005079365079365079
fam31	0.027975709348208762	0.03183520599250936	0.028384033652051985	0.0017523809523809523	0.0017	0.002021931902112444	0.049157142857142865	0.0534	0.022808448130516225	314065	0.009032343760377232
fam143	0.03774499961903744	0.01937248688179543	0.06298506061792612	0.0019095238095238093	0.0022	0.002103037431884962	0.0854047619047619	0.0541	0.07437115080837702	59092	0.01500563795645763
fam6	0.08380961488603335	0.066167290886392	0.04962206081617418	0.006547619047619048	0.0053	0.004775195737461006	0.07819047619047619	0.0801	0.030449863628780632	178464	0.017844174706919805
fam73	0.024477731242395374	0.0	0.05373910235749586	0.0006857142857142857	0.0	0.0010842094834863014	0.03155238095238095	0.0286	0.02194598605337375	232358	0.005194805194805195
fam117	0.03240774939210739	0.02744148506860371	0.015136280651192982	0.005171428571428571	0.0051	0.0026818868370613105	0.18651428571428572	0.1332	0.12010834507986166	2727	0.06744619556007458
fam30	0.0	0.0	0.0	0.0	0.0	0.0	0.05511904761904763	0.0589	0.0221682015733738	313356	0.008629989212513485
fam86	0.0	0.0	0.0	0.0	0.0	0.0	0.03971904761904762	0.0293	0.029100852860151856	217289	0.004728132387706856
fam94	0.4337871676334523	0.4132791327913279	0.09402819415734613	0.04356666666666666	0.0458	0.01961239484984003	0.10531428571428572	0.1003	0.0495743912933769	198603	0.05234223770809136
fam53	0.0	0.0	0.0	0.0	0.0	0.0	0.053752380952380954	0.0499	0.03617117530441186	328690	0.007936507936507938
fam89	0.05859298917919112	0.05664488017429193	0.04368025996616864	0.0022285714285714283	0.0026	0.0016610790689998436	0.019990476190476187	0.0239	0.021668495998127365	213886	0.003996003996003997
fam142	0.0	0.0	0.0	0.0	0.0	0.0	0.03666666666666667	0.0413	0.02562047792077441	57713	0.007722007722007722
fam19	0.014002263030643315	0.012499999999999999	0.016774089939677748	0.0009619047619047619	0.0016	0.0009766201145136027	0.08736190476190477	0.0755	0.035732731109759275	267674	0.010904071773636993
fam9	nan	nan	nan	0.0	0.0	0.0	0.0	0.0	0.0	188751	0.0
fam109	0.10448353701948496	0.088	0.07641036905573634	0.004061904761904762	0.0044	0.001815141655360524	0.04437619047619047	0.05	0.016173432205226327	61245	0.010735930735930736
fam10	0.0	0.0	0.0	0.0	0.0	0.0	0.09023809523809523	0.0773	0.03824527952435034	205586	0.013250517598343685
fam7	0.4034782608695652	0.45	0.09304347826086956	0.00422857142857143	0.004	0.0034183180014714354	0.008609523809523808	0.0	0.009030419742493901	183287	0.005029074336005028
fam81	0.027290257238024276	0.0	0.052250454692276	0.001	0.0	0.0015811388300841895	0.037066666666666664	0.0359	0.022065774690647345	220042	0.006625258799171843
fam145	0.08065803166089525	0.0	0.10794790459617429	0.003514285714285715	0.0041	0.00385564344753996	0.03364285714285714	0.0411	0.021984552399757582	67262	0.008422416585681894
fam38	0.05937538196522316	0.06421152030217187	0.025249711933846997	0.003885714285714285	0.0034	0.0019019503058666895	0.06560476190476192	0.0607	0.024510803763520012	341147	0.015145502645502648
fam106	0.03251419752570851	0.010237963475373547	0.0457624745040478	0.0031952380952380947	0.0037	0.0035187221964360312	0.14087142857142856	0.1401	0.08026456338917208	125711	0.020365378855944895
fam45	0.08360554477006277	0.07060518731988472	0.03809533461849364	0.006242857142857143	0.0049	0.0034718694605385737	0.0749047619047619	0.0747	0.03338376389219732	379951	0.01815126050420168
fam12	0.005933090416291603	0.0	0.009328605322885864	0.0005714285714285715	0.0	0.0009035079029052512	0.06065714285714287	0.0616	0.03663584728271545	209725	0.011186696900982614
fam52	0.029729313875563688	0.025125628140703515	0.019797733882868124	0.0011714285714285715	0.001	0.0006605501726683939	0.04251904761904762	0.0438	0.007376450239823324	332858	0.009624362565539035
fam55	0.031544452220723766	0.026607538802660754	0.019827717038314353	0.005019047619047619	0.0037	0.0026604008018161203	0.16632857142857144	0.1713	0.039421158723483014	326831	0.028354978354978355
fam82	0.07116357251125276	0.0	0.09694414794480509	0.001257142857142857	0.0022	0.0012830660557435695	0.01972857142857143	0.0129	0.015926532006959565	219481	0.003901746918506694
fam80	0.0758823251306054	0.0711297071129707	0.06725840246421018	0.0008095238095238095	0.0	0.0008490357342329799	0.015857142857142854	0.0119	0.011233096143966356	220389	0.0027170027170027172
fam159	0.022001932523690218	0.029317286652078774	0.019278980381573683	0.0031952380952380947	0.0056	0.00276723623347955	0.12646666666666667	0.14	0.060227934772696015	151477	0.021090021090021092
fam83	0.0	0.0	0.0	0.0	0.0	0.0	0.005257142857142857	0.0	0.008312272706728312	219046	0.0007002801120448179
fam8	0.0285039991940492	0.02196113535489165	0.02269837672129178	0.0007000000000000001	0.0008	0.0005371884479132333	0.031747619047619045	0.0331	0.017079188646046867	188374	0.006349206349206349
fam111	0.06727965454107677	0.0658682634730539	0.04340046672945061	0.0018761904761904762	0.0022	0.0013886974924812038	0.02792857142857143	0.0334	0.015402879843814702	51340	0.00603864734299517
fam85	0.0	0.0	0.0	0.0	0.0	0.0	0.023809523809523808	0.0174	0.019823216421586385	217566	0.0036429872495446275
fam46	0.0	0.0	0.0	0.0	0.0	0.0	0.015314285714285714	0.0264	0.015799767500226845	385404	0.0031746031746031746
fam110	0.057368363647151	0.04995984484447792	0.05200723468606093	0.00339047619047619	0.0027	0.0027965803542906714	0.05651904761904762	0.0571	0.02960469105439717	55382	0.011741682974559686
fam87	nan	nan	nan	0.0	0.0	0.0	0.0	0.0	0.0	217089	0.0
fam76	nan	nan	nan	0.0	0.0	0.0	0.0	0.0	0.0	224629	0.0
fam21	0.15210859344479746	0.11633372502937722	0.10454315885152056	0.01246190476190476	0.013	0.007392111380221241	0.10506190476190477	0.1545	0.07310828548048226	278264	0.02866861030126336
fam154	0.0906052766659851	0.0812274368231047	0.05593913907575875	0.006276190476190476	0.006	0.0031395942658558624	0.08430000000000001	0.0652	0.039223802297414595	114779	0.019393939393939394
fam47	0.05155023632041219	0.05656565656565656	0.033240318594135454	0.0023809523809523803	0.0028	0.001657197590776454	0.042076190476190475	0.0477	0.01633532266102844	386284	0.008914981517721243
fam114	0.06893318681690441	0.05203405865657521	0.054639545207449694	0.005647619047619047	0.0055	0.003889377358373402	0.09233333333333332	0.0907	0.037777964518679444	25136	0.019827908716797606
fam27	0.051552050496046685	0.05567477348593228	0.05233793883958224	0.0014857142857142853	0.0026	0.0012866663141940231	0.038257142857142844	0.0313	0.020397258719379575	305066	0.006817939703845747
fam29	nan	nan	nan	0.0017714285714285714	0.0	0.0028008744990062786	0.0	0.0	0.0	308367	0.001536098310291859
fam146	0.006556145316022858	0.006245120999219361	0.0031103354757224607	0.0008142857142857141	0.0008	0.00029806633056245375	0.13134285714285712	0.1281	0.022162292545771376	73550	0.02202421527574902
fam107	0.010074476303435009	0.006172839506172839	0.010779055287671214	0.0006190476190476189	0.0	0.000649262620295808	0.06990952380952381	0.063	0.028890069224099185	109664	0.014011365863217714
fam92	nan	nan	nan	0.0	0.0	0.0	0.0	0.0	0.0	206674	0.0
fam75	0.0	0.0	0.0	0.0	0.0	0.0	0.020733333333333333	0.0194	0.016966138077648702	224746	0.002862347124642207
fam79	0.07670454545454546	0.07670454545454546	0.07313491451599713	0.0007714285714285713	0.0	0.0012197356689220892	0.01000952380952381	0.0174	0.010229830551215206	221067	0.001984126984126984
fam61	0.05607754160278574	0.05238095238095238	0.026327959117150197	0.0038047619047619045	0.0033	0.0017230858781008733	0.07176666666666666	0.0695	0.02455903157182774	284882	0.01422643746295199
fam144	0.030160236604609293	0.03020833333333333	0.014034315131531739	0.0024999999999999996	0.0029	0.0011019463300386795	0.0890809523809524	0.0898	0.02715324446189177	66955	0.016784385205437836
fam13	0.01834624096067312	0.016198704103671708	0.014524720929931909	0.0012857142857142859	0.0015	0.0009583148474999097	0.0715952380952381	0.063	0.028404484491520436	210548	0.014440433212996392
fam113	0.06555190327246369	0.06464883925947694	0.05160972493795874	0.0027714285714285714	0.0016	0.002084441881939545	0.04810952380952382	0.0439	0.02896041476883172	32681	0.011813885859687387
fam103	0.020922017793188624	0.019966722129783693	0.011978721787352861	0.002371428571428572	0.0025	0.0010841467380663303	0.1304190476190476	0.1387	0.04201293019839101	143565	0.01786352268667381
fam11	0.0322333442588872	0.02127518394153375	0.04531013595766331	0.0015476190476190477	0.0015	0.000944971174979401	0.07133809523809524	0.0789	0.03955025105200527	209103	0.012049588691924459
fam28	0.03255879106591205	0.0	0.05101953706401162	0.0010285714285714286	0.0	0.001080186428857739	0.0377047619047619	0.0311	0.02629838807644874	308152	0.0183964183964184
fam32	0.0	0.0	0.0	0.0	0.0	0.0	0.0198	0.0162	0.010926812805902648	314535	0.002645502645502646
fam151	0.0	0.0	0.0	0.0	0.0	0.0	0.10498095238095238	0.1055	0.04341316038174445	91347	0.014109347442680775
fam39	0.0	0.0	0.0	0.0	0.0	0.0	0.14404285714285717	0.1438	0.08831942876059967	343576	0.019305019305019305
fam104	1.0514430529054648	0.8805309734513276	0.5866598820539158	0.03201428571428572	0.0302	0.016229170847414168	0.006423809523809524	0.0	0.010157891830488711	142432	0.023323615160349857
fam34	0.002990875688172901	0.0	0.00493192842335554	0.00037142857142857143	0.0	0.0005872801368884133	0.11585714285714285	0.1102	0.04876874068527104	321316	0.016995350328683663
fam118	0.12272457296872594	0.07018405831261254	0.11466781915794164	0.004866666666666668	0.0064	0.0021157759655757355	0.06719047619047618	0.0711	0.04070483655317709	3960	0.014222222222222223
fam24	0.0	0.0	0.0	0.0	0.0	0.0	0.013742857142857143	0.0119	0.013073840526886083	294328	0.002609262883235486
fam152	0.02225980580206926	0.021746068166914947	0.004954257414996118	0.002733333333333333	0.0029	0.001386442289539028	0.12508571428571427	0.1294	0.058335207744423384	93967	0.0215379437994279
fam54	0.0	0.0	0.0	0.0	0.0	0.0	0.07827619047619046	0.0909	0.04524895057727495	328043	0.006493506493506494
fam101	0.009184634306218265	0.007728638900815801	0.010220619868918972	0.0015476190476190477	0.0018	0.0016986322362191597	0.17422380952380953	0.1887	0.05691953305000302	150825	0.024963924963924966
fam20	0.0	0.0	0.0	0.0	0.0	0.0	0.126447619047619	0.1201	0.06425835220159633	277674	0.01667468334135001
fam33	0.15519978431867903	0.13364055299539168	0.13486754211043683	0.00850952380952381	0.0086	0.0034993747416883544	0.07535714285714286	0.0689	0.035378639929557865	320424	0.015632515632515637
fam22	0.07329269206938933	0.07250755287009063	0.04806686203058844	0.003547619047619048	0.0035	0.0019276482211231108	0.054366666666666674	0.0614	0.027479781889571335	280494	0.01299310160069654
fam49	0.14379473214925817	0.10512129380053907	0.14531502379437464	0.005061904761904763	0.0053	0.0019664994740416016	0.04587619047619048	0.0435	0.015935820828797253	353751	0.012946428571428572
fam59	0.02171605132995604	0.0210727969348659	0.01740333661356105	0.0009380952380952381	0.0011	0.0006945201772763632	0.04636190476190477	0.0476	0.013959481372221744	297740	0.009165520976544597
fam70	0.0	0.0	0.0	0.0	0.0	0.0	0.017638095238095237	0.0205	0.013247586525583992	244325	0.003284072249589491
fam42	0.007762267534224011	0.0	0.01246775416657693	0.0012666666666666666	0.0	0.0020029343553262125	0.14799523809523812	0.1644	0.06654411695359544	360169	0.02560163850486431
fam120	0.07054207210829475	0.060498220640569395	0.029632834201772904	0.0072	0.0068	0.0025922962793631446	0.10980000000000001	0.1124	0.04147171152897909	26254	0.023469013568023465
fam105	0.13271166050892944	0.14114114114114112	0.06591692429224556	0.010661904761904761	0.0109	0.0036774054246977413	0.09147619047619047	0.092	0.031850318152883646	135357	0.024314844539563642
fam51	nan	nan	nan	0.0	0.0	0.0	0.0	0.0	0.0	342173	0.0
fam3	0.031385281385281384	0.0	0.05436090196915307	0.001657142857142857	0.0	0.0026201729184252283	0.0261	0.0455	0.022604424345689492	167099	0.004395604395604396
fam72	0.0	0.0	0.0	0.0	0.0	0.0	0.034257142857142854	0.0487	0.02517724920540408	232878	0.003840245775729646
fam108	0.0	0.0	0.0	0.0	0.0	0.0	0.08959523809523809	0.0847	0.06313478006229799	89862	0.013738048825768123
fam14	0.024352957682806067	0.0	0.03982689058956423	0.0011809523809523808	0.0	0.0018674196731928432	0.07600476190476191	0.0687	0.04011512570910873	210870	0.014603174603174602
fam64	0.10782390505372183	0.08737864077669903	0.08311236437137456	0.005147619047619047	0.0045	0.003505589964290237	0.023547619047619046	0.0302	0.025361887774255347	274983	0.008372579801151228
fam97	0.03984498830232679	0.03367875647668393	0.03448154394881551	0.002976190476190476	0.0026	0.0025823401645839734	0.06985714285714287	0.071	0.02473887573818009	165029	0.017488831860089343
fam156	0.5411382712504984	0.5107296137339056	0.1964222812509007	0.04617142857142857	0.0497	0.0208442327951001	0.08753333333333334	0.093	0.038335937799721644	120723	0.07857798766889676
