fam	avg_dnds	med_dnds	SDdnds	dn	med_dn	SDdn	ds	med_ds	SDds	loc	Pi
fam158	nan	nan	nan	0.0	0.0	0.0	0.0	0.0	0.0	194891	0.0
fam98	0.024206349206349207	0.0	0.09158132864392925	0.00024642857142857143	0.0	0.0007206059666583905	0.0026387755102040816	0.0	0.003392206934781521	360773	0.0009650030454468733
fam62	0.559040590405904	0.559040590405904	0.0	0.015472340425531915	0.0303	0.015146570458360134	0.02767659574468085	0.0542	0.027093865308353768	245946	0.05673758865248227
fam150	nan	nan	nan	0.0	0.0	0.0	0.0	0.0	0.0	230030	0.0
fam155	0.0	0.0	0.0	0.0	0.0	0.0	0.005067346938775511	0.0064	0.0045840178328490815	216195	0.0016137334279314997
fam179	nan	nan	nan	0.0	0.0	0.0	0.0	0.0	0.0	124959	0.0
fam43	nan	nan	nan	0.0008357142857142857	0.0	0.0010279015675895534	0.0	0.0	0.0	218460	0.0005597175579092396
fam174	nan	nan	nan	0.0012755102040816326	0.0025	0.0012497396646852948	0.0	0.0	0.0	146629	0.0008811814881392971
fam124	0.15577835532453682	0.22131147540983606	0.15064324613203223	0.0017570578231292516	0.0027	0.0017820919021411027	0.006095578231292517	0.0061	0.00603559150387955	345322	0.003100298499814238
fam157	nan	nan	nan	0.0	0.0	0.0	0.0	0.0	0.0	207680	0.0
fam69	0.014781507645943265	0.0	0.07600761323623817	0.00013877551020408162	0.0	0.0006727392455190007	0.004857397959183674	0.0082	0.00470908764992644	275457	0.0015171536240395436
fam74	nan	nan	nan	0.0	0.0	0.0	0.0	0.0	0.0	290033	0.0
fam93	nan	nan	nan	0.0	0.0	0.0	0.0	0.0	0.0	349393	0.0
fam176	nan	nan	nan	0.0	0.0	0.0	0.0	0.0	0.0	142539	0.0
fam44	nan	nan	nan	0.0	0.0	0.0	0.0	0.0	0.0	219323	0.0
fam162	nan	nan	nan	0.0006941489361702126	0.0	0.0018826101785024416	0.0	0.0	0.0	176879	0.00052491601343785
fam15	0.0	0.0	0.0	0.0	0.0	0.0	0.012653061224489795	0.0248	0.012397417473678125	85184	0.0035430839002267575
fam17	0.0	0.0	0.0	0.0	0.0	0.0	0.005351020408163265	0.006	0.004642049268130054	86918	0.0016624627379041505
fam200	0.16571955334469685	0.15789473684210525	0.05937544721906606	0.0007145408163265305	0.0012	0.0006984441845604216	0.003981717687074831	0.0076	0.0038368466150616835	58620	0.0017848723647874989
fam77	nan	nan	nan	0.0	0.0	0.0	0.0	0.0	0.0	295510	0.0
fam185	nan	nan	nan	0.0	0.0	0.0	0.0	0.0	0.0	98966	0.0
fam41	0.0	0.0	0.0	0.0	0.0	0.0	0.005461081560283688	0.0099	0.005319672898986664	216229	0.0017019087645565186
fam78	0.0	0.0	0.0	0.0	0.0	0.0	0.0023979591836734695	0.0047	0.0023495105696083544	301371	0.0007910140800506249
fam36	nan	nan	nan	0.0017346938775510204	0.0034	0.001699645943972001	0.0	0.0	0.0	197811	0.0012787069715104087
fam16	nan	nan	nan	0.0010612244897959182	0.0018	0.0010186157727335044	0.0	0.0	0.0	86400	0.000714778665089224
fam126	nan	nan	nan	0.001010969387755102	0.0015	0.0009549586373570797	0.0	0.0	0.0	338651	0.0007762686956315628
fam112	nan	nan	nan	0.0	0.0	0.0	0.0	0.0	0.0	402285	0.0
fam115	nan	nan	nan	0.0	0.0	0.0	0.0	0.0	0.0	388223	0.0
fam213	nan	nan	nan	0.0013775510204081633	0.0027	0.0013497188378601185	0.0	0.0	0.0	19257	0.0009718172983479105
fam130	0.0	0.0	0.0	0.0	0.0	0.0	0.004113475177304964	0.0	0.006536414310355325	324144	0.0011393090090859894
fam148	0.0	0.0	0.0	0.0	0.0	0.0	0.0006170212765957447	0.0	0.002926788898240947	234146	0.00014473874656245476
fam48	nan	nan	nan	0.0	0.0	0.0	0.0	0.0	0.0	222273	0.0
fam65	0.0	0.0	0.0	0.0	0.0	0.0	0.0017000000000000001	0.0032	0.0016333263917664518	259955	0.0005384193251120843
fam2	0.0	0.0	0.0	0.0	0.0	0.0	0.0018638297872340427	0.0035	0.0017885946981231798	4805	0.0005455537370430988
fam68	0.04830917874396135	0.0	0.09417192603680159	0.00029931972789115646	0.0	0.0006239545377036811	0.0035204081632653067	0.0069	0.0034492814745314135	273850	0.0012900459329030756
fam60	nan	nan	nan	0.0	0.0	0.0	0.0	0.0	0.0	228976	0.0
fam88	0.0	0.0	0.0	0.0	0.0	0.0	0.005310638297872341	0.0104	0.005198822863595557	334819	0.0016210739614994933
fam5	0.4583333333333334	0.4583333333333334	0.0	0.0005612244897959184	0.0011	0.0005498854524615298	0.0012244897959183673	0.0024	0.001199750078097883	11259	0.0007695385846646352
fam153	nan	nan	nan	0.0016836734693877551	0.0033	0.0016496563573845894	0.0	0.0	0.0	217679	0.0011892869035726179
fam84	0.0	0.0	0.0	0.0	0.0	0.0	0.0029006802721088434	0.0	0.004664024955864895	319815	0.0009786370688626327
fam100	nan	nan	nan	0.0	0.0	0.0	0.0	0.0	0.0	372269	0.0
fam18	0.38357843137254904	0.22058823529411767	0.4013906016946543	0.0014519557823129252	0.0015	0.0013075316562356728	0.00013877551020408162	0.0	0.0006727392455190007	88063	0.007201591976996984
fam102	0.20945945945945943	0.20945945945945943	0.20945945945945943	0.0015816326530612244	0.0031	0.0015496771842097657	0.0003020408163265307	0.0	0.0014641971814237076	381931	0.0012004801920768309
fam40	nan	nan	nan	0.00019183673469387754	0.0	0.0009299630746880305	0.0	0.0	0.0	215809	0.00012147716229348882
fam71	nan	nan	nan	0.0	0.0	0.0	0.0	0.0	0.0	279271	0.0
fam31	0.0	0.0	0.0	0.0	0.0	0.0	0.002346938775510204	0.0046	0.002299520983020942	152450	0.0007206272339444252
fam137	0.3096655978011909	0.4067796610169491	0.2004152869350524	0.0016278911564625847	0.0024	0.0015290901350850147	0.0022275510204081634	0.0	0.002860169133440663	264714	0.0018152338655669526
fam129	nan	nan	nan	0.0022683673469387758	0.0	0.0027900185406002165	0.0	0.0	0.0	331436	0.0015792031098153545
fam143	0.91375	0.95	0.17392077937957845	0.0010773809523809523	0.0014	0.0008294937053746918	0.0010204081632653062	0.002	0.000999791731748236	243200	0.0010575059323503523
fam6	nan	nan	nan	0.001573469387755102	0.0018	0.001346692927470708	0.0	0.0	0.0	15749	0.0011514333359803066
fam73	0.0	0.0	0.0	0.0	0.0	0.0	0.0036224489795918364	0.0071	0.003549260647706238	280027	0.0011413961557777473
fam117	nan	nan	nan	0.0033163265306122448	0.0065	0.0032493231281817666	0.0	0.0	0.0	365192	0.0022982165839308694
fam30	nan	nan	nan	0.0	0.0	0.0	0.0	0.0	0.0	151765	0.0
fam187	0.0	0.0	0.0	0.0	0.0	0.0	0.004132653061224489	0.0081	0.004049156513580355	96856	0.0012787069715104087
fam86	nan	nan	nan	0.0	0.0	0.0	0.0	0.0	0.0	324321	0.0
fam94	nan	nan	nan	0.0	0.0	0.0	0.0	0.0	0.0	350286	0.0
fam166	0.0	0.0	0.0	0.0	0.0	0.0	0.004591836734693878	0.009	0.004499062792867062	165361	0.0012147716229348885
fam53	nan	nan	nan	0.0	0.0	0.0	0.0	0.0	0.0	224674	0.0
fam89	0.0	0.0	0.0	0.0	0.0	0.0	0.0008541666666666668	0.0	0.004096439426162948	335852	0.00016937669376693767
fam142	0.0	0.0	0.0	0.0	0.0	0.0	0.0001714285714285714	0.0	0.0008310308326999421	246288	5.0766575286831154e-05
fam19	nan	nan	nan	0.0	0.0	0.0	0.0	0.0	0.0	88313	0.0
fam209	0.2142857142857142	0.21428571428571427	0.21315491106636003	0.0006122448979591836	0.0012	0.0005998750390489415	0.00022857142857142857	0.0	0.0007752989329117831	23724	0.000494433362317358
fam212	nan	nan	nan	0.0	0.0	0.0	0.0	0.0	0.0	19805	0.0
fam123	nan	nan	nan	0.0	0.0	0.0	0.0	0.0	0.0	349548	0.0
fam9	0.0	0.0	0.0	0.0	0.0	0.0	0.00022040816326530612	0.0	0.0010684682134713542	36744	6.604583581005219e-05
fam181	nan	nan	nan	0.003295918367346939	0.0036	0.00285799695688799	0.0	0.0	0.0	124032	0.0023650085034013606
fam214	0.0	0.0	0.0	0.0	0.0	0.0	0.004262755102040816	0.0039	0.0035979005444536807	17638	0.0011773940345368916
fam10	nan	nan	nan	0.0	0.0	0.0	0.0	0.0	0.0	46776	0.0
fam7	0.04032258064516129	0.0	0.11824901853721918	0.00022448979591836732	0.0	0.0004679659032777608	0.00012653061224489795	0.0	0.0006133799003261477	27316	0.00019477876620733765
fam63	nan	nan	nan	0.0	0.0	0.0	0.0	0.0	0.0	248440	0.0
fam81	nan	nan	nan	0.0007142857142857144	0.0014	0.0006998542122237651	0.0	0.0	0.0	316428	0.000491526090204868
fam164	0.0	0.0	0.0	0.0	0.0	0.0	0.0003591836734693878	0.0	0.0017412074589903549	170472	0.00010004001600640255
fam145	nan	nan	nan	0.0	0.0	0.0	0.0	0.0	0.0	239472	0.0
fam38	0.4259831701871888	0.4444444444444445	0.16882871052222123	0.0004693877551020409	0.0008	0.0004473067164995096	0.0010653061224489796	0.0018	0.0010259989697270085	207830	0.0006394778332726932
fam106	nan	nan	nan	0.0	0.0	0.0	0.0	0.0	0.0	386454	0.0
fam45	nan	nan	nan	0.0	0.0	0.0	0.0	0.0	0.0	219586	0.0
fam207	nan	nan	nan	0.00014472789115646257	0.0	0.00039627014522619993	0.0	0.0	0.0	27084	0.00010215592159029431
fam12	0.29628140974940875	0.2105263157894737	0.11544578207028797	0.0017312925170068028	0.002	0.0015037052975622567	0.0050408163265306125	0.0095	0.004839249324790834	79721	0.0026986985270298592
fam52	nan	nan	nan	0.0	0.0	0.0	0.0	0.0	0.0	223762	0.0
fam55	nan	nan	nan	0.0016326530612244896	0.0032	0.0015996667707971774	0.0	0.0	0.0	225796	0.0011262783258998966
fam82	nan	nan	nan	0.0	0.0	0.0	0.0	0.0	0.0	316922	0.0
fam197	nan	nan	nan	0.0	0.0	0.0	0.0	0.0	0.0	64982	0.0
fam134	0.12798152642769733	0.13445378151260504	0.02640862159233892	0.0008163265306122449	0.0016	0.0007998333853985887	0.006232653061224491	0.0119	0.005998652493416863	303238	0.0023926812104152003
fam95	0.43290043290043295	0.4155844155844156	0.08304470170238477	0.001763265306122449	0.0032	0.0017229969789516776	0.003928571428571429	0.0077	0.0038491981672307087	350760	0.0023741040040177143
fam192	0.0	0.0	0.0	0.0	0.0	0.0	0.0028316326530612246	0.0	0.003635808220475419	88329	0.0008015945231595823
fam203	nan	nan	nan	0.0	0.0	0.0	0.0	0.0	0.0	37442	0.0
fam167	0.0	0.0	0.0	0.0	0.0	0.0	0.0028061224489795917	0.0055	0.0027494272623076487	164735	0.0008255729476256522
fam127	0.0	0.0	0.0	0.0	0.0	0.0	0.007193877551020408	0.0141	0.007048531708825063	335591	0.005314625850340136
fam165	nan	nan	nan	0.0012244897959183673	0.0024	0.001199750078097883	0.0	0.0	0.0	166124	0.0008721437292865863
fam80	0.0	0.0	0.0	0.0	0.0	0.0	0.0023448581560283686	0.0046	0.0022995625118351825	304661	0.0006769611859889048
fam171	nan	nan	nan	0.004030612244897959	0.0079	0.003949177340405532	0.0	0.0	0.0	161424	0.0029836496001909535
fam188	0.04576659038901602	0.0	0.1334313934747208	0.0001870748299319728	0.0	0.00038997158606480066	0.00018775510204081632	0.0	0.0006368526948918219	95426	0.00018856665473206824
fam180	nan	nan	nan	0.0	0.0	0.0	0.0	0.0	0.0	124606	0.0
fam159	nan	nan	nan	0.0031659574468085104	0.0062	0.0030992982456050436	0.0	0.0	0.0	194671	0.00239736290080911
fam83	nan	nan	nan	0.0	0.0	0.0	0.0	0.0	0.0	317701	0.0
fam8	0.0	0.0	0.0	0.0	0.0	0.0	0.0002448979591836735	0.0	0.0011871869038570602	34534	7.160759040458288e-05
fam111	0.08057626375272112	0.0	0.08386684897205368	0.003986054421768708	0.0	0.00501771447793438	0.03139591836734694	0.0609	0.030761909651078084	403554	0.010661461554318697
fam85	nan	nan	nan	0.0032142857142857147	0.0063	0.003149343955006943	0.0	0.0	0.0	323228	0.002362055933484505
fam46	0.2	0.0	0.2081665999466133	0.0011326530612244896	0.0	0.0014543232881901677	0.0036734693877551023	0.0072	0.0035992502342936496	220067	0.007153948535936115
fam217	0.0	0.0	0.0	0.0	0.0	0.0	0.010646938775510203	0.0	0.013670638908987575	10547	0.0026218820861678006
fam110	0.0	0.0	0.0	0.0	0.0	0.0	0.0067346938775510205	0.0132	0.0065986254295383575	405071	0.0014788524105294291
fam76	nan	nan	nan	0.0	0.0	0.0	0.0	0.0	0.0	292711	0.0
fam175	0.009569377990430623	0.0	0.06275060788805743	3.26530612244898e-05	0.0	0.00015829158718094134	0.00035544217687074833	0.0	0.0007409460135231212	143107	0.0001241237235634995
fam21	nan	nan	nan	0.0014297872340425532	0.0028	0.0013996830786603424	0.0	0.0	0.0	110811	0.0011272368606453432
fam131	nan	nan	nan	0.0020612244897959186	0.0035	0.0019907506866865842	0.0	0.0	0.0	315116	0.0014050858438613542
fam154	0.4189044038668098	0.7959183673469388	0.3974076114282496	0.001989795918367347	0.0039	0.0019495938769090598	0.0004	0.0	0.0013567731325956202	216640	0.0015179625569235957
fam184	nan	nan	nan	0.0	0.0	0.0	0.0	0.0	0.0	99342	0.0
fam163	nan	nan	nan	0.0013775510204081633	0.0025	0.001346091389805998	0.0	0.0	0.0	171884	0.0009982253771073646
fam114	0.0	0.0	0.0	0.0	0.0	0.0	0.0010091836734693878	0.0	0.0012753620322100043	398610	0.00029310321322917945
fam96	nan	nan	nan	0.0	0.0	0.0	0.0	0.0	0.0	354041	0.0
fam50	nan	nan	nan	0.0012738205365402408	0.0	0.0013478489119137143	0.0	0.0	0.0	223153	0.0008736766368588755
fam133	nan	nan	nan	0.0	0.0	0.0	0.0	0.0	0.0	308276	0.0
fam29	nan	nan	nan	0.0	0.0	0.0	0.0	0.0	0.0	151371	0.0
fam191	nan	nan	nan	0.0	0.0	0.0	0.0	0.0	0.0	91556	0.0
fam146	0.0	0.0	0.0	0.0	0.0	0.0	0.00024081632653061226	0.0	0.0011674004554594424	235766	7.049451905114376e-05
fam107	nan	nan	nan	6.938775510204081e-05	0.0	0.00033636962275950037	0.0	0.0	0.0	387328	4.627701420704336e-05
fam92	nan	nan	nan	9.795918367346938e-05	0.0	0.00047487476154282394	0.0	0.0	0.0	347267	6.941552131056504e-05
fam75	nan	nan	nan	0.0007653061224489796	0.0015	0.000749843798811177	0.0	0.0	0.0	291616	0.0005398984990821726
fam177	nan	nan	nan	4.4897959183673474e-05	0.0	0.00021765093237379436	0.0	0.0	0.0	140484	3.106265337185102e-05
fam182	0.4146341463414634	0.41463414634146334	5.551115123125783e-17	0.00173469387755102	0.0034	0.0016996459439720009	0.004183673469387755	0.0082	0.004099146100167768	119526	0.0024295432458697765
fam79	0.44444444444444453	0.8	0.39752319599996266	0.0030434782608695647	0.006	0.002999684923593103	0.00032608695652173916	0.0	0.001529483399942423	303880	0.002246222960706483
fam61	nan	nan	nan	0.0	0.0	0.0	0.0	0.0	0.0	232788	0.0
fam199	25.18431382353677	0.9670975323149236	25.724009168065166	0.0006873299319727891	0.0009	0.0010397054527893268	9.897959183673469e-05	0.0	0.0004622287543546099	60614	0.0018200262561164817
fam58	nan	nan	nan	0.0	0.0	0.0	0.0	0.0	0.0	228616	0.0
fam144	nan	nan	nan	0.0	0.0	0.0	0.0	0.0	0.0	240838	0.0
fam13	nan	nan	nan	0.0004562074829931973	0.0	0.0008607536472792602	0.0	0.0	0.0	80399	0.0003391237447359896
fam218	nan	nan	nan	0.0012964285714285716	0.0022	0.001175293059415482	0.0	0.0	0.0	1607	0.000894890986007159
fam91	nan	nan	nan	0.0	0.0	0.0	0.0	0.0	0.0	342459	0.0
fam113	0.006881720430107527	0.0	0.03371340721249965	6.53061224489796e-05	0.0	0.00031658317436188273	0.004744897959183673	0.0093	0.004649031552629297	401450	0.0012588665359382187
fam140	0.0	0.0	0.0	0.0	0.0	0.0	0.0009306122448979593	0.0	0.004511310234656828	248000	0.0002567064561673726
fam99	0.20312499999999994	0.20312499999999997	2.7755575615628914e-17	0.0006632653061224489	0.0013	0.0006498646256363534	0.0032653061224489797	0.0064	0.003199333541594355	370442	0.001429143085805751
fam103	0.0	0.0	0.0	0.0	0.0	0.0	0.004218367346938775	0.0	0.005188455531642508	384569	0.0013265306122448978
fam11	0.0	0.0	0.0	0.0	0.0	0.0	0.0066836734693877554	0.0131	0.006548635842950945	67073	0.0019325912183055039
fam202	nan	nan	nan	0.001872108843537415	0.0032	0.001902085583349071	0.0	0.0	0.0	41364	0.00143390689609177
fam186	0.3574757281553398	0.5	0.2716246611845868	0.0005326530612244898	0.0009	0.0005129994848635043	0.0008229591836734694	0.0	0.0009620256150687013	97257	0.0006152138652766321
fam149	nan	nan	nan	0.0	0.0	0.0	0.0	0.0	0.0	233637	0.0
fam161	0.0	0.0	0.0	0.0	0.0	0.0	0.0005675170068027211	0.0	0.0019254337680868177	185206	0.00016050596945605552
fam28	0.0	0.0	0.0	0.0	0.0	0.0	0.0003387755102040816	0.0	0.0016422752170022667	147479	0.00010465724751439037
fam32	nan	nan	nan	0.0	0.0	0.0	0.0	0.0	0.0	156279	0.0
fam151	nan	nan	nan	0.0002619047619047619	0.0	0.0005459602204907209	0.0	0.0	0.0	224439	0.0001855901090594968
fam57	0.3020833333333333	0.4791666666666667	0.23128753449140124	0.0015255102040816328	0.0023	0.0014426198219129492	0.0005632653061224491	0.0	0.0015447995547340561	227870	0.001210251542477456
fam39	nan	nan	nan	0.0	0.0	0.0	0.0	0.0	0.0	208183	0.0
fam104	0.2920321637426901	0.41228070175438597	0.18739381191077434	0.0021741496598639454	0.0	0.002343411329210908	0.005831207482993197	0.0114	0.005713485411619385	384864	0.0032426303854875284
fam34	nan	nan	nan	0.0022969387755102043	0.0025	0.001996090775492604	0.0	0.0	0.0	191031	0.00169117926500209
fam194	0.3399999999999999	0.33999999999999997	5.551115123125783e-17	0.00173469387755102	0.0034	0.001699645943972001	0.00510204081632653	0.01	0.004998958658741179	76581	0.002576788291074005
fam121	nan	nan	nan	0.0019904255319148933	0.0036	0.0019438155694043507	0.0	0.0	0.0	353404	0.0014382941784869977
fam147	nan	nan	nan	0.0	0.0	0.0	0.0	0.0	0.0	235564	0.0
fam118	0.0	0.0	0.0	0.0	0.0	0.0	0.0018285714285714285	0.0	0.002235246413846188	360858	0.0005239159442356967
fam128	0.11736111111111112	0.0	0.1925690813195278	0.001590731292517007	0.0	0.0019565755545302627	0.0003673469387755102	0.0	0.0017807803557855903	333345	0.0011988401918144307
fam178	nan	nan	nan	0.0011551020408163265	0.0021	0.0011219627889514667	0.0	0.0	0.0	134939	0.0007749935417204856
fam152	0.33812949640287776	0.3381294964028777	5.551115123125783e-17	0.0023979591836734695	0.0047	0.0023495105696083544	0.007091836734693878	0.0139	0.00694855253565024	220523	0.0035803795202291448
fam54	0.0	0.0	0.0	0.0	0.0	0.0	0.002653061224489796	0.0052	0.0025994585025454135	225337	0.0007765663342962756
fam220	nan	nan	nan	7.346938775510205e-05	0.0	0.000356156071157118	0.0	0.0	0.0	56	5.039052658100277e-05
fam101	nan	nan	nan	0.0015816326530612244	0.0031	0.0015496771842097657	0.0	0.0	0.0	373185	0.0011043378390317167
fam20	nan	nan	nan	0.0024	0.0047	0.002349468024894146	0.0	0.0	0.0	110103	0.0017917133258678612
fam33	nan	nan	nan	0.0	0.0	0.0	0.0	0.0	0.0	165774	0.0
fam208	nan	nan	nan	0.0	0.0	0.0	0.0	0.0	0.0	24949	0.0
fam139	0.439453125	0.84375	0.421508629978657	0.0013775510204081633	0.0027	0.0013497188378601185	0.0001306122448979592	0.0	0.0006331663487237654	248161	0.0009992697644029365
fam37	nan	nan	nan	0.0	0.0	0.0	0.0	0.0	0.0	205990	0.0
fam201	nan	nan	nan	8.163265306122449e-05	0.0	0.0003957289679523534	0.0	0.0	0.0	56928	5.789549862498191e-05
fam141	0.0	0.0	0.0	0.0	0.0	0.0	0.005199659863945578	0.0075	0.0044833706214415766	247100	0.0015652449830899369
fam172	nan	nan	nan	0.0027551020408163266	0.0054	0.002699437675720237	0.0	0.0	0.0	161151	0.0019548049104699348
fam169	nan	nan	nan	0.0	0.0	0.0	0.0	0.0	0.0	162010	0.0
fam136	nan	nan	nan	0.0	0.0	0.0	0.0	0.0	0.0	275553	0.0
fam49	nan	nan	nan	0.0	0.0	0.0	0.0	0.0	0.0	222608	0.0
fam219	nan	nan	nan	0.0	0.0	0.0	0.0	0.0	0.0	855	0.0
fam138	nan	nan	nan	0.0	0.0	0.0	0.0	0.0	0.0	257168	0.0
fam59	nan	nan	nan	0.0	0.0	0.0	0.0	0.0	0.0	228852	0.0
fam206	0.42134786046920303	0.4473684210526316	0.09465377791638226	0.0008680851063829786	0.0017	0.0008498075834723507	0.002096631205673759	0.0038	0.0020400396321812423	28283	0.0012432084940483597
fam189	nan	nan	nan	0.0004591836734693878	0.0009	0.00044990627928670615	0.0	0.0	0.0	93031	0.0003283166548472671
fam70	0.0	0.0	0.0	0.0	0.0	0.0	0.0025000000000000005	0.0049	0.0024494897427831783	278771	0.000791014080050625
fam205	nan	nan	nan	0.0	0.0	0.0	0.0	0.0	0.0	32950	0.0
fam160	0.3442028985507247	0.4347826086956522	0.17657236131900297	0.001938775510204082	0.0	0.0019990626708158077	0.004693877551020408	0.0092	0.004599041966041885	194012	0.0027636054421768708
fam125	nan	nan	nan	0.0010714285714285715	0.0021	0.0010497813183356476	0.0	0.0	0.0	339514	0.0007801285651875429
fam42	nan	nan	nan	0.0019829931972789113	0.0033	0.0017958900224520537	0.0	0.0	0.0	217106	0.001402419272006131
fam173	0.14474551573396244	0.18918918918918917	0.14368679863085135	0.0005285714285714285	0.0	0.0006786842011554115	0.003435714285714286	0.0037	0.00291114443213694	155692	0.001327360212377634
fam1	nan	nan	nan	0.0006122448979591836	0.0012	0.0005998750390489414	0.0	0.0	0.0	1833	0.0004475474400286431
fam105	nan	nan	nan	0.002244897959183674	0.0044	0.002199541809846119	0.0	0.0	0.0	385171	0.0016352694924123494
fam51	nan	nan	nan	0.0	0.0	0.0	0.0	0.0	0.0	223340	0.0
fam211	nan	nan	nan	0.0013276595744680852	0.0026	0.001299705715898889	0.0	0.0	0.0	22078	0.0008819314298313305
fam3	0.5198986295138335	0.4074074074074074	0.3651711825395312	0.0006979591836734694	0.0011	0.0006185037230905604	0.0013010204081632655	0.0014	0.0010859957246090895	7324	0.0008729753323657632
fam67	nan	nan	nan	0.0	0.0	0.0	0.0	0.0	0.0	270803	0.0
fam132	nan	nan	nan	0.0	0.0	0.0	0.0	0.0	0.0	308584	0.0
fam72	nan	nan	nan	0.0	0.0	0.0	0.0	0.0	0.0	279575	0.0
fam198	0.008384146341463413	0.0	0.05747881143628924	0.0001346938775510204	0.0	0.000652952797121383	0.00033469387755102046	0.0	0.0016224887686046487	64513	0.00019298499541660634
fam108	nan	nan	nan	0.001157142857142857	0.0021	0.001127395408968506	0.0	0.0	0.0	409986	0.0008503401360544217
fam210	nan	nan	nan	0.0	0.0	0.0	0.0	0.0	0.0	22647	0.0
fam14	nan	nan	nan	0.0	0.0	0.0	0.0	0.0	0.0	85032	0.0
fam64	nan	nan	nan	0.0	0.0	0.0	0.0	0.0	0.0	251658	0.0
fam156	nan	nan	nan	0.0	0.0	0.0	0.0	0.0	0.0	214102	0.0
fam135	nan	nan	nan	0.003063829787234043	0.006	0.0029993208828435905	0.0	0.0	0.0	283355	0.002168315489903781
fam190	0.2842105263157895	0.45	0.217069375024224	0.0013775510204081633	0.0027	0.0013497188378601185	0.00213265306122449	0.0	0.002871882533774101	92492	0.0016210604091823995
fam183	0.0	0.0	0.0	0.0	0.0	0.0	0.001870748299319728	0.0	0.003899715860648006	99936	0.0005111334151146797
fam215	nan	nan	nan	0.0	0.0	0.0	0.0	0.0	0.0	16928	0.0
