fam	avg_dnds	med_dnds	SDdnds	dn	med_dn	SDdn	ds	med_ds	SDds	loc	Pi
fam98	0.08909410336190682	0.09999999999999999	0.06639400730947302	0.002588888888888889	0.0033	0.0020999706053204358	0.02389166666666667	0.03245	0.016843303565512318	241995	0.006121824303642486
fam62	0.056453719377047615	0.04739336492890995	0.058049739316838524	0.001961111111111111	0.0	0.0024477061572212395	0.025369444444444444	0.0205	0.017207053131467216	205778	0.005628177196804646
fam119	0.0	0.0	0.0	0.0	0.0	0.0	0.03778888888888889	0.0338	0.022889016989932794	116303	0.005795872208085948
fam43	0.044130522154243686	0.036468330134357005	0.046395458159038054	0.0015944444444444443	0.0019	0.0016024190817574054	0.040591666666666665	0.04265	0.02447658035982786	271280	0.010279001468428781
fam124	0.21053647924203936	0.2506281407035176	0.14325814405936044	0.002983333333333333	0.0034	0.002558374049621708	0.012516666666666667	0.0132	0.007325620944481241	111334	0.004888888888888889
fam116	0.04271021255580976	0.0	0.06656059673702684	0.0010222222222222221	0.0	0.0019124026643511254	0.021283333333333335	0.0315	0.015055370027557165	118183	0.005458089668615984
fam74	0.5621568462457505	0.5662983425414364	0.5021840734473513	0.011855555555555555	0.0202	0.009639486052587281	0.015463888888888888	0.0184	0.011980960654716988	129397	0.01224105461393597
fam93	0.2616788903061224	0.30468749999999994	0.062295447888153686	0.003033333333333333	0.0039	0.002451303508113365	0.012888888888888887	0.0128	0.01225764563622272	1904	0.005291005291005291
fam44	0.006887522728978584	0.0	0.012288667607289326	0.0005499999999999999	0.0	0.0010291582320841955	0.055802777777777784	0.053	0.027943469582067837	271830	0.008914193696802393
fam15	0.09278752090133081	0.07142857142857142	0.0712149960273022	0.0032722222222222215	0.0016	0.0030809099585738476	0.030763888888888886	0.0333	0.016514894838999428	90651	0.008756818834338214
fam17	0.1710189452124936	0.0	0.3199471498163073	0.006544444444444444	0.0	0.008204079081788945	0.012027777777777778	0.01065	0.013069039136471254	97028	0.007553606237816763
fam90	0.06363347854504381	0.052777777777777785	0.046095041130374347	0.002897222222222223	0.0026	0.0018670365870233907	0.05239444444444444	0.06185	0.024919703766346606	40302	0.012570145903479237
fam77	0.036035345010776786	0.0	0.06566074788987053	0.001	0.0	0.0018708286933869704	0.04658333333333333	0.0478	0.03270826008484368	105189	0.007698709945900956
fam41	0.0182605098477108	0.0	0.021611633180953806	0.0015555555555555557	0.0	0.0019499920860871383	0.04749444444444444	0.02565	0.039352621996821144	256632	0.011952861952861953
fam78	0.25478257222510786	0.23161764705882354	0.1060069610736678	0.012822222222222223	0.0147	0.006074084801255207	0.05619166666666667	0.046299999999999994	0.03357544055307887	104374	0.020295548073325852
fam16	0.1597706641184902	0.13333333333333333	0.12096363187499004	0.002233333333333333	0.0022	0.0022335820757001276	0.014422222222222225	0.016050000000000002	0.010807022179817239	96795	0.004822530864197531
fam126	0.0	0.0	0.0	0.0	0.0	0.0	0.052838888888888894	0.0526	0.03916034188491222	110948	0.00950950950950951
fam115	0.1794940031751472	0.16778523489932887	0.07847868477374727	0.014230555555555555	0.0172	0.007299993129541837	0.08218611111111113	0.08940000000000001	0.03682153018108486	118463	0.025864707682889503
fam26	0.5530152986819443	0.4847645429362881	0.4025398519554189	0.009011111111111112	0.0087	0.0038311426912851546	0.019972222222222225	0.01745	0.010705829437769748	133898	0.011065006915629323
fam130	0.2762115802991105	0.20298688337610493	0.26316627889146554	0.0036888888888888883	0.0034	0.0023649968026496805	0.01946111111111111	0.0167	0.011929521685898432	105426	0.006329113924050634
fam48	0.0	0.0	0.0	0.0	0.0	0.0	0.04328333333333333	0.044	0.029363379498204143	346152	0.008878741755454084
fam68	0.24442278190312758	0.16905615292712067	0.1799855725304728	0.019480555555555553	0.0235	0.01385674363390629	0.09657222222222223	0.1674	0.08041305729762187	169328	0.032153032153032154
fam60	0.11248605718780404	0.10676835081029552	0.029823012540717547	0.007191666666666667	0.0089	0.004392820847701395	0.063975	0.08560000000000001	0.03895089768613241	221304	0.014497354497354497
fam88	0.030619100864937392	0.042194092827004225	0.02663498175579669	0.0015000000000000002	0.0015	0.0015000000000000002	0.043675000000000005	0.0515	0.02226950300049125	43530	0.011123971193415636
fam25	0.06266844538203262	0.0	0.08510030898958033	0.0018555555555555556	0.0	0.0023262325818136412	0.03537222222222222	0.0407	0.020493408304882263	132577	0.008088548318433374
fam5	0.14506368147386098	0.1341991341991342	0.07387015691311365	0.002538888888888889	0.003	0.0012702313388989377	0.019533333333333333	0.0187	0.008824051727459948	60673	0.005573981942141147
fam84	0.1535446108209948	0.1611295681063123	0.17082905138543578	0.005911111111111111	0.0096	0.005708316436849825	0.03810277777777778	0.0303	0.026116985598043183	58254	0.013687600644122382
fam100	0.13974836444703725	0.19248826291079815	0.06943013677616981	0.002075000000000001	0.0021	0.0014497844667397978	0.014744444444444442	0.01585	0.011337265113196993	209898	0.004104620084001528
fam40	0.2476310293051739	0.20998531571218798	0.15397862062441814	0.006755555555555556	0.0024	0.006465826596827888	0.02896111111111111	0.0072	0.03178603185343609	253795	0.011820330969267137
fam71	0.13706783100896183	0.1387434554973822	0.06863697694849319	0.005308333333333334	0.0053	0.003074480534261935	0.03821111111111111	0.0382	0.027160211684842075	147740	0.009259259259259259
fam31	nan	nan	nan	0.00415	0.00415	0.004149999999999999	0.0	0.0	0.0	150285	0.07894736842105264
fam137	0.04868848344691888	0.03159976956358164	0.058605362154155106	0.0011416666666666667	0.0013	0.0011550312646081153	0.025794444444444443	0.02565	0.012205075092955854	79997	0.005232216343327455
fam129	0.37040206191418673	0.19310344827586207	0.3022076532125661	0.006080555555555555	0.0056	0.0037275863090420885	0.012425000000000002	0.015	0.012362518958529448	107270	0.007042253521126761
fam143	0.0	0.0	0.0	0.0	0.0	0.0	0.06501111111111112	0.0616	0.04115871568141078	69495	0.008101851851851851
fam6	0.08086179788064679	0.06622516556291391	0.054268520908013214	0.001747222222222222	0.0011	0.0012811639913920098	0.024177777777777777	0.0262	0.016017301602245116	62302	0.005531505531505532
fam73	0.0967222127260579	0.08767123287671234	0.05240103693754076	0.005608333333333333	0.0064	0.003367934992114769	0.06471388888888888	0.0965	0.04635552917265149	133020	0.016078093597473444
fam86	0.14477576992849867	0.12663755458515283	0.08385847507938195	0.0025666666666666667	0.0029	0.001887679351302369	0.018949999999999998	0.023100000000000002	0.011684094126441962	51981	0.005747126436781608
fam94	0.0	0.0	0.0	0.0	0.0	0.0	0.018166666666666664	0.0327	0.016248760636498473	2065	0.003940110323089047
fam89	0.2939159785937251	0.2936170212765957	0.08478634534379524	0.016302777777777777	0.01965	0.010169220611212353	0.053188888888888876	0.06035	0.03117463158276273	42619	0.024024024024024024
fam142	0.10673683899294827	0.0	0.1848056750548911	0.0008444444444444445	0.0	0.0015798108966378862	0.006211111111111112	0.00855	0.0052351789621207885	69682	0.0017921146953405018
fam19	0.11228494233760318	0.13530655391120508	0.08389967543924082	0.0026722222222222225	0.0032	0.002885558978306275	0.013225	0.0	0.018409121757674615	105663	0.01111111111111111
fam123	0.2503844568601223	0.20879120879120877	0.19283476380282472	0.0027444444444444443	0.0019	0.0018160464452645546	0.01266111111111111	0.0092	0.009228587160971843	112077	0.004454926624737946
fam9	0.47510977252902603	0.29393271272252164	0.39278275732654344	0.0075222222222222235	0.0069	0.0036869221664863495	0.02246388888888889	0.024	0.012851851418241002	64419	0.01073680063041765
fam7	0.9250845838974123	0.5733333333333334	0.6576871862217223	0.01447777777777778	0.01145	0.01109960237303599	0.013455555555555554	0.015	0.01003423153356229	62738	0.01838901838901839
fam63	0.0	0.0	0.0	0.0	0.0	0.0	0.05697222222222223	0.0545	0.031321740861856386	201539	0.02120051085568327
fam81	0.0813390439123308	0.0656774421480304	0.07330010899254924	0.0022166666666666663	0.0022	0.0015794689684264843	0.02595555555555555	0.0369	0.017162110146813476	63556	0.007597340930674262
fam145	0.09546710007218126	0.09236338647895863	0.06345913184029078	0.0037194444444444436	0.0039	0.002122867484800851	0.044013888888888894	0.05315	0.02478084108492977	56766	0.011099608925695881
fam38	0.0689498278108649	0.047195242490830513	0.13201798712066726	0.0010166666666666666	0.0016	0.0009805044053388485	0.02475555555555555	0.025349999999999998	0.01414583653793669	223536	0.005859375
fam106	0.14665854975254455	0.11802575107296136	0.08906972409930472	0.009119444444444446	0.0083	0.0053534422697739505	0.07327222222222222	0.04655	0.05313019444466955	182306	0.018261316872427984
fam45	0.006429665728897401	0.0	0.013479225989585952	0.0003111111111111111	0.0	0.0005820355934981686	0.04063055555555555	0.0486	0.01848733529630554	281614	0.008968087584439784
fam12	0.2324173996599896	0.2710843373493976	0.18000784937114145	0.0032500000000000003	0.0045	0.0027271780286589283	0.009180555555555556	0.0163	0.008211909354523685	69062	0.004483430799220273
fam55	0.067539973918025	0.0	0.1398616137636366	0.0033027777777777777	0.0	0.006180681646653866	0.057672222222222236	0.0675	0.03276554432726135	377060	0.01632815611310235
fam127	0.012554971720641826	0.0	0.015096607939502703	0.0012055555555555554	0.0	0.0015112438667175317	0.07388888888888889	0.0763	0.042102743231935864	110389	0.014733711814003783
fam83	0.48880068994230647	0.5603864734299516	0.29612870374010586	0.007419444444444443	0.0058	0.006083850180986656	0.012852777777777777	0.0207	0.012465318245059661	58407	0.00850850850850851
fam8	0.06839803816087185	0.0500595947556615	0.07057959989869798	0.0030416666666666665	0.0042	0.002563025013967328	0.05521944444444446	0.05525	0.038224852440994495	63799	0.013384671800513386
fam111	0.04785666500590923	0.05036073281452659	0.023960933074485196	0.001852777777777778	0.0017	0.0012718067007020436	0.03624166666666667	0.0346	0.015326382029399864	139775	0.007893139040680024
fam85	0.07509216516976024	0.08363636363636363	0.041511752589672234	0.0038027777777777778	0.0045	0.0024700974014883513	0.05054444444444445	0.0504	0.0236710024718999	57658	0.012072846326989975
fam46	0.11071093866956777	0.1007462686567164	0.06758270135535348	0.0041444444444444445	0.0045	0.0023558962017839933	0.040405555555555556	0.048299999999999996	0.026114363272647538	288965	0.01091091091091091
fam110	nan	nan	nan	0.0029555555555555555	0.0	0.0037049849635655626	0.0	0.0	0.0	146470	0.002197112366603892
fam87	0.0	0.0	0.0	0.0	0.0	0.0	0.08836388888888887	0.0936	0.039602947089956285	43968	0.018518518518518517
fam76	0.0	0.0	0.0	0.0	0.0	0.0	0.045172222222222225	0.0531	0.02508640192870223	105700	0.010768921095008053
fam131	0.05522131172999828	0.030534697205011424	0.05806009640186655	0.0020833333333333333	0.0034	0.0020210695738203132	0.05147777777777778	0.0357	0.047670216133061945	100341	0.00949667616334283
fam114	0.7038701289889977	0.4200477326968974	0.8151394823976471	0.01246388888888889	0.0154	0.005976163428236184	0.03643333333333333	0.0346	0.027506019543203832	119932	0.017788724685276407
fam50	0.07117758503300671	0.0	0.07510704766405045	0.0022166666666666667	0.0	0.002778738722674172	0.020616666666666665	0.0106	0.016280347730384087	348707	0.0059656972408650265
fam133	0.5707365112004618	0.5161290322580646	0.39733851187487595	0.005722222222222222	0.0064	0.0042593107887382116	0.005552777777777778	0.0	0.006877196057790119	99476	0.005654509471303364
fam146	0.05717240473672116	0.03426573426573427	0.06073272605684604	0.0018777777777777777	0.0	0.002354087592903401	0.04157222222222222	0.0362	0.027024491064291122	43265	0.010311447811447811
fam107	0.14872638631741222	0.11948790896159316	0.10961131575410757	0.005005555555555556	0.0048	0.002697832920908151	0.04681944444444444	0.052	0.02850677131494321	171580	0.012045231071779744
fam92	0.33221046103627094	0.19285960280105613	0.3148978148855478	0.004205555555555554	0.0054	0.0026662441794950732	0.0119	0.0092	0.012371427654972657	11027	0.005902777777777779
fam79	0.09520632657844513	0.09792284866468842	0.06415622539935778	0.002022222222222222	0.0033	0.001962015844186664	0.024580555555555553	0.0337	0.01982792390438355	88269	0.005662687480869299
fam61	0.037156076145645305	0.035200090112230686	0.03784979355716398	0.0007861111111111111	0.0011	0.0006494240088030904	0.027677777777777784	0.02325	0.016423257748136584	210168	0.006403169338492722
fam91	0.0	0.0	0.0	0.0	0.0	0.0	0.006933333333333333	0.0	0.012971078940816328	34244	0.0014814814814814816
fam113	0.2206151727207117	0.22272727272727275	0.14255191869959877	0.005877777777777778	0.0049	0.0035203465037085256	0.009325	0.0	0.011035180484855394	121798	0.0064315812818806824
fam140	0.273366878453849	0.24554273378994215	0.22636750377244005	0.008566666666666667	0.0078	0.005206993160911369	0.03740833333333333	0.03895	0.019702430405634956	74389	0.01602401488246237
fam99	0.0	0.0	0.0	0.0	0.0	0.0	0.004955555555555556	0.0	0.009270995525006544	232550	0.0011396011396011395
fam103	0.031625111349881996	0.0	0.07153076137491286	0.0010444444444444444	0.0	0.001953976635315281	0.030949999999999995	0.0369	0.019647624962490166	191464	0.006995884773662552
fam4	0.9961887963448769	0.9127516778523489	0.3945598227952084	0.012516666666666667	0.0134	0.006681504321632966	0.0093	0.015	0.009003610386950337	37185	0.03787878787878788
fam32	0.32457555989225245	0.2965779467680608	0.1615349288295486	0.012088888888888889	0.0103	0.00779945787922959	0.031116666666666667	0.027	0.02032523745932081	176942	0.028819444444444446
fam57	0.04860188217475975	0.04038461538461539	0.022806220049657804	0.0019555555555555554	0.0021	0.0012019531430237584	0.039386111111111115	0.0451	0.02011791839212245	233000	0.009121061359867328
fam39	0.17618710822780118	0.22872340425531915	0.12172353113969808	0.004066666666666666	0.0043	0.003039554060859732	0.02075	0.0188	0.0145442141990094	244859	0.007137345679012345
fam104	0.05160047270110446	0.03367875647668393	0.03725958469351061	0.004316666666666667	0.0026	0.003849855697151373	0.08696111111111111	0.1021	0.04374363622147275	190870	0.015575177826833451
fam121	0.07652631077273599	0.07920557323055966	0.04817896988826212	0.003272222222222222	0.0038	0.002081880975238913	0.042425	0.04405	0.01619014403545839	114737	0.010030864197530862
fam118	0.13128947623544124	0.09111617312072892	0.13258285523821972	0.0031111111111111114	0.004	0.0026851213274654605	0.02687777777777778	0.0291	0.01557239564655482	117485	0.008134302526825891
fam128	0.02654051264144	0.03361344537815125	0.02378521739307398	0.0006722222222222222	0.0012	0.0006016694880409892	0.03138055555555556	0.0306	0.013400037716456962	108977	0.005828871039714413
fam54	0.05118998107145617	0.05174544331170837	0.046068685495903344	0.0014499999999999997	0.0026	0.0012971121771072846	0.024816666666666667	0.0196	0.015891655741999394	376100	0.0063262019783758925
fam101	nan	nan	nan	0.003661111111111111	0.0041	0.002723384105787195	0.0	0.0	0.0	209614	0.003185981680605337
fam139	0.2407881964667055	0.20098039215686275	0.14998505077676857	0.00385	0.0041	0.0031670613789091264	0.011288888888888888	0.0202	0.010097353277462197	75200	0.005050505050505052
fam37	0.10463684573920175	0.06206896551724137	0.13291136658737532	0.0030055555555555556	0.0036	0.0030078549429825717	0.03528888888888889	0.037500000000000006	0.02013132961576968	213411	0.008080808080808083
fam141	0.1638751159123041	0.0945121951219512	0.13664900021301615	0.0036555555555555547	0.0031	0.002969422357261168	0.02416111111111111	0.02595	0.016742216728607186	72097	0.007490636704119851
fam136	0.24970219137067806	0.21428571428571427	0.08092945469214252	0.0036638888888888893	0.003	0.002010687110000208	0.014155555555555557	0.0141	0.009453466279167553	87477	0.06222682309638831
fam49	0.023398436457791782	0.0	0.02871270879087158	0.0006999999999999999	0.0	0.0008774964387392121	0.023258333333333336	0.022	0.013983410309680857	348256	0.005130671797338465
fam138	0.0	0.0	0.0	0.0	0.0	0.0	0.031950000000000006	0.03195	0.03195	75508	0.005952380952380953
fam59	0.23034956556880176	0.2838283828382838	0.13252048447538456	0.007844444444444446	0.0086	0.004174954719943709	0.011755555555555556	0.0	0.014736471092052995	230490	0.008393285371702638
fam70	0.12194973728267315	0.13802816901408452	0.08848916377498023	0.0027777777777777783	0.0032	0.002211474007070989	0.02233333333333333	0.02155	0.009669166343474382	149273	0.0063429571303587045
fam125	0.0	0.0	0.0	0.0	0.0	0.0	0.056627777777777784	0.0576	0.03595487612666675	111106	0.012592592592592591
fam1	0.1717816619895159	0.11148648648648649	0.12357714584449163	0.0026583333333333337	0.0033	0.0017646804872900425	0.014008333333333336	0.0148	0.009245730996879947	15120	0.0047043010752688165
fam56	0.030331063893461012	0.0	0.06840429553425036	0.00046666666666666666	0.0	0.0008730533902472531	0.020666666666666667	0.0239	0.013307537546652103	382684	0.0045837917125045825
fam120	0.15838925258210204	0.1144278606965174	0.15118443224908018	0.002427777777777778	0.0023	0.0019504431278716454	0.02604722222222222	0.0201	0.02174062359975382	115757	0.006724601696668736
fam3	0.15489198400345283	0.12594458438287154	0.10700515578180468	0.003055555555555556	0.00375	0.002576005137637695	0.017658333333333328	0.0265	0.014663946243915532	36785	0.005324074074074075
fam67	0.05128054496296061	0.047244094488188976	0.04697739958614058	0.002666666666666666	0.0032	0.0018856180831641266	0.05215555555555555	0.054349999999999996	0.035965256725873994	171456	0.011654511654511654
fam132	0.04198975975044078	0.0	0.047463302255063636	0.0010888888888888888	0.0	0.0013649944602609969	0.027919444444444448	0.03225	0.014652129527524592	99871	0.006543209876543209
fam72	0.0	0.0	0.0	0.0	0.0	0.0	0.009149999999999998	0.00915	0.00915	136593	0.002222222222222222
fam14	0.13545058018814668	0.15177065767284992	0.07033312980859505	0.005613888888888889	0.007549999999999999	0.004327762622994433	0.03705833333333333	0.044649999999999995	0.022022417555754407	80057	0.011406333870101988
fam64	0.03573350558151505	0.0	0.05424201575577445	0.000488888888888889	0.0	0.0009146273612114079	0.012036111111111112	0.0102	0.012062019196584188	193583	0.002489048187972919
