fam	avg_dnds	med_dnds	SDdnds	dn	med_dn	SDdn	ds	med_ds	SDds	loc	Pi
fam158	0.2795031750063501	0.40800000000000003	0.16980367840538013	0.002977142857142857	0.0051	0.003004829672468012	0.00907809523809524	0.0125	0.008595701926543133	130812	0.004003639672429482
fam98	0.4590009425070687	0.4590009425070688	1.1102230246251565e-16	0.02040761904761905	0.0	0.02402873555612746	0.04446095238095237	0.0	0.05235007890154257	445181	0.026747720364741642
fam62	0.41363618550731085	0.40939597315436244	0.3170183903570561	0.005604761904761905	0.0061	0.004461355355716167	0.02012857142857143	0.0149	0.022406158652884513	343704	0.009688013136288998
fam150	0.07597104182080933	0.0835680751173709	0.028667488681559338	0.003363809523809524	0.0044	0.002839487673759671	0.046464761904761905	0.0422	0.038393560920828976	157581	0.013079365079365081
fam155	0.41406594876683084	0.3354838709677419	0.1677562565595275	0.009062857142857143	0.0156	0.007846203293469332	0.024556190476190475	0.0367	0.02219225057283574	136711	0.013364055299539171
fam119	0.06536402080378016	0.0665083135391924	0.03220306172103431	0.002	0.0014	0.0016264480727442032	0.03015809523809524	0.0419	0.022052594193373177	358680	0.008357421775952127
fam43	0.03252300916298422	0.03475513428120064	0.013111464684272251	0.0013104761904761905	0.0011	0.001164222512648212	0.03565714285714285	0.0373	0.027714217967516608	193603	0.009142207607680752
fam174	0.30685480945938426	0.30696202531645567	0.12206299039077739	0.008259047619047619	0.0097	0.006298188632087124	0.024481904761904764	0.0314	0.017538527825237897	6799	0.012361882326546636
fam124	0.03337692745149439	0.03539823008849558	0.004992186671166785	0.0019047619047619048	0.0032	0.0016128283912125103	0.05815809523809523	0.0904	0.049800546527795454	339320	0.012627073301230604
fam157	0.2944800154490691	0.31561461794019935	0.14006297042842586	0.004729523809523809	0.0057	0.003950621983809248	0.0162247619047619	0.0118	0.012814075452611299	131612	0.00739384072717406
fam116	0.40431591805362244	0.08349146110056926	0.3466032041277443	0.0028495238095238096	0.0044	0.0021019321637154894	0.02124571428571428	0.0057	0.02591491950713381	362983	0.007800453514739228
fam74	0.0	0.0	0.0	0.0	0.0	0.0	0.01208	0.0138	0.010376864376376626	396991	0.0022466422466422466
fam176	0.16467398507932235	0.1678224687933426	0.08622903244239437	0.0041485714285714285	0.002	0.004753787748646722	0.03150952380952381	0.0077	0.03407474284236409	85	0.009493575207860922
fam44	0.8630355276906999	0.8541666666666667	0.028045801087438944	0.010708571428571428	0.003	0.012072291093446097	0.012076190476190475	0.0	0.014219031671601427	198674	0.018681318681318677
fam162	0.13320533961169725	0.07611798287345385	0.19829701917046505	0.004523809523809523	0.006	0.0035185095277762363	0.056753333333333336	0.1044	0.05239437095658758	123314	0.01526762643041713
fam15	0.0	0.0	0.0	0.0	0.0	0.0	0.04132	0.0625	0.036019453474080206	80966	0.008038444735692443
fam17	0.09431593273763653	0.11409395973154361	0.038211710094818864	0.0018133333333333332	0.0034	0.00169621801533752	0.02391047619047619	0.0298	0.025112914241043484	82126	0.007311207311207312
fam77	0.0	0.0	0.0	0.0	0.0	0.0	0.008125714285714288	0.0158	0.007896774851876207	402563	0.0017857142857142859
fam41	nan	nan	nan	0.0	0.0	0.0	0.0	0.0	0.0	192089	0.0
fam78	0.0	0.0	0.0	0.0	0.0	0.0	0.021492380952380957	0.0182	0.019924192976370138	403712	0.0063842848373235105
fam16	0.10829065463564795	0.11093247588424437	0.05466875273228175	0.0035485714285714296	0.0069	0.0034485915492370772	0.03244571428571428	0.0303	0.02892374548811451	81701	0.008677248677248676
fam126	0.15060421691049622	0.17886178861788618	0.053751312078084125	0.0025733333333333337	0.0044	0.00228657642470829	0.021428571428571432	0.0246	0.024446098975133862	337491	0.006961629796275464
fam112	0.32734330074755597	0.3108108108108108	0.10744846653630079	0.0028914285714285717	0.0	0.0034044820397798655	0.008736190476190476	0.0	0.010150919487411439	378651	0.004706404706404706
fam115	0.08351087200017218	0.10027855153203342	0.027564972829405572	0.0077257142857142845	0.0094	0.006117173772747214	0.0882295238095238	0.1259	0.06539766403838905	372757	0.02559945964201283
fam35	0.0	0.0	0.0	0.0	0.0	0.0	0.021935238095238094	0.0334	0.016358891457101104	188580	0.004192104192104191
fam26	0.272131042646061	0.15073529411764708	0.19377969123168967	0.0034190476190476193	0.0041	0.0026288543671049397	0.01679047619047619	0.0109	0.015102371455594862	144240	0.006019377447948877
fam130	0.34574333894430487	0.39999999999999997	0.10054099226577548	0.00168	0.0014	0.002499919998719959	0.00809904761904762	0.0035	0.01603779164965465	314586	0.003463203463203463
fam148	0.05382542008244903	0.07166123778501629	0.05062552991437902	0.0008238095238095239	0.0	0.0015038695364846114	0.010736190476190476	0.0	0.019968666521087117	194882	0.0030799330998138156
fam48	0.06830980272557094	0.06343283582089551	0.028323319955298108	0.002299047619047619	0.0017	0.0019905727932812392	0.030131428571428573	0.0349	0.022168357175576758	227570	0.009940910670837678
fam68	0.18168759043965987	0.19438444924406045	0.057834105660373954	0.004298095238095238	0.0054	0.0036030405401253603	0.024701904761904758	0.0223	0.019870993365311736	368635	0.008135779564350992
fam60	0.11317517910135315	0.09327548806941431	0.0824314742490361	0.0031647619047619046	0.0014	0.0044073095335207665	0.03000190476190476	0.039	0.02463298594104828	334146	0.00787037037037037
fam153	0.015300974534444801	0.0	0.02833310377843968	0.0003866666666666666	0.0	0.000985810439294605	0.025912380952380958	0.0431	0.02158477283041426	142094	0.00565813627038117
fam84	nan	nan	nan	0.0024533333333333334	0.0	0.004837730019960988	0.0	0.0	0.0	441076	0.0018518518518518517
fam100	0.16616677910902156	0.14383561643835616	0.08736589988879127	0.006986666666666668	0.0098	0.00526496174935984	0.04962285714285714	0.0867	0.04087493878170539	438301	0.016268573457071858
fam23	0.24952276775330362	0.03636363636363636	0.7069745846593689	0.0014904761904761907	0.0015	0.0015196819096692453	0.037764761904761905	0.0139	0.03805348862288295	105692	0.009914612275489173
fam18	0.2843992800113274	0.3125	0.1543810479718747	0.0015619047619047622	0.002	0.0012941171620162307	0.010488571428571425	0.0064	0.0184247830731468	83756	0.014889731703890994
fam102	0.09608865201877495	0.10303030303030303	0.031080837230679722	0.0030742857142857147	0.0017	0.002948156116930703	0.028622857142857144	0.0243	0.023998750987907515	434080	0.00951182988918838
fam40	0.2567712045616536	0.18032786885245902	0.08826916089891285	0.0028914285714285713	0.0033	0.0024818623685302394	0.009782857142857142	0.0183	0.009151096287620744	191866	0.008290699199790108
fam71	0.0	0.0	0.0	0.0	0.0	0.0	0.002201904761904762	0.0	0.0036341758993092476	385377	0.0005866114561766735
fam31	0.2840967684180895	0.11552346570397112	0.21020211878420195	0.0041676190476190485	0.0032	0.0037006175865039	0.019968571428571426	0.0178	0.01853615419241267	169373	0.00822714062150682
fam137	0.0	0.0	0.0	0.0	0.0	0.0	0.03333714285714286	0.0527	0.03323377013748245	259614	0.007339862659011595
fam129	nan	nan	nan	0.0006666666666666668	0.0	0.001699673171197595	0.0	0.0	0.0	315600	0.0004938271604938272
fam143	0.060875727788053675	0.05092592592592592	0.028526753855057305	0.0021838095238095236	0.0015	0.001897673955111704	0.03264285714285715	0.0461	0.030100092887510078	239345	0.008238589553468446
fam6	0.12180792891319205	0.16571428571428568	0.1177830647233281	0.0010516483516483516	0.0	0.0013942080060936118	0.007753846153846154	0.0086	0.006914617542319398	40107	0.002694080113434952
fam117	0.5116279069767442	0.5116279069767442	0.0	0.0008800000000000001	0.0	0.002243568585980825	0.0017199999999999997	0.0	0.004385156781689795	360554	0.0011544011544011544
fam86	0.267447387266347	0.2	0.22421131619164952	0.004778095238095238	0.0018	0.0058809617119648366	0.012996190476190474	0.0091	0.011304478032300582	449705	0.007960557960557961
fam94	0.23505146701909385	0.3438735177865612	0.11603405538608003	0.005299047619047619	0.0043	0.005042873240677576	0.02328	0.038	0.017625027659552765	476611	0.00976800976800977
fam53	0.2453002718487541	0.09511993382961126	0.3389095032356094	0.00628190476190476	0.01	0.005080622027016563	0.06608	0.1209	0.06084269553529002	288787	0.019353850865104886
fam142	0.16523687759177197	0.21578947368421056	0.16975267237706948	0.0017619047619047618	0.0	0.0029171212473742135	0.01040952380952381	0.0091	0.009308199394282377	242587	0.003713686732554658
fam19	0.10037174721189591	0.10037174721189591	0.0	0.00036	0.0	0.0009178235124467013	0.0035866666666666664	0.0	0.009144241661043061	84215	0.0009070294784580497
fam109	0.0	0.0	0.0	0.0	0.0	0.0	0.02085047619047619	0.0116	0.018650408517469012	388494	0.005267278809879707
fam10	nan	nan	nan	0.0018666666666666666	0.0035	0.0017461067804945061	0.0	0.0	0.0	74930	0.0014692378328741965
fam7	0.170486689791864	0.11864406779661016	0.12814502198614638	0.0024799999999999996	0.0021	0.0021839413911549917	0.017131428571428572	0.0207	0.0144599895559846	43651	0.005827773943715973
fam63	0.10514709751129354	0.16368638239339753	0.07837252559633336	0.007824761904761906	0.0117	0.0071871019519080285	0.009607619047619047	0.0	0.02449715122500144	352653	0.00808080808080808
fam81	0.0	0.0	0.0	0.0	0.0	0.0	0.01262857142857143	0.0	0.022013094433327912	416694	0.002751322751322751
fam164	0.08310667962286612	0.0	0.15454430907026748	0.0015733333333333333	0.0	0.004011228684026325	0.006497142857142857	0.0048	0.01039528700117196	112631	0.002808756712102437
fam145	0.1764705882352941	0.1764705882352941	0.0	0.00031999999999999997	0.0	0.0008158431221748455	0.0018133333333333332	0.0	0.004623111025657458	206313	0.0007168458781362007
fam38	0.09385113268608414	0.0	0.1327255446887371	0.0012152380952380952	0.0	0.0014308692630958853	0.0035314285714285716	0.0	0.00488904147360321	190567	0.0017044849259614358
fam106	0.1168002915451895	0.0	0.24081792539995822	0.0011819047619047618	0.0	0.0030133285172437583	0.012597142857142857	0.0145	0.011794804805852587	415881	0.0037838704505371175
fam12	0.05933532215905167	0.07106598984771574	0.02310164436493349	0.0014933333333333333	0.0028	0.0013968854243956049	0.028331428571428563	0.0394	0.026698397720019203	78284	0.006128747795414462
fam52	0.12544302083284245	0.1302013422818792	0.06534902374480764	0.005782857142857142	0.0072	0.0045078652352961756	0.05238857142857143	0.0745	0.04156198655659535	287846	0.01741876506274412
fam82	0.29469358209595786	0.3132530120481927	0.05160114761650063	0.006190476190476191	0.0052	0.00533770993894294	0.019185714285714285	0.0193	0.017820712553609282	420870	0.0087252897068848
fam134	0.20177538234990805	0.20668859649122806	0.0583588466813553	0.019260952380952382	0.0346	0.017684884561401958	0.0935952380952381	0.1541	0.08449924810141932	268881	0.032333115894759734
fam95	0.17748995435447812	0.14616755793226383	0.06734927804922763	0.009719047619047618	0.0047	0.009325388747041419	0.05337047619047619	0.034	0.04632257276309564	463507	0.02023809523809524
fam167	0.14357262103505847	0.14357262103505844	2.7755575615628914e-17	0.0011466666666666667	0.0	0.002923437854459863	0.007986666666666666	0.0	0.02036208459094719	91270	0.0026315789473684206
fam127	0.06910604571509113	0.07365439093484419	0.01475176561634552	0.0016895238095238094	0.0026	0.001534921980925527	0.02608952380952381	0.0353	0.025365191461301465	336484	0.007152419200611972
fam80	0.17609355605372873	0.10828025477707007	0.2969242901729098	0.0032885714285714285	0.0	0.005482375472030945	0.017514285714285715	0.0104	0.0160733522658226	407953	0.006739926739926739
fam171	0.1645709998892025	0.11822660098522167	0.1762688893018234	0.0020895238095238098	0.0024	0.0022159131756036964	0.017074285714285715	0.0153	0.015135099720101446	66216	0.005281803542673107
fam159	0.0	0.0	0.0	0.0	0.0	0.0	0.02243428571428572	0.0402	0.02029003897563169	129059	0.004505888376856119
fam83	0.2126214899427901	0.2256637168141593	0.11333077678151504	0.0025890109890109887	0.0025	0.002064320155202663	0.013379120879120876	0.0224	0.010611288996733687	426884	0.02478916432404804
fam8	0.03663634443421488	0.041108132260947276	0.05177994719845177	0.001577142857142857	0.0	0.0021834554153956085	0.0641952380952381	0.0881	0.050248774220448364	44855	0.012193362193362194
fam111	0.8626933059652457	0.5909090909090909	0.4680680032314128	0.013662857142857143	0.0187	0.0098001871424586	0.019511428571428572	0.015	0.016970676751024254	382190	0.015063803299097416
fam85	0.5587526049383839	0.3872832369942197	0.22161944770736303	0.00534952380952381	0.0067	0.004366193150833514	0.009954285714285714	0.0129	0.007339456689006068	444773	0.006387921022067363
fam46	0.40161514938818826	0.4036697247706422	0.16775120550316236	0.002723809523809524	0.0022	0.002262469102531413	0.007871428571428571	0.0054	0.007453534978348822	207350	0.004202995752291527
fam110	0.07489633875262451	0.07403314917127073	0.012940772331242686	0.004285714285714286	0.0066	0.003161477309029784	0.05888380952380952	0.0721	0.04505269956249549	382641	0.01708683473389356
fam87	0.013714285714285712	0.0	0.049447560349220425	0.0003323809523809524	0.0	0.000847460659358886	0.0016666666666666668	0.0	0.004249182927993987	454334	0.0006295247088448223
fam76	0.03968253968253969	0.0	0.09720197391996739	0.0002666666666666667	0.0	0.000679869268479038	0.0038399999999999997	0.0072	0.003591991091302984	398762	0.001058201058201058
fam175	0.06437011255726771	0.085	0.03874306500732201	0.0034971428571428567	0.0	0.004841575051529393	0.04056476190476191	0.0	0.05492351735164677	2674	0.011934598400763816
fam21	0.09854147801143459	0.09449636552440291	0.036857026080636554	0.00448	0.0018	0.004514788398775105	0.0453704761904762	0.0211	0.042495039315664944	98715	0.014177344297826223
fam131	nan	nan	nan	0.004622857142857142	0.0	0.005286213103876143	0.0	0.0	0.0	298947	0.003435529462926723
fam154	0.0	0.0	0.0	0.0	0.0	0.0	0.010432380952380952	0.0132	0.011066909021196782	141735	0.0024103468547912992
fam122	0.058630271307123255	0.05330100469345849	0.0453830217350388	0.002179047619047619	0.0014	0.002173594575509611	0.03825238095238096	0.0442	0.03260622521701177	354361	0.010515873015873017
fam163	0.4147496908008957	0.5263157894736843	0.1477527814501544	0.0067352380952380945	0.0046	0.00590550963007679	0.015283809523809524	0.0265	0.015482876094388762	118536	0.008823768823768825
fam114	0.08283934543449616	0.04377880184331797	0.068494966468193	0.0018371428571428573	0.0028	0.0013087440102456022	0.03274380952380952	0.0294	0.027585188999791083	373753	0.008576998050682261
fam96	0.08557404093295919	0.09539842873176207	0.02332374146231907	0.0035619047619047622	0.0	0.004193927150453458	0.03970095238095238	0.0	0.046115751869849654	455187	0.010325476992143659
fam27	nan	nan	nan	0.0016457142857142855	0.0	0.0022783882595432433	0.0	0.0	0.0	154419	0.0012841091492776886
fam50	0.0	0.0	0.0	0.0	0.0	0.0	0.023939047619047617	0.0088	0.027872309164125413	257266	0.005430767694918639
fam133	0.1762349799732977	0.22429906542056074	0.05549962534266095	0.0015999999999999999	0.0024	0.001468916024051166	0.002853333333333333	0.0	0.0072746011727257065	297031	0.0018912529550827422
fam29	0.10874200426439232	0.10874200426439234	2.7755575615628914e-17	0.00136	0.0	0.003467333269243094	0.012506666666666666	0.0	0.031885868691666874	162496	0.0037383177570093455
fam146	0.0	0.0	0.0	0.0	0.0	0.0	0.002666666666666667	0.0	0.006798692684790382	206086	0.00060882800608828
fam92	0.0	0.0	0.0	0.0	0.0	0.0	0.006171428571428572	0.0	0.008543955973287162	493720	0.0017857142857142857
fam75	0.15701350962920385	0.16666666666666669	0.13897230819734713	0.0005238095238095238	0.0	0.0006090623252999427	0.003575238095238095	0.0033	0.0036336727046148553	398126	0.0012918980660916143
fam177	0.07797407319027773	0.0861244019138756	0.028264619171795825	0.0027114285714285717	0.0031	0.0021878588918420316	0.03419904761904762	0.0418	0.025505142320858674	3922	0.009756463657172877
fam79	0.05261338214358348	0.030201342281879193	0.08971557392714492	0.0004314285714285714	0.0	0.0005063998581422891	0.004375238095238095	0.0	0.010113892199321739	407568	0.0013749873622485088
fam61	0.17239946217322955	0.20754716981132076	0.06635303949484161	0.005013333333333333	0.0044	0.007211354362810896	0.025548571428571427	0.0212	0.03356590990101405	335562	0.009492063492063493
fam58	0.25852611578741586	0.25493421052631576	0.03393679380433282	0.008308571428571429	0.0088	0.006477979024734332	0.033159047619047616	0.0295	0.027755345071631726	320875	0.014564056270217408
fam144	0.03228709403163164	0.021588182545260657	0.02397847689737356	0.0013809523809523811	0.0014	0.0011548733377751235	0.053022857142857135	0.0331	0.04814850293304951	229101	0.011866338076688663
fam13	0.35149950857095147	0.35064935064935066	0.1109372610903346	0.005053333333333333	0.0081	0.004252261396495632	0.015006666666666665	0.0231	0.01362592254048749	79961	0.006888681398485319
fam91	0.17056475361560108	0.1945945945945946	0.20080610082260353	0.0024685714285714285	0.0	0.0034175823893148652	0.023305714285714287	0.037	0.02135352687974709	492569	0.0070838252656434475
fam113	0.0	0.0	0.0	0.0	0.0	0.0	0.004013333333333333	0.0	0.01023203249060952	376683	0.0008385744234800839
fam168	0.07526320378481047	0.0	0.12071328069440856	0.0012019047619047619	0.0	0.0014004748142024616	0.018829523809523813	0.0196	0.015970853952238084	90005	0.006071645415907711
fam99	0.434899297627922	0.4592	0.0396209047666381	0.012378095238095238	0.0051	0.012323720688573611	0.02564666666666667	0.0	0.029901368233280268	442335	0.02215320910973085
fam103	0.3828139212993683	0.31	0.320499162454532	0.004248571428571428	0.0031	0.004991289828256806	0.006172380952380953	0.0	0.008036043746332553	433244	0.004650122959982115
fam11	0.03474268799176887	0.0	0.05203811122497224	0.0010542857142857142	0.0	0.0018336031959701937	0.02133047619047619	0.0292	0.02097464738932638	76657	0.005349794238683128
fam4	0.04786361752367403	0.05410122164048866	0.02149592628070176	0.0014742857142857142	0.0016	0.0013340256705910566	0.029660952380952385	0.0391	0.022622557201409963	32059	0.008200123394469684
fam149	0.0387941396586387	0.0	0.06139097274932553	0.000981904761904762	0.0	0.0011282334233643193	0.013873333333333335	0.0	0.02392133244682967	190113	0.0037867463876432484
fam161	0.0	0.0	0.0	0.0	0.0	0.0	0.021013333333333332	0.0394	0.019656173471852438	128716	0.00507936507936508
fam28	0.39870689655172437	0.31896551724137934	0.13811612043113894	0.0020438095238095246	0.0	0.0025006636760791477	0.004860952380952381	0.0	0.005723477052383541	156618	0.0027210884353741495
fam32	0.21499013806706113	0.21499013806706113	0.0	0.007905494505494506	0.0	0.01048059811477267	0.03677142857142857	0.0	0.04874920407513525	169920	0.014632735685367264
fam151	0.20945544676535008	0.17194570135746606	0.109172281416632	0.00498	0.0061	0.003639162645706394	0.025426666666666667	0.0357	0.018525073184954936	153164	0.01051976346093993
fam57	nan	nan	nan	0.0	0.0	0.0	0.0	0.0	0.0	317814	0.0
fam39	0.6724609891149834	0.7474747474747474	0.19414302545346904	0.004548571428571428	0.0074	0.0034390506521066394	0.0074704761904761914	0.0097	0.006294637533488687	191461	0.005109420494035879
fam34	0.1324921135646688	0.13249211356466878	2.7755575615628914e-17	0.0017599999999999996	0.0	0.0020722934155181787	0.013283809523809524	0.0	0.01564088125522054	185458	0.004108309990662931
fam121	0.277639768791087	0.2663551401869159	0.09618066299602754	0.004581904761904762	0.0034	0.004952724713343938	0.016297142857142857	0.0171	0.017024466747220333	356638	0.008639636225843123
fam147	0.0039273441335297005	0.0	0.01416024064983403	0.00021333333333333336	0.0	0.0005438954147832305	0.003892380952380952	0.0	0.009923667671045392	196441	0.0011150935882118678
fam118	0.1669024045261669	0.15841584158415842	0.016250530824718612	0.001401904761904762	0.0	0.002226848336716991	0.005386666666666666	0.0	0.013733359223276566	359622	0.002496637072908259
fam128	0.08058460076491261	0.07121661721068248	0.011397007100240037	0.0018895238095238095	0.0024	0.0015303858094034924	0.021843809523809526	0.0337	0.018830329758686162	315881	0.007001825120292019
fam24	0.06080418674354928	0.06643356643356643	0.029195484468074046	0.0010133333333333333	0.0019	0.0009478865379827318	0.017116190476190476	0.0227	0.01281954700789105	115142	0.005004035512510088
fam152	0.027205112106834593	0.01847575057736721	0.013630291991236188	0.0006533333333333335	0.0008	0.0005707249636444722	0.023457142857142853	0.033	0.020320254296978604	142541	0.0061960715021939505
fam20	0.1447550647207629	0.09543010752688173	0.19633325210891914	0.003366666666666667	0.0018	0.0030772488228059036	0.030872380952380953	0.0	0.03620044592000568	96778	0.009330236159504452
fam33	0.22077580852234263	0.24604966139954854	0.05650693823908439	0.004302857142857143	0.0	0.005027438183993668	0.01958380952380952	0.0	0.02180057720428313	176716	0.00779933372525965
fam22	0.0	0.0	0.0	0.0	0.0	0.0	0.005657142857142858	0.0	0.006660943121308432	103880	0.0015520282186948851
fam37	0.08344520440551335	0.09392265193370164	0.08514262978335363	0.0020076190476190476	0.0	0.0028425238697526146	0.023851428571428576	0.0361	0.017609813899591084	189978	0.01904761904761905
fam141	0.2834458834866144	0.2304038004750594	0.11201821399761958	0.005209523809523809	0.0064	0.003671006707898135	0.020221904761904767	0.0257	0.01564108741166998	243023	0.008643262657861198
fam172	1.3832647830904656	1.1466275659824048	0.8997760231928268	0.019934285714285717	0.0175	0.016523874955270478	0.01595142857142857	0.0225	0.013431697508475378	40765	0.029005367134863534
fam136	0.6332488030445648	0.4980237154150198	0.5935434437804097	0.012432967032967035	0.0125	0.010122188172253941	0.02475164835164835	0.0274	0.02152948585125062	262743	0.07857333638583638
fam49	0.03360591539657288	0.05284552845528455	0.025840991358966177	0.0008914285714285713	0.0	0.001234126973919257	0.023414285714285714	0.0069	0.02493714929509759	255314	0.006902086677367575
fam138	0.012021656288422384	0.0	0.02125372985850002	0.0002666666666666667	0.0	0.0006798692684790379	0.027476190476190473	0.0339	0.02681206382283746	258971	0.005337014032666207
fam59	0.0	0.0	0.0	0.0	0.0	0.0	0.002	0.0	0.005099019513592784	330185	0.051536643026004726
fam70	0.6782524221037258	0.3869346733668342	0.3979904294023891	0.00839142857142857	0.0092	0.005816513671652204	0.01772	0.0096	0.018977833686397706	378467	0.01044973544973545
fam160	0.01781806814629572	0.0	0.06424395833118081	0.0015076190476190476	0.0	0.003843700975389295	0.005783809523809524	0.0	0.014747752847771654	128942	0.0024024024024024023
fam125	0.1473471851714797	0.13884555382215288	0.019743143404950543	0.005339047619047619	0.0089	0.004726450298723541	0.03615809523809524	0.0641	0.031098282852464413	339027	0.01184748813614793
fam42	0.0	0.0	0.0	0.0	0.0	0.0	0.010266666666666665	0.0	0.01208837825718938	192280	0.002217183169564122
fam173	0.09366025441417897	0.08268933539412675	0.022327011913257276	0.006665714285714286	0.0053	0.005170793962640712	0.06789523809523809	0.0846	0.06066378755222431	30763	0.01837301587301587
fam56	0.1771667072866272	0.16113744075829384	0.1821348036988631	0.0017527472527472528	0.0	0.0019470654537466817	0.009043956043956044	0.0103	0.00700419354436034	315853	0.026968200881244363
fam120	0.07641684643907887	0.07335907335907337	0.03599013296169824	0.0012666666666666668	0.0019	0.0011628918523738398	0.019407619047619045	0.0172	0.016404701389065243	357826	0.006645667346056451
fam105	0.12133602676005117	0.13550600343053176	0.033313488473610035	0.007390476190476192	0.0079	0.005862463707829976	0.06655238095238095	0.0583	0.056337322645849036	422677	0.017174481542297632
fam51	0.08590467381375969	0.08045325779036828	0.013601249800468465	0.007253333333333334	0.0114	0.00628032554004081	0.08975619047619048	0.1452	0.07952553339448912	287199	0.020991253644314867
fam3	nan	nan	nan	0.0010666666666666667	0.0	0.0027194770739161515	0.0	0.0	0.0	16784	0.0009070294784580498
fam132	0.2676659528907922	0.2676659528907923	1.1102230246251565e-16	0.0016666666666666668	0.0	0.004249182927993988	0.006226666666666666	0.0	0.015874947418985538	297566	0.0028282828282828287
fam108	0.15755399636986622	0.1607717041800643	0.0537863211953558	0.004613333333333334	0.005	0.0037003749273789278	0.027380952380952377	0.0353	0.020533485289657708	389324	0.010043942247332077
fam14	0.0	0.0	0.0	0.0	0.0	0.0	0.02235047619047619	0.0387	0.01990135254465324	80626	0.004659498207885304
fam64	0.16374756071084406	0.0	0.2217329847369139	0.004942857142857143	0.0	0.008616240005752783	0.028518095238095235	0.0428	0.021055205355501958	359751	0.12400793650793651
fam97	0.138934852199603	0.15187376725838264	0.11399305040957797	0.003482857142857143	0.0019	0.0037902747015124334	0.023360952380952385	0.0048	0.0250624496018516	446963	0.008825660277942435
fam156	0.0	0.0	0.0	0.0	0.0	0.0	0.027377142857142857	0.034	0.02240342770178518	132321	0.006401249024199844
fam135	0.1731826252612829	0.1053740779768177	0.2226469705223633	0.0071342857142857145	0.01	0.0061891583945358096	0.05041999999999999	0.0949	0.04789915080269219	266771	0.017466131751846036
