fam	avg_dnds	med_dnds	SDdnds	dn	med_dn	SDdn	ds	med_ds	SDds	loc	Pi
fam158	nan	nan	nan	0.0016545454545454545	0.0	0.0021533752096159252	0.0	0.0	0.0	68008	0.006149732620320855
fam62	nan	nan	nan	0.0	0.0	0.0	0.0	0.0	0.0	399007	0.0
fam150	nan	nan	nan	0.0	0.0	0.0	0.0	0.0	0.0	91409	0.030094043887147332
fam155	0.0	0.0	0.0	0.0	0.0	0.0	0.020999999999999994	0.0	0.03184807686501651	77898	0.004208754208754209
fam43	nan	nan	nan	0.0	0.0	0.0	0.0	0.0	0.0	229972	0.0
fam124	0.0	0.0	0.0	0.0	0.0	0.0	0.007633333333333334	0.0	0.017068652228248396	234695	0.0015576323987538938
fam116	0.0	0.0	0.0	0.0	0.0	0.0	0.0077909090909090905	0.0	0.012413552311555926	242821	0.0013497039359108324
fam74	0.13653136531365312	0.13653136531365315	2.7755575615628914e-17	0.0018500000000000003	0.0	0.004136725758374611	0.01355	0.0	0.03029872109512215	471893	0.004273504273504273
fam44	0.07611548556430445	0.07611548556430445	0.0	0.0005272727272727272	0.0	0.0011185143629678118	0.006927272727272727	0.0	0.014694964561749525	232574	0.00202020202020202
fam15	0.0	0.0	0.0	0.0	0.0	0.0	0.009300000000000001	0.0	0.020795432190748045	108768	0.0014245014245014248
fam17	0.2550143266475645	0.25501432664756446	5.551115123125783e-17	0.0014833333333333332	0.0	0.0033168341666246883	0.005816666666666667	0.0	0.013006462069123778	109968	0.002558479532163742
fam90	nan	nan	nan	0.0002969696969696969	0.0	0.0004773568949353642	0.0	0.0	0.0	560123	0.0002401313751007003
fam77	0.031561461794019925	0.03156146179401993	6.938893903907228e-18	0.0003166666666666667	0.0	0.0007080881928749334	0.010033333333333332	0.0	0.022435215374247884	498359	0.0022522522522522522
fam78	0.31963470319634707	0.31963470319634707	0.0	0.0011666666666666665	0.0	0.002608745973749755	0.00365	0.0	0.008161648117874233	499899	0.0016666666666666668
fam36	0.25839793281653745	0.2583979328165375	5.551115123125783e-17	0.0016666666666666668	0.0	0.003726779962499649	0.006449999999999999	0.0	0.014422638454873642	189595	0.0026246719160104987
fam16	0.021410579345088162	0.021410579345088162	0.0	0.0002833333333333333	0.0	0.0006335525936249404	0.013233333333333335	0.0	0.02959063290224722	109463	0.0021645021645021645
fam126	0.029900332225913616	0.029900332225913623	6.938893903907228e-18	0.0005454545454545455	0.0	0.0008272227757147145	0.01824242424242424	0.0	0.027666006165569898	229191	0.004280089025851738
fam112	nan	nan	nan	0.0	0.0	0.0	0.0	0.0	0.0	264562	0.0
fam35	nan	nan	nan	0.0005636363636363636	0.0	0.0011956532845517987	0.0	0.0	0.0	189053	0.02597402597402598
fam26	0.04931972789115646	0.04931972789115646	0.0	0.0008787878787878787	0.0	0.0013327478053181514	0.017818181818181816	0.0	0.027022610673347346	145145	0.004651780967570441
fam130	0.13062098501070668	0.13062098501070665	2.7755575615628914e-17	0.0010166666666666668	0.0	0.0022733357771247864	0.007783333333333334	0.0	0.017404062424873364	225010	0.0023809523809523807
fam148	0.042242079610073105	0.04224207961007311	6.938893903907228e-18	0.0008666666666666665	0.0	0.0019379255804998178	0.02051666666666667	0.0	0.045876661338370685	97057	0.004809286898839137
fam48	0.0	0.0	0.0	0.0	0.0	0.0	0.005436363636363636	0.0	0.011532268776806057	261802	0.0012121212121212121
fam2	0.0816326530612245	0.0	0.12907255755789304	0.00032727272727272726	0.0	0.00039333286641425337	0.0009348484848484849	0.0	0.0014121220249705031	25389	0.0004634358566942836
fam5	0.0	0.0	0.0	0.0	0.0	0.0	0.005633333333333333	0.0	0.012596516273248815	62814	0.0011337868480725624
fam153	0.0	0.0	0.0	0.0	0.0	0.0	0.01615151515151515	0.0	0.024494985525330158	84734	0.0028453549580310144
fam84	0.0	0.0	0.0	0.0	0.0	0.0	0.006350000000000001	0.0	0.014199031657123665	521687	0.0007407407407407407
fam100	0.02402225495009	0.03711340206185567	0.030420372648227594	0.00030000000000000003	0.0	0.000670820393249937	0.012659090909090908	0.0	0.019260958921286684	336395	0.0028705862039195367
fam102	nan	nan	nan	0.0	0.0	0.0	0.0	0.0	0.0	329179	0.0
fam71	0.025812619502868072	0.025812619502868072	0.0	0.000490909090909091	0.0	0.0010413754413838244	0.019018181818181816	0.0	0.0403436559884252	447845	0.0033208800332088003
fam31	0.04348293613146187	0.03389830508474576	0.010462728657442903	0.0010199999999999999	0.0	0.0014043309633221988	0.024959999999999996	0.0	0.03596249864916104	178306	0.005700360245814791
fam129	0.12261457550713749	0.11900826446280992	0.007650140983535901	0.0015636363636363634	0.0	0.0026748908991422525	0.010083333333333333	0.0	0.02254701877312288	226382	0.003065849106904825
fam143	nan	nan	nan	0.0	0.0	0.0	0.0	0.0	0.0	140100	0.0
fam6	0.13631481300654227	0.13533834586466165	0.13307746179767846	0.0003	0.0	0.000670820393249937	0.002201515151515152	0.0	0.003321668639825582	68383	0.0006944444444444444
fam73	0.0	0.0	0.0	0.0	0.0	0.0	0.009716666666666667	0.0	0.021727127181372957	461445	0.001893939393939394
fam117	0.0	0.0	0.0	0.0	0.0	0.0	0.006227272727272728	0.0	0.009910195935049639	242257	0.0008746684724338354
fam30	0.0	0.0	0.0	0.0	0.0	0.0	0.003116666666666667	0.0	0.006969078529874345	168380	0.000603864734299517
fam94	nan	nan	nan	0.0	0.0	0.0	0.0	0.0	0.0	584723	0.0
fam166	0.0	0.0	0.0	0.0	0.0	0.0	0.004454545454545454	0.0	0.006755652668336836	36779	0.0009712509712509714
fam53	0.06161530338205453	0.05560619872379216	0.038639140744361575	0.0010166666666666668	0.0	0.0016380497766267882	0.02134393939393939	0.0	0.034463635331153784	310246	0.004157739006223855
fam19	0.259433962264151	0.25943396226415094	5.551115123125783e-17	0.0018333333333333333	0.0	0.004099457958749614	0.007066666666666667	0.0	0.015801547040998513	113782	0.002886002886002886
fam123	0.09020618556701031	0.09020618556701031	0.0	0.0005833333333333334	0.0	0.0013043729868748774	0.006466666666666667	0.0	0.014459906254498639	238518	0.0014619883040935672
fam109	0.2723880597014926	0.27238805970149255	5.551115123125783e-17	0.002389090909090909	0.0	0.003425289515422428	0.008770909090909091	0.0	0.01257503548127686	271707	0.00343980343980344
fam10	0.04222222222222223	0.042222222222222223	6.938893903907228e-18	0.0005757575757575757	0.0	0.0008731795965877543	0.013636363636363637	0.0	0.020680569392867863	78047	0.003156565656565656
fam7	0.09969788519637461	0.09969788519637462	1.3877787807814457e-17	0.0011	0.0	0.0024596747752497683	0.011033333333333332	0.0	0.02467128335174768	68934	0.00273224043715847
fam63	0.0	0.0	0.0	0.0	0.0	0.0	0.0013818181818181818	0.0	0.002931279020191506	400685	0.00027056277056277056
fam145	0.0	0.0	0.0	0.0	0.0	0.0	0.00585	0.0	0.01308099766837377	125933	0.0009578544061302683
fam38	0.06763285024154587	0.06763285024154589	1.3877787807814457e-17	0.0009333333333333333	0.0	0.0020869967789998033	0.013800000000000002	0.0	0.030857738089497096	208775	0.0034608378870673953
fam106	0.0	0.0	0.0	0.0	0.0	0.0	0.013159090909090907	0.0	0.020791380624298684	301583	0.0020072520072520073
fam45	0.03995425463786394	0.034013605442176874	0.028776825688390857	0.001293939393939394	0.0013	0.00103731570657866	0.014568181818181815	0.0	0.02671384364236566	249137	0.006393237511062285
fam12	0.046476761619190406	0.046476761619190406	0.0	0.0005166666666666667	0.0	0.0011553017883748913	0.011116666666666667	0.0	0.02485762234987266	94468	0.002593502593502593
fam55	0.0	0.0	0.0	0.0	0.0	0.0	0.0027	0.0	0.006037383539249432	316640	0.0006313131313131314
fam82	0.0	0.0	0.0	0.0	0.0	0.0	0.0054	0.0	0.012074767078498864	518748	0.0009678668215253581
fam95	nan	nan	nan	0.00038333333333333334	0.0	0.0008571593913749194	0.0	0.0	0.0	586854	0.00028935185185185184
fam167	nan	nan	nan	0.0	0.0	0.0	0.0	0.0	0.0	34627	0.0
fam127	nan	nan	nan	0.0	0.0	0.0	0.0	0.0	0.0	228876	0.0
fam165	nan	nan	nan	0.0005666666666666666	0.0	0.0012671051872498809	0.0	0.0	0.0	37836	0.00043917435221783044
fam80	nan	nan	nan	0.0009090909090909092	0.0	0.0013787046261911908	0.0	0.0	0.0	516353	0.0007373000073730001
fam171	0.22797582906872518	0.16393442622950818	0.06875085571785412	0.0011636363636363637	0.0	0.002160501931274611	0.006642424242424242	0.0	0.013310579758860547	6967	0.0023996874825604106
fam159	0.0	0.0	0.0	0.0	0.0	0.0	0.01970181818181818	0.0	0.028246908058689058	66174	0.003811828770231432
fam83	0.2054176072234763	0.20541760722347632	2.7755575615628914e-17	0.0015166666666666666	0.0	0.0033913697658746814	0.007383333333333333	0.0	0.016509635233873447	520880	0.002688172043010753
fam111	0.0	0.0	0.0	0.0	0.0	0.0	0.012272727272727274	0.0	0.01861251245358108	264682	0.002463661000246366
fam85	nan	nan	nan	0.0	0.0	0.0	0.0	0.0	0.0	525897	0.0
fam46	0.0	0.0	0.0	0.0	0.0	0.0	0.007787878787878788	0.0	0.011810902964371204	256087	0.0011349449551696744
fam110	0.0435967302452316	0.043596730245231606	6.938893903907228e-18	0.00048484848484848484	0.0	0.0007353091339686353	0.011121212121212122	0.0	0.016866153260405574	267044	0.0026681913474366306
fam87	0.753267669518916	1.1323529411764708	0.5128861385122939	0.010061818181818184	0.0	0.014426118874635822	0.011174545454545454	0.0	0.013178649650535905	534983	0.038187181550013403
fam76	0.06387921022067365	0.06387921022067364	1.3877787807814457e-17	0.0009166666666666666	0.0	0.002049728979374807	0.01435	0.0	0.03208757547712198	489147	0.003155621989702707
fam131	0.04015339499210466	0.03846153846153846	0.0027627901452551085	0.0007121212121212121	0.0004	0.0011530611631278204	0.013433333333333334	0.0	0.03003784649774718	219793	0.0028907134456644798
fam122	0.0	0.0	0.0	0.0	0.0	0.0	0.012869696969696968	0.0	0.022161473324401798	240137	0.002410468319559229
fam163	nan	nan	nan	0.0	0.0	0.0	0.0	0.0	0.0	49829	0.0
fam114	nan	nan	nan	0.0	0.0	0.0	0.0	0.0	0.0	262883	0.0
fam96	0.14413551010648723	0.051175656984785614	0.10055852505999754	0.0009327272727272731	0.0	0.0013997473207630982	0.014178181818181817	0.0	0.027166327358492177	375971	0.0034594309104113027
fam27	0.04825082906098908	0.05025125628140703	0.01327324263204096	0.0011621212121212122	0.0	0.0014324978345232088	0.019004545454545455	0.0	0.028712553646699564	146427	0.005259491466388018
fam50	nan	nan	nan	0.0	0.0	0.0	0.0	0.0	0.0	270179	0.0
fam133	nan	nan	nan	0.0	0.0	0.0	0.0	0.0	0.0	200651	0.0
fam29	0.0	0.0	0.0	0.0	0.0	0.0	0.010831818181818184	0.0	0.017110666167458672	165229	0.0023722069176614633
fam146	nan	nan	nan	0.0004166666666666667	0.0	0.0009316949906249123	0.0	0.0	0.0	115951	0.0003429355281207134
fam107	0.11132212982897889	0.1367127496159754	0.03766068435468666	0.0028227272727272728	0.0013	0.0033019184255908256	0.01976969696969697	0.0	0.028992417868255946	300292	0.005720788128195536
fam92	0.20141342756183747	0.20141342756183747	0.0	0.0019000000000000002	0.0	0.0042485291572496005	0.009433333333333334	0.0	0.021093574587748017	568003	0.003303303303303303
fam75	nan	nan	nan	0.0004333333333333333	0.0	0.0009689627902499089	0.0	0.0	0.0	480353	0.0003408316291751875
fam79	0.0	0.0	0.0	0.0	0.0	0.0	0.007616666666666666	0.0	0.017031384428623397	507010	0.0013354700854700853
fam61	0.0	0.0	0.0	0.0	0.0	0.0	0.0028499999999999997	0.0	0.006372793735874401	397368	0.000591016548463357
fam58	nan	nan	nan	0.0	0.0	0.0	0.0	0.0	0.0	379604	0.0
fam91	0.027797576621525308	0.0277975766215253	6.938893903907228e-18	0.0006499999999999999	0.0	0.001453444185374863	0.02338333333333334	0.0	0.05228672287387008	567444	0.004135203164329378
fam113	nan	nan	nan	0.0	0.0	0.0	0.0	0.0	0.0	264328	0.0
fam140	nan	nan	nan	0.0	0.0	0.0	0.0	0.0	0.0	142344	0.0
fam168	0.0	0.0	0.0	0.0	0.0	0.0	0.0022181818181818184	0.0	0.0047054742166232075	34095	0.0003961180431768668
fam99	nan	nan	nan	0.0	0.0	0.0	0.0	0.0	0.0	343768	0.0
fam11	0.0	0.0	0.0	0.0	0.0	0.0	0.018272727272727274	0.0	0.027711962986442934	82041	0.0020614306328592042
fam28	0.08390022675736962	0.08390022675736962	0.0	0.0011212121212121212	0.0	0.001700402372302469	0.013363636363636364	0.0	0.02026695800501051	149492	0.004139758238118893
fam32	0.03233268463062441	0.06022187004754358	0.031019625210844944	0.0006333333333333333	0.0	0.0014161763857498668	0.015901515151515153	0.0	0.024368947530923897	179362	0.0031923003621116826
fam57	nan	nan	nan	0.0008727272727272727	0.0	0.0013235564411435434	0.0	0.0	0.0	332825	0.07892976588628761
fam104	0.0	0.0	0.0	0.0	0.0	0.0	0.005272727272727273	0.0	0.007996486831908909	322087	0.007551707551707552
fam34	0.12162162162162164	0.12162162162162163	0.04054054054054054	0.001409090909090909	0.0	0.002229127242770769	0.011212121212121211	0.0	0.01700402372302469	180993	0.0032828282828282827
fam121	0.0	0.0	0.0	0.0	0.0	0.0	0.005199999999999999	0.0	0.011627553482998907	240407	0.0009107468123861568
fam118	nan	nan	nan	0.0005166666666666667	0.0	0.0011553017883748913	0.0	0.0	0.0	241852	0.00042735042735042735
fam128	nan	nan	nan	0.0	0.0	0.0	0.0	0.0	0.0	228570	0.0
fam24	0.3645287958115183	0.3645287958115183	0.017670157068062825	0.009161818181818182	0.0	0.01306217983909119	0.025003636363636363	0.0	0.035848235476475816	137717	0.013047910295616718
fam152	nan	nan	nan	0.0002333333333333333	0.0	0.0005217491947499509	0.0	0.0	0.0	86984	0.00018214936247723133
fam54	0.0168990493938083	0.024691358024691357	0.01620550211175513	0.00023333333333333333	0.0	0.0005217491947499509	0.009359090909090907	0.0	0.016184672671283287	311189	0.002256944444444444
fam20	0.0	0.0	0.0	0.0	0.0	0.0	0.003916666666666666	0.0	0.008757932911874176	121549	0.0007507507507507507
fam33	0.01657357508675737	0.028277634961439594	0.01582101542723799	0.00018333333333333334	0.0	0.00040994579587496147	0.011634848484848484	0.0	0.017071556109720817	180559	0.002417118286135918
fam22	nan	nan	nan	0.0	0.0	0.0	0.0	0.0	0.0	125821	0.0
fam141	nan	nan	nan	0.0	0.0	0.0	0.0	0.0	0.0	141838	0.0
fam172	0.023728813559322038	0.023728813559322035	3.469446951953614e-18	0.0006363636363636363	0.0	0.0009650932383338337	0.026818181818181817	0.0	0.04067178647264014	4869	0.004835589941972921
fam169	0.31147540983606564	0.3114754098360656	5.551115123125783e-17	0.0009500000000000001	0.0	0.0021242645786248003	0.00305	0.0	0.006820007331374359	28715	0.0014430014430014432
fam49	0.0	0.0	0.0	0.0	0.0	0.0	0.02085757575757576	0.0	0.03137624106252943	263027	0.004856254856254856
fam59	nan	nan	nan	0.0	0.0	0.0	0.0	0.0	0.0	379950	0.01851851851851852
fam70	0.05294705294705295	0.05294705294705295	0.0	0.0009636363636363638	0.0	0.0020441814219756558	0.018199999999999997	0.0	0.03860803025278549	443465	0.004257450538442275
fam125	0.0	0.0	0.0	0.0	0.0	0.0	0.02227272727272727	0.0	0.03377826334168418	233821	0.004440004440004439
fam56	0.05093969614790189	0.028169014084507043	0.027206687195674185	0.0008939393939393939	0.0	0.0013560055854759804	0.023259090909090906	0.0	0.03925138089550299	326498	0.00605391664994314
fam120	0.051372727429065464	0.09389671361502348	0.04990681192420295	0.0006666666666666666	0.0	0.00149071198499986	0.013372727272727274	0.0	0.01964888419574356	240788	0.0034137673026561916
fam105	nan	nan	nan	0.0	0.0	0.0	0.0	0.0	0.0	321918	0.0
fam51	0.028720626631853784	0.028720626631853787	3.469446951953614e-18	0.00019999999999999998	0.0	0.0004242640687119285	0.006963636363636364	0.0	0.014772103483333509	281270	0.00122260064623177
fam3	0.0	0.0	0.0	0.0	0.0	0.0	0.002	0.0	0.004472135954999579	38411	0.0004830917874396135
fam72	0.0233196159122085	0.0233196159122085	0.0	0.0002833333333333333	0.0	0.0006335525936249404	0.012150000000000001	0.0	0.027168225926622446	451877	0.002546296296296296
fam108	0.03986332574031891	0.03986332574031891	0.0	0.0010606060606060607	0.0	0.0016084887305563894	0.02660606060606061	0.0	0.040350088726528864	273699	0.005202236961893614
fam14	0.05803571428571428	0.05803571428571428	0.0	0.0010833333333333333	0.0	0.0024224069756247726	0.018666666666666665	0.0	0.04173993557999608	105178	0.004139433551198257
fam64	0.03874451637908365	0.06692913385826772	0.036976544798891765	0.0008500000000000001	0.0	0.0019006577808748214	0.01257878787878788	0.0	0.025380895434878113	406790	0.0029721079103795156
fam156	0.1872146118721461	0.18721461187214614	2.7755575615628914e-17	0.0007454545454545456	0.0	0.0015813478924717335	0.003981818181818181	0.0	0.008446711913446576	76031	0.0013774104683195593
