fam	avg_dnds	med_dnds	SDdnds	dn	med_dn	SDdn	ds	med_ds	SDds	loc	Pi
fam62	0.02321190042501518	0.03015873015873016	0.024817136986302467	0.0006444444444444444	0.0	0.0008453942027389894	0.016325	0.0	0.02599080366206478	512169	0.0019544610573634324
fam150	0.008791208791208791	0.008791208791208791	0.008791208791208791	0.0008888888888888889	0.0016	0.0007950463919999252	0.020322222222222224	0.0	0.03801998824530117	82272	0.0026907249129471352
fam43	0.17834215167548498	0.04482758620689655	0.18127934929263015	0.001472222222222222	0.0013	0.001203608258324183	0.019074999999999995	0.0	0.03363760606325406	343720	0.0035514967021816335
fam124	nan	nan	nan	0.0029866666666666665	0.0032	0.0028937941261334478	0.0	0.0	0.0	200245	0.002571166207529844
fam157	0.08620689655172414	0.08620689655172414	0.08620689655172414	0.001177777777777778	0.0015	0.0009646850698288107	0.0019333333333333331	0.0	0.003616935473881476	4824	0.0013071895424836598
fam116	0.0	0.0	0.0	0.0	0.0	0.0	0.0028	0.0	0.005600000000000001	228026	0.00043010752688172043
fam69	0.0	0.0	0.0	0.0	0.0	0.0	0.00424	0.0	0.00848	530436	0.000641025641025641
fam74	0.20713512012358926	0.18900343642611683	0.19085100909477745	0.00146	0.0	0.0022374986033515194	0.005659999999999999	0.0	0.007581861395608747	538268	0.0019323671497584534
fam93	nan	nan	nan	0.0020622222222222222	0.0028	0.0017293915293329026	0.0	0.0	0.0	336745	0.0018803418803418808
fam44	0.14828918632157548	0.15591397849462366	0.09336898835187156	0.001413333333333333	0.0015	0.0009666896548990731	0.007148888888888889	0.0	0.011006031118784568	349999	0.0021802935010482184
fam15	0.06175298804780876	0.06175298804780876	0.0	0.00062	0.0	0.00124	0.01004	0.0	0.020079999999999997	102345	0.001639344262295082
fam17	0.008442512077294686	0.00966183574879227	0.003173513456563331	0.0011	0.0009	0.0008774964387392122	0.04143333333333333	0.0	0.07751489462605808	115652	0.004394224733207785
fam41	0.025951557093425608	0.025951557093425608	0.0	0.0003	0.0	0.0006	0.011559999999999999	0.0	0.023119999999999998	341341	0.001388888888888889
fam78	0.10177451874292646	0.125	0.0708435088352437	0.00228	0.002	0.002403109097259909	0.018586666666666668	0.0116	0.024929122639105364	553104	0.004504001488926111
fam36	0.030963952532579983	0.024943310657596373	0.01126358957232647	0.0006155555555555556	0.0011	0.0006487442761230879	0.008824444444444444	0.0	0.01764889868210926	313793	0.001403266620657925
fam16	0.10130391173520562	0.10130391173520562	0.0	0.00202	0.0	0.00404	0.01994	0.0	0.039880000000000006	114427	0.05414141414141412
fam126	nan	nan	nan	0.0	0.0	0.0	0.0	0.0	0.0	199798	0.0
fam112	0.06838704773487383	0.06573426573426575	0.0070186014560773904	0.0013972222222222222	0.0	0.001977018815050005	0.015883333333333333	0.0	0.02971501210574285	275304	0.0030358227079538553
fam115	0.22388059701492535	0.1791044776119403	0.07755451377174077	0.0007333333333333333	0.0012	0.0007086763875156434	0.001488888888888889	0.0	0.002785456054598378	234185	0.005354752342704151
fam35	0.048780487804878044	0.048780487804878044	0.0	0.00104	0.0	0.0020799999999999994	0.021320000000000002	0.0	0.04263999999999999	295252	0.0027972027972027976
fam130	nan	nan	nan	0.0018822222222222224	0.0	0.0026883525635922165	0.0	0.0	0.0	195224	0.0017241379310344825
fam148	0.00814098548093916	0.0	0.012139073341319615	0.0014800000000000002	0.0	0.0029599999999999995	0.060528888888888875	0.0092	0.11093691625268083	97467	0.0070717967158096615
fam48	nan	nan	nan	0.00245	0.0	0.003071237535587243	0.0	0.0	0.0	367274	0.0021250758955676987
fam2	0.15174613536086226	0.14525691699604742	0.00901296198741541	0.0029222222222222223	0.0	0.005212586855717136	0.02018666666666667	0.0	0.0364296192068426	11195	0.005012531328320802
fam68	0.17937622581280133	0.16082474226804122	0.03470664772043342	0.0029511111111111105	0.0039	0.0034169266387092637	0.009691111111111112	0.0	0.01938225789188799	530119	0.0038518518518518515
fam60	0.06999999999999999	0.06999999999999999	0.0	0.00042	0.0	0.0008399999999999999	0.006	0.0	0.011999999999999999	492224	0.001098901098901099
fam25	0.0	0.0	0.0	0.0	0.0	0.0	0.026540000000000005	0.0	0.05308	153875	0.003773584905660378
fam5	0.042356185973207255	0.040780141843971635	0.004457725964927011	0.0012222222222222224	0.0	0.0018767452782693158	0.022559999999999997	0.0	0.04512	17721	0.0030555555555555553
fam84	0.09494491844626776	0.10382513661202186	0.10814815271236514	0.0015266666666666662	0.0	0.00203845257214606	0.01558888888888889	0.0178	0.014027009219870105	409497	0.016717635066258923
fam100	nan	nan	nan	0.0005777777777777778	0.0	0.0010809232450680274	0.0	0.0	0.0	316307	0.0005216484089723526
fam23	0.03496791747888239	0.0	0.050919751554358905	0.0011333333333333334	0.0	0.0021202725191719	0.01961111111111111	0.0188	0.01911744081224986	138729	0.0032532532532532532
fam18	0.05709876543209877	0.05709876543209877	0.0	0.0007400000000000001	0.0	0.0014799999999999998	0.01296	0.0	0.02592	118117	0.0019801980198019802
fam71	0.12494139709329584	0.11181434599156119	0.014676489303796095	0.0019422222222222217	0.0013	0.002139209499780378	0.009479999999999999	0.0	0.018959999999999998	531800	0.0030131826741996233
fam137	0.11648079306071872	0.10037174721189591	0.036020921570628577	0.001971111111111111	0.0027	0.0016314441076982105	0.014346666666666667	0.0269	0.013420077827229203	192069	0.003059581320450886
fam129	0.22826840180771654	0.21126760563380284	0.06438785685350444	0.0024066666666666663	0.0015	0.002804551855664485	0.010524444444444446	0.0	0.015205439897258345	195592	0.015485564304461944
fam143	0.0	0.0	0.0	0.0	0.0	0.0	0.00612	0.0	0.01224	169678	0.000749063670411985
fam6	0.027822415803772052	0.026376677464136977	0.004089165535109365	0.0017177777777777777	0.0	0.002434318420593227	0.04321333333333333	0.0	0.08642667695155754	40718	0.00632603406326034
fam73	0.0	0.0	0.0	0.0	0.0	0.0	0.018959999999999998	0.0	0.037919999999999995	537620	0.00324074074074074
fam117	0.035582410204766705	0.0	0.0665685939909429	0.0018844444444444447	0.0	0.002537010975805589	0.006588888888888889	0.0	0.013177830241604389	227803	0.0025367833587011668
fam86	0.0	0.0	0.0	0.0	0.0	0.0	0.008620000000000001	0.0	0.017240000000000002	398964	0.000784313725490196
fam94	0.07279294240877476	0.07279294240877476	0.014517884133716498	0.0025	0.0025	0.0023570226039551583	0.01907777777777778	0.0	0.035691261855522925	334625	0.004540023894862604
fam53	0.0	0.0	0.0	0.0	0.0	0.0	0.01472	0.0	0.022429520230664267	425742	0.0026936026936026937
fam89	0.08557284299858557	0.0	0.2096098011858306	0.0026888888888888887	0.0	0.005030450486662743	0.007655555555555554	0.0	0.009597639884785463	363048	0.003518518518518518
fam142	0.025273481705016976	0.025273481705016976	0.0	0.00134	0.0	0.0026800000000000005	0.05302	0.0	0.10603999999999998	181568	0.005868544600938967
fam19	0.05120808832061349	0.04589114194236926	0.009947095845619246	0.0016422222222222224	0.0022	0.0018875603170805649	0.018713333333333335	0.0	0.0374268329173365	118690	0.003969715571925516
fam123	0.010837812144326166	0.0	0.016394445972357452	0.00046	0.0	0.0009200000000000001	0.02150444444444444	0.0112	0.02514214660291498	201029	0.002336721579623788
fam9	0.0664067439203972	0.06579954093343535	0.0017174293985497858	0.0018599999999999999	0.0	0.003420227412841953	0.026135555555555558	0.0	0.05227111866904688	56640	0.004361370716510904
fam109	0.01757689893283114	0.014527845036319613	0.005704257517277106	0.000995555555555556	0.0018	0.0010321402909715877	0.02478	0.0	0.04956	300484	0.0031189083820662767
fam10	nan	nan	nan	0.00168	0.0	0.0033599999999999997	0.0	0.0	0.0	90743	0.0014652014652014652
fam7	0.06597270140156054	0.07122905027932962	0.009833728302982818	0.0025800000000000007	0.005	0.002523718596744803	0.015995555555555555	0.0	0.03274999545754374	41420	0.004246913580246914
fam63	0.0733698357391737	0.0733698357391737	0.024589347934295663	0.0018666666666666666	0.0024	0.0015084944665313012	0.010911111111111111	0.0	0.020412874175352317	512625	0.0022675736961451243
fam81	0.04487172308583168	0.038204393505253106	0.008628125893030358	0.002105555555555556	0.002	0.001810608314665489	0.023375	0.0	0.043732560809996025	431612	0.0042132079169116205
fam38	0.04197084524346823	0.0	0.052577040824791026	0.00214	0.0	0.00428	0.02588888888888889	0.0187	0.038289489258206626	320931	0.0040954415954415945
fam106	nan	nan	nan	0.0	0.0	0.0	0.0	0.0	0.0	304463	0.0
fam12	0.0699847099683202	0.06004618937644342	0.014055190610956409	0.0012422222222222223	0.0013	0.0011613189606628584	0.008666666666666666	0.0	0.01733334615384141	99865	0.002004058853373922
fam52	0.013490962727723996	0.0	0.025384339604450717	0.00023999999999999998	0.0	0.0003199999999999999	0.022835555555555553	0.0123	0.029118639738952675	425423	0.0020908004778972525
fam55	nan	nan	nan	0.0024500000000000004	0.0023	0.0029550803711574413	0.0	0.0	0.0	464461	0.0073416611878150346
fam82	0.12837837837837837	0.12837837837837837	0.0	0.00266	0.0	0.00532	0.02072	0.0	0.04144	431182	0.004597701149425287
fam134	0.020949945937550403	0.03056768558951965	0.019887159670020114	0.00042	0.0	0.0008399999999999999	0.01372222222222222	0.0	0.021007246251275497	193485	0.0018518518518518521
fam95	0.030303030303030304	0.030303030303030304	0.0	0.0005555555555555556	0.0	0.0010393492741038726	0.018333333333333333	0.0	0.0342985260454278	333276	0.002485707183693761
fam127	nan	nan	nan	0.0010600000000000002	0.0	0.0015014659503298766	0.0	0.0	0.0	198390	0.0009389671361502347
fam80	0.07083523328366664	0.0528169014084507	0.07005498441333348	0.0008333333333333335	0.0015	0.0008692269873603533	0.008768888888888889	0.0093	0.008564573602208945	436643	0.0019462599854756712
fam83	0.06686635411240377	0.06320541760722348	0.010354692113225475	0.0016822222222222219	0.0	0.0023967838533138887	0.017715555555555554	0.0	0.035431122261245944	424283	0.004545454545454545
fam111	nan	nan	nan	0.0	0.0	0.0	0.0	0.0	0.0	282022	0.0
fam85	0.014981889142841869	0.013480392156862746	0.004246874802868	0.00043999999999999996	0.0	0.0005866666666666668	0.01631777777777778	0.0	0.032635558581869215	406788	0.001996007984031936
fam46	nan	nan	nan	0.0	0.0	0.0	0.0	0.0	0.0	359553	0.0
fam110	0.0	0.0	0.0	0.0	0.0	0.0	0.013220000000000003	0.0	0.02644	291318	0.001646090534979424
fam87	0.0399020833635709	0.026485788113695095	0.03809905748241018	0.001246666666666667	0.0008	0.0016529569464044328	0.03253777777777778	0.0	0.06179753065504905	391725	0.003924454255580084
fam76	nan	nan	nan	0.0	0.0	0.0	0.0	0.0	0.0	545846	0.0
fam21	0.03627785911826907	0.03367496339677892	0.007362100861548566	0.00078	0.0	0.0010607334988372694	0.01366	0.0	0.02732	123109	0.00196078431372549
fam131	0.016103751643239964	0.0	0.024753662818927092	0.00042	0.0	0.0008399999999999998	0.015993333333333335	0.0169	0.015753100576641345	194656	0.002098765432098765
fam154	0.018801036313043275	0.018776077885952713	7.059309217394589e-05	0.001002222222222222	0.0	0.0012865956610612864	0.028722222222222222	0.0	0.05744494132602641	25448	0.010688540889883172
fam122	0.016174652650937604	0.012404580152671754	0.034909712213491456	0.0005177777777777777	0.0	0.000686792509144708	0.022686666666666664	0.0	0.0417372287851825	203687	0.003090507726269316
fam27	0.035790598290598295	0.0	0.10123109901602284	0.0013399999999999998	0.0	0.00268	0.00416	0.0	0.008319999999999998	199645	0.0016064257028112453
fam133	0.07602339181286549	0.07602339181286549	0.0	0.0013	0.0	0.0025999999999999994	0.0171	0.0	0.0342	194046	0.003333333333333334
fam29	0.405982905982906	0.405982905982906	0.0	0.0018999999999999998	0.0	0.0038000000000000004	0.00468	0.0	0.00936	261912	0.002203856749311295
fam146	0.15046102741947204	0.12844036697247707	0.035619019546843614	0.0030444444444444447	0.0014	0.0044510450985286365	0.018517777777777782	0.0109	0.029028049950877117	114645	0.004650515176830966
fam107	0.27950702264623106	0.25136612021857924	0.03980986922217804	0.0017577777777777778	0.0015	0.001881310286758069	0.003651111111111111	0.0	0.0073023168993659425	302584	0.0019065478981090795
fam75	0.10162622177283451	0.09156976744186046	0.01422197410424914	0.00224	0.0021	0.002596613178738797	0.013773333333333334	0.0	0.02754669893512147	545569	0.0037037037037037034
fam79	0.00742242664421639	0.0	0.012128063447325685	0.00114	0.0	0.00228	0.047435555555555564	0.0088	0.08129510346210023	454515	0.005045351473922903
fam61	nan	nan	nan	0.0	0.0	0.0	0.0	0.0	0.0	508310	0.0
fam58	0.19210873063792624	0.08038147138964577	0.2115983472315499	0.0021822222222222225	0.0	0.002921893517634594	0.01837777777777778	0.0097	0.0285328885392815	488235	0.006682343719380756
fam13	0.0	0.0	0.0	0.0	0.0	0.0	0.01154	0.0	0.023079999999999996	100495	0.0014084507042253522
fam140	0.330188679245283	0.330188679245283	0.0	0.0014	0.0	0.0028000000000000004	0.004240000000000001	0.0	0.00848	187795	0.0017937219730941706
fam99	0.40870786516853935	0.5056179775280899	0.12511041708254295	0.0022249999999999995	0.0022	0.0015911866640969559	0.001977777777777778	0.0	0.003700083415809786	317085	0.0021903624054161693
fam103	0.02114285714285714	0.0	0.04228571428571429	0.0008222222222222222	0.0	0.0015382369256737314	0.01931111111111111	0.0347	0.01727261444821088	310328	0.02151675485008818
fam11	0.08408408408408408	0.0	0.09400886391891007	0.0029866666666666665	0.0056	0.0027937708487912097	0.005842222222222223	0.0	0.01168547985776249	92326	0.0034428794992175282
fam4	0.07844991847687079	0.11538461538461539	0.05975811937068755	0.001822222222222222	0.0019	0.002348889940081758	0.01303777777777778	0.0	0.020060323348328815	15634	0.0029856386999244137
fam149	nan	nan	nan	0.0023888888888888887	0.0043	0.0021366871784997987	0.0	0.0	0.0	90074	0.0019290123456790125
fam151	nan	nan	nan	0.00092	0.0	0.0018400000000000003	0.0	0.0	0.0	56583	0.000823045267489712
fam57	0.018836392117016997	0.0	0.028459931989004796	0.0007400000000000002	0.0	0.0014799999999999998	0.020344444444444443	0.0178	0.02270091095142861	485217	0.024656084656084654
fam39	0.11417322834645668	0.11417322834645668	0.0	0.00058	0.0	0.00116	0.00508	0.0	0.010159999999999997	321328	0.0010335917312661498
fam34	0.034578063191915476	0.0	0.048927923561550395	0.0031888888888888887	0.0	0.005965911394366504	0.03423333333333334	0.0078	0.055846018459490714	286807	0.018389917695473247
fam121	0.06875123009722361	0.04707792207792207	0.0706230886996988	0.0010311111111111111	0.0	0.0013881758169502275	0.012177777777777777	0.0	0.01756199038186844	211215	0.002413019079685747
fam147	0.03737413577329033	0.03637741568776051	0.0018646925352843137	0.0024000000000000002	0.0012	0.0037862910611837545	0.052797777777777784	0.0	0.1055955817444585	99847	0.006021505376344088
fam128	nan	nan	nan	0.0	0.0	0.0	0.0	0.0	0.0	196376	0.0
fam24	0.051330674302425786	0.04618117229129662	0.014564991167212776	0.00104	0.0	0.0013866666666666665	0.011257777777777776	0.0	0.022515559942097217	147848	0.0022675736961451248
fam152	0.26544294912874977	0.31722054380664655	0.07413179812753934	0.0057	0.0052	0.003807711473663238	0.006604444444444445	0.0	0.013208901973972882	54746	0.005805805805805807
fam54	0.13057324840764334	0.13057324840764334	0.0	0.0008200000000000001	0.0	0.0016400000000000002	0.006279999999999999	0.0	0.01256	426016	0.011228070175438597
fam101	nan	nan	nan	0.0	0.0	0.0	0.0	0.0	0.0	315820	0.0
fam20	0.02108433734939759	0.02108433734939759	0.0	0.00042	0.0	0.0008399999999999999	0.01992	0.0	0.03984000000000001	119237	0.0025782688766114174
fam33	0.04794520547945205	0.04794520547945205	0.0	0.00046666666666666666	0.0	0.0008730533902472531	0.009733333333333333	0.0	0.018209399282299844	283228	0.0016369961121342337
fam22	0.0	0.0	0.0	0.0	0.0	0.0	0.017240000000000002	0.0	0.034480000000000004	123408	0.0013468013468013467
fam139	0.12903225806451613	0.12903225806451613	0.0	0.0008000000000000001	0.0	0.0015999999999999999	0.006200000000000001	0.0	0.0124	189105	0.0014184397163120564
fam37	0.0	0.0	0.0	0.0	0.0	0.0	0.011844444444444444	0.0	0.022158926523894566	317451	0.0010582010582010583
fam141	nan	nan	nan	0.0	0.0	0.0	0.0	0.0	0.0	187412	0.0
fam136	0.0	0.0	0.0	0.0	0.0	0.0	0.0293	0.0282	0.028769119246550148	192485	0.00392156862745098
fam49	0.07495429616087752	0.07495429616087752	0.0	0.0009111111111111112	0.0	0.0017045328095303513	0.012155555555555555	0.0	0.022740962117392734	418279	0.0020128824476650566
fam138	nan	nan	nan	0.0	0.0	0.0	0.0	0.0	0.0	190599	0.0
fam59	0.2587336994335301	0.2489451476793249	0.01831270348847049	0.0030711111111111117	0.002	0.004683617890393053	0.009466666666666667	0.0	0.018933415492779486	490820	0.0039063939561452005
fam70	0.03338945005611672	0.0	0.09443962621907874	0.0023977777777777778	0.0	0.00479557615071265	0.007902222222222224	0.0	0.01580445069366206	530719	0.002867383512544803
fam160	0.0	0.0	0.0	0.0	0.0	0.0	0.017031111111111108	0.0174	0.022234815764893702	6744	0.00292218824328916
fam125	nan	nan	nan	0.0021999999999999997	0.0	0.004399999999999999	0.0	0.0	0.0	200094	0.0018018018018018018
fam42	nan	nan	nan	0.0017422222222222218	0.0023	0.0020198447562885056	0.0	0.0	0.0	341874	0.0016041519226232602
fam1	0.061069541192779235	0.05888125613346418	0.004093937374834557	0.0016000000000000003	0.001	0.0023701851779508237	0.020377777777777776	0.0	0.040755557978916696	9825	0.003555555555555555
fam56	0.014961265973647617	0.012363636363636361	0.0029042381941757197	0.0007666666666666667	0.0008	0.0007571877794400365	0.027482222222222224	0.0	0.054964462413409104	471056	0.003727910917453402
fam120	0.028969456654548132	0.0	0.03656182367642091	0.0018600000000000003	0.0	0.0037199999999999993	0.03552444444444443	0.032	0.048921070922935794	218981	0.007873282087118565
fam105	nan	nan	nan	0.0028555555555555556	0.003	0.0021481832691892682	0.0	0.0	0.0	305807	0.0985737290085116
fam51	0.13607594936708858	0.13607594936708858	0.0	0.00086	0.0	0.0017199999999999997	0.006320000000000001	0.0	0.012640000000000004	422674	0.001515151515151515
fam3	0.16173211310191837	0.19424460431654678	0.15502689181403786	0.003271111111111112	0.0027	0.004378717327265916	0.013119999999999998	0.0139	0.012834737585509449	12953	0.004837490551776267
fam67	0.10376966664587675	0.07964601769911504	0.03666865351467856	0.0025805555555555556	0.0	0.0036736917130414104	0.03285833333333334	0.0	0.05263795301132275	529672	0.006126427179058758
fam132	0.0	0.0	0.0	0.0	0.0	0.0	0.011384444444444444	0.0205	0.01186836983200034	194253	0.001446759259259259
fam66	nan	nan	nan	0.0	0.0	0.0	0.0	0.0	0.0	528297	0.032142857142857154
fam72	0.07402146369649876	0.0	0.11805334713222126	0.00104	0.0	0.0020799999999999994	0.012040000000000002	0.0161	0.010163866280986669	533975	0.0025354213273676364
fam108	0.029243468880446506	0.0	0.04255126233285462	0.0006444444444444444	0.0	0.001205645157960492	0.013777777777777778	0.0138	0.012963690984847539	301187	0.0019106407995296882
fam14	0.02797202797202797	0.0	0.06254735601398012	0.00048	0.0	0.0009599999999999999	0.007626666666666665	0.0143	0.00713409341744898	101910	0.0014814814814814814
fam97	0.0	0.0	0.0	0.0	0.0	0.0	0.00802	0.0	0.01604	327673	0.0007407407407407407
fam135	nan	nan	nan	0.0012	0.0	0.0024	0.0	0.0	0.0	192758	0.001092896174863388
