fam	avg_dnds	med_dnds	SDdnds	dn	med_dn	SDdn	ds	med_ds	SDds	loc	Pi
fam3994	0.0	0.0	0.0	0.0	0.0	0.0	0.0001394285714285714	0.0	0.0009143095604443619	197050	0.0017494974700214873
fam1031	0.0	0.0	0.0	0.0	0.0	0.0	0.0005653246753246754	0.0	0.0019596051049416067	1083135	0.00012317048031333747
fam680	0.13121266397830633	0.18918918918918917	0.11149699225001539	0.0007766436781609195	0.0	0.0008405836775787158	0.0002523809523809524	0.0	0.001347507001556244	740604	0.0008136565531735543
fam3111	nan	nan	nan	0.0	0.0	0.0	0.0	0.0	0.0	1169453	0.00010923845193508114
fam657	nan	nan	nan	0.0	0.0	0.0	0.0	0.0	0.0	718111	4.483902788987535e-05
fam1988	nan	nan	nan	0.0	0.0	0.0	0.0	0.0	0.0	2284257	2.355546133371023e-05
fam265	0.0	0.0	0.0	0.0	0.0	0.0	0.00011619374087475402	0.0	0.00076857430813829	303171	5.472144112403111e-05
fam1040	nan	nan	nan	0.0	0.0	0.0	0.0	0.0	0.0	1096314	0.0
fam3247	nan	nan	nan	0.0019358090522440174	0.0	0.0025026010732611464	0.0	0.0	0.0	1001697	0.0014661172272488452
fam2139	nan	nan	nan	0.0	0.0	0.0	0.0	0.0	0.0	2149985	0.0
fam651	nan	nan	nan	0.0	0.0	0.0	0.0	0.0	0.0	712456	0.0
fam150	0.0	0.0	0.0	0.0	0.0	0.0	0.00015932203389830508	0.0	0.0014903211625286034	169196	2.7694693696687705e-05
fam43	0.11279930686830497	0.0	0.15598596588131755	0.0002235129816542881	0.0	0.0002683038825216629	0.0007584904462642036	0.0	0.0012559469884247771	47979	0.0009499067027840848
fam3496	nan	nan	nan	0.00041414285714285706	0.0	0.0007607600303299857	0.0	0.0	0.0	747993	0.0006138723431956515
fam3704	0.0	0.0	0.0	0.0	0.0	0.0	0.00016209553158705702	0.0	0.0008704598700265972	504447	3.584915330570086e-05
fam2799	0.0	0.0	0.0	0.0	0.0	0.0	0.00013785310734463279	0.0	0.001289497743464466	1457027	2.6339009389856852e-05
fam124	0.0	0.0	0.0	0.0	0.0	0.0	0.0002553672316384181	0.0	0.0023887417214997477	141657	6.074965068950854e-05
fam732	0.0	0.0	0.0	0.0	0.0	0.0	0.00015313628899835794	0.0	0.0010575068347595867	794776	2.9229082937522834e-05
fam3155	nan	nan	nan	0.0	0.0	0.0	0.0	0.0	0.0	1091189	0.0
fam1699	0.0	0.0	0.0	0.0	0.0	0.0	0.0010597142857142858	0.0	0.0022264188055233737	1796157	0.000266710690439504
fam2916	nan	nan	nan	0.0	0.0	0.0	0.0	0.0	0.0	1358228	0.0
fam157	0.0	0.0	0.0	0.0	0.0	0.0	0.0001206627309083984	0.0	0.0007981348584513013	177208	2.6043065464128118e-05
fam1334	0.2974026653538485	0.3529411764705882	0.12354526596917796	0.0002303973727422003	0.0003	0.0002356547105141643	0.00033832512315270933	0.0	0.0006873717723388385	1394506	0.0005091957135431742
fam1564	nan	nan	nan	0.0	0.0	0.0	0.0	0.0	0.0	1654705	2.311924908678967e-05
fam565	0.21846396314481417	0.276595744680851	0.12872014146610125	0.0005524268104776579	0.0	0.0006750833741507013	0.00010621468926553675	0.0	0.0007005454263141543	629744	0.000791445363797671
fam2587	nan	nan	nan	0.0019161016949152542	0.0	0.0024699540357688214	0.0	0.0	0.0	1680886	0.001343769617074702
fam2771	0.0	0.0	0.0	0.0	0.0	0.0	0.0001321212121212121	0.0	0.0011927552965419325	1481629	0.0031713152059750266
fam3462	0.0667951188182402	0.0	0.12381259394170202	0.0002824433497536946	0.0	0.00038574748688493133	6.135960591133005e-05	0.0	0.0004023753654524559	783392	0.0003569425499730188
fam3187	nan	nan	nan	0.0	0.0	0.0	0.0	0.0	0.0	1058933	0.0023049218537589127
fam2649	nan	nan	nan	0.0	0.0	0.0	0.0	0.0	0.0	1602731	3.6186650744540335e-05
fam2457	nan	nan	nan	0.0	0.0	0.0	0.0	0.0	0.0	1824138	5.304899074295111e-05
fam4146	nan	nan	nan	0.00026737464712999056	0.0	0.0014191663206566168	0.0	0.0	0.0	16723	0.0037396219409930927
fam2068	nan	nan	nan	0.0	0.0	0.0	0.0	0.0	0.0	2209862	0.0
fam3895	nan	nan	nan	1.4689265536723163e-05	0.0	0.0001374054972544103	0.0	0.0	0.0	297703	3.455484718118835e-05
fam2834	nan	nan	nan	0.0	0.0	0.0	0.0	0.0	0.0	1428830	0.004899845916795069
fam2153	0.0	0.0	0.0	0.0	0.0	0.0	0.002287621982537237	0.0	0.004973392568081691	2141942	0.0007423616596099147
fam1050	0.6721276125761291	0.8461538461538463	0.29080662743512203	0.0005465592275261798	0.0006	0.0005272133888269656	0.0007161226710186317	0.0	0.0007763297211217754	1106558	0.0008146679465940491
fam1221	nan	nan	nan	nan	nan	nan	nan	nan	nan	1273817	5.108556832694763e-05
fam1221	nan	nan	nan	nan	nan	nan	nan	nan	nan	1273817	5.108556832694763e-05
fam1221	0.0	0.0	0.0	0.0	0.0	0.0	0.00020919540229885058	0.0	0.001939998351931285	1273817	5.108556832694763e-05
fam1500	0.0	0.0	0.0	0.0	0.0	0.0	4.886363636363636e-05	0.0	0.0004557696582759308	1584554	1.214063714063714e-05
fam93	0.03647155853244026	0.0	0.09115824853023764	0.0001614045578366886	0.0	0.0003473592115885883	0.001369676433459571	0.0	0.001789614142146562	96928	0.0006059997102746838
fam2113	nan	nan	nan	0.0	0.0	0.0	0.0	0.0	0.0	2176413	0.0
fam1916	0.2565958653086845	0.37931034482758624	0.17494273425220186	0.0005231001642036125	0.0	0.000567520790024462	0.000707047619047619	0.0	0.001374255763129386	2358921	0.0005857264638143148
fam1945	nan	nan	nan	0.0	0.0	0.0	0.0	0.0	0.0	2325312	0.001044932079414838
fam3046	0.0	0.0	0.0	0.0	0.0	0.0	0.0001288135593220339	0.0	0.0012049405143848286	1234631	2.9892685259916896e-05
fam1546	0.0	0.0	0.0	0.0	0.0	0.0	5.50561797752809e-05	0.0	0.000516472746587299	1629529	0.0005126617583430355
fam2140	0.2048109148916055	0.22817460317460317	0.12998289823962475	0.0028123380506278645	0.0	0.002978290537463793	0.0007654574446880606	0.0	0.005630547604763904	2149790	0.0022402032807161696
fam2408	0.0	0.0	0.0	0.0	0.0	0.0	0.0018234708966258907	0.0	0.004045792823751358	1863619	0.0006223913723565325
fam2759	nan	nan	nan	0.0	0.0	0.0	0.0	0.0	0.0	1493589	0.0
fam518	nan	nan	nan	0.0	0.0	0.0	0.0	0.0	0.0	586879	0.0
fam3089	0.0697872340425532	0.0	0.12616429249502245	0.000544090909090909	0.0	0.0007231632475759729	5.340909090909093e-05	0.0	0.0004981668357899707	1194432	0.0006086800672787934
fam3443	0.0	0.0	0.0	0.0	0.0	0.0	0.000192090395480226	0.0	0.0017968411179422883	808986	0.0009939317848922367
fam2445	nan	nan	nan	0.0	0.0	0.0	0.0	0.0	0.0	1830625	0.0
fam2162	0.0	0.0	0.0	0.0	0.0	0.0	0.0002592014219513743	0.0	0.001714511918154647	2131118	7.773357690833729e-05
fam3279	0.06819812651344004	0.0	0.11197162135612082	8.030630003480681e-05	0.0	0.00022672146151702394	0.0008313609467455623	0.0	0.001352856536024854	968665	0.00040648365089507787
fam4005	0.0	0.0	0.0	0.0	0.0	0.0	0.0004158898305084746	0.0	0.0013489908835449323	186352	0.0006395340340152245
fam948	0.3282198222868611	0.4166666666666667	0.28173921995867796	0.0007427837699024139	0.0	0.0008817701216825763	0.000162268875192604	0.0	0.0007525737135125538	997748	0.0006151475643001067
fam1948	0.0	0.0	0.0	0.0	0.0	0.0	0.00029436312275295327	0.0	0.0019415218927498134	2322159	8.609374477287978e-05
fam1747	nan	nan	nan	0.0	0.0	0.0	0.0	0.0	0.0	1848423	0.0
fam254	0.0	0.0	0.0	0.0	0.0	0.0	0.0005773059099853996	0.0	0.002394372208643376	290559	0.0002016422642185802
fam475	nan	nan	nan	0.0	0.0	0.0	0.0	0.0	0.0	547301	0.0
fam15	0.12395965703952531	0.0	0.1473444832645549	0.0003452170005136107	0.0	0.0004133823046506664	0.0003774845916795069	0.0	0.0009458561886070855	18978	0.000387733742692789
fam559	nan	nan	nan	0.0	0.0	0.0	0.0	0.0	0.0	624102	0.0
fam2560	0.06950390329891713	0.0	0.12267920211148474	0.0006031359106201993	0.0	0.0007943615607616773	0.000382790579572145	0.0	0.0014451512611470371	1702687	0.0005740500699986143
fam3537	0.0	0.0	0.0	0.0	0.0	0.0	0.0008366718027734977	0.0	0.001804105150648883	703233	0.001163023512922967
fam4042	nan	nan	nan	0.0	0.0	0.0	0.0	0.0	0.0	131731	0.0
fam2781	0.0	0.0	0.0	0.0	0.0	0.0	0.00047514285714285714	0.0	0.0012985362560064564	1472155	0.00011574844908178243
fam200	nan	nan	nan	0.0	0.0	0.0	0.0	0.0	0.0	220066	0.0010720411663807893
fam1877	0.21601928319256314	0.3235294117647059	0.14586857217698865	0.00045635166016937763	0.0	0.0005815424400958296	0.0018042478827799435	0.0	0.0022059210354984844	2005308	0.0008266915518357682
fam4075	0.08920924541851741	0.0	0.2003371624412387	0.0005151258346173599	0.0	0.0009940021836621253	0.0007322932717000515	0.0	0.0015915592649854086	93436	0.0008009523323231322
fam1656	nan	nan	nan	0.0	0.0	0.0	0.0	0.0	0.0	1759121	0.0
fam2652	0.060507482108002594	0.0	0.11846699539967229	0.0010241782229070363	0.0	0.0014728203206943319	0.00035258089368258856	0.0	0.001893445501183586	1601284	0.0015736157099301709
fam2683	0.0	0.0	0.0	0.0	0.0	0.0	0.00032359550561797753	0.0	0.0030355949187171856	1572404	4.993757802746567e-05
fam939	nan	nan	nan	0.00015254237288135592	0.0	0.00039972699675322465	0.0	0.0	0.0	985237	0.0004204558043042589
fam3668	0.39928105870436437	0.4	0.2924488576583161	0.00023006493506493508	0.0	0.0006325643509723731	0.00012168181818181817	0.0	0.0009337847314742067	541772	0.0008287101248266296
fam647	0.06193228736581338	0.0	0.10445178068268801	0.00020141518835957746	0.0	0.0002538206958020369	2.4137931034482755e-05	0.0	0.00022384596368437906	710962	0.0003517893782116918
fam705	0.16883935372045097	0.0857142857142857	0.19271012907967772	0.0003033448895737031	0.0	0.0011472722761432478	0.0006114342578325629	0.0	0.003110557159455003	768764	0.0008063474366792509
fam3409	nan	nan	nan	0.0	0.0	0.0	0.0	0.0	0.0	841339	0.0
fam460	0.0	0.0	0.0	0.0	0.0	0.0	0.0004287754713387926	0.0	0.0013665687200358674	531710	0.00017987947723010952
fam2805	0.0	0.0	0.0	0.0	0.0	0.0	0.00015730337078651688	0.0	0.0014756364188208543	1450830	0.00024163344206838222
fam1029	nan	nan	nan	0.0	0.0	0.0	0.0	0.0	0.0	1080138	3.865182436611007e-05
fam4029	0.21858564371551112	0.1935483870967742	0.12986821086571124	0.00037162561576354675	0.0006	0.00038282179899684713	0.000469287356321839	0.0	0.001125905693239901	146966	0.00042729027950702835
fam625	nan	nan	nan	0.000380168207498716	0.0	0.0004724473186307428	0.0	0.0	0.0	696234	0.0003179790945853224
fam1028	nan	nan	nan	0.0	0.0	0.0	0.0	0.0	0.0	1079785	9.441979038806533e-05
fam3106	0.3528670371282835	0.33333333333333337	0.37037692856643295	0.0004112183908045977	0.0	0.0025393807850894443	0.0003485057471264368	0.0	0.0028650685793280214	1172198	0.000620258303519322
fam4139	nan	nan	nan	0.0004215225424981522	0.0	0.0013765927450708007	0.0	0.0	0.0	23209	0.0023335334024481183
fam1327	0.0	0.0	0.0	0.0	0.0	0.0	0.00013932584269662918	0.0	0.0013069922566698994	1386420	0.0002343875891771531
fam1240	0.1809697672325044	0.29411764705882354	0.18165031681368254	0.000564265536723164	0.0	0.0016641370800571439	0.0005235041088854648	0.0	0.004204848416050277	1287742	0.0021444277366270427
fam399	0.0712057190806396	0.0	0.0847019018103839	0.0009310129870129871	0.0	0.0012539373883321734	0.0006049285714285714	0.0	0.0033638038525654734	458316	0.0013751094078962934
fam2948	nan	nan	nan	0.0	0.0	0.0	0.0	0.0	0.0	1333127	0.016602353585112205
fam1987	0.0	0.0	0.0	0.0	0.0	0.0	0.00020689655172413793	0.0	0.001918679688723249	2284843	6.081615277017576e-05
fam1182	nan	nan	nan	0.0	0.0	0.0	0.0	0.0	0.0	1235680	0.0
fam2005	0.0	0.0	0.0	0.0	0.0	0.0	0.00014462337662337664	0.0	0.0009511433589757452	2270364	3.7105751391465674e-05
fam3987	0.14959975609112985	0.0	0.17559884798179837	0.0007968926553672316	0.0014	0.000836098504407775	0.0004738315356959425	0.0	0.0013670773463302515	204659	0.0012553569050744195
fam1241	nan	nan	nan	0.0	0.0	0.0	0.0	0.0	0.0	1288023	0.0008577128899330612
fam36	0.0	0.0	0.0	0.0	0.0	0.0	0.002171032357473036	0.0	0.0047193743450821704	38770	0.0005070761960398395
fam2767	nan	nan	nan	0.001643344124928585	0.0	0.0017277508870648466	0.0	0.0	0.0	1483882	0.001202329620228698
fam1421	nan	nan	nan	0.0003275324675324675	0.0	0.00040327766157138275	0.0	0.0	0.0	1500638	0.00023496583737547594
fam4072	nan	nan	nan	0.0	0.0	0.0	0.0	0.0	0.0	96052	0.0
fam2535	0.0	0.0	0.0	0.0	0.0	0.0	0.0002666158826890116	0.0	0.0014359119167309856	1726329	9.645658093572777e-05
fam252	nan	nan	nan	0.0	0.0	0.0	0.0	0.0	0.0	288588	0.00019712201852946972
fam4078	0.0	0.0	0.0	0.0	0.0	0.0	0.00012655367231638418	0.0	0.0011838012071149193	90766	0.04448745540042203
fam2876	nan	nan	nan	0.0	0.0	0.0	0.0	0.0	0.0	1395055	0.0
fam3423	0.0	0.0	0.0	0.0	0.0	0.0	0.0001728813559322034	0.0	0.0016171570061480594	824070	4.184975936388364e-05
fam2225	0.0	0.0	0.0	0.0	0.0	0.0	0.000728608115048793	0.0	0.003379098001166177	2056750	0.0001784229883065905
fam1792	nan	nan	nan	0.0	0.0	0.0	0.0	0.0	0.0	1912270	0.0
fam1997	nan	nan	nan	0.0	0.0	0.0	0.0	0.0	0.0	2275189	0.00013324196741282168
fam703	0.0	0.0	0.0	0.0	0.0	0.0	0.00019657142857142858	0.0	0.0018282199662234193	760968	5.012531328320802e-05
fam873	nan	nan	nan	0.001255707792207792	0.0	0.0014607936440369535	0.0	0.0	0.0	920997	0.0034015299768724422
fam2849	0.0	0.0	0.0	0.0	0.0	0.0	0.00023382212911826319	0.0	0.0009699575221208575	1419428	0.00015530358062716354
fam1623	0.08024290524290524	0.0	0.12785335528419964	0.0005037766830870279	0.0	0.0006379890842641663	0.0011047619047619048	0.0	0.0020157290321765947	1713517	0.0007731174324756146
fam3283	0.6318771951919174	0.3414634146341463	0.417069580296808	0.000799826656394453	0.0014	0.000914172829809246	0.00013898947098099642	0.0	0.0007463871075531787	962739	0.004123793056448972
fam1589	nan	nan	nan	0.0014740049514378214	0.0	0.0019295930163866347	0.0	0.0	0.0	1680357	0.0010727039347899299
fam4114	nan	nan	nan	0.0	0.0	0.0	0.0	0.0	0.0	57137	0.0
fam659	0.0	0.0	0.0	0.0	0.0	0.0	0.0013806633825944167	0.0	0.002833919428995552	719340	0.0022269391823639094
fam3917	nan	nan	nan	0.0	0.0	0.0	0.0	0.0	0.0	277640	3.4714086108290596e-05
fam1809	nan	nan	nan	0.0	0.0	0.0	0.0	0.0	0.0	1928597	0.0
fam470	nan	nan	nan	0.0	0.0	0.0	0.0	0.0	0.0	543390	2.6752273943285174e-05
fam48	0.012970955504016465	0.0	0.040847561870051285	0.00017266307139188498	0.0	0.00038840572826063857	0.0002386235233692861	0.0	0.001281424819918255	52632	0.0006515764955703993
fam2776	nan	nan	nan	0.0	0.0	0.0	0.0	0.0	0.0	1477731	0.0016925806602231868
fam3450	0.0	0.0	0.0	0.0	0.0	0.0	0.0007848092426839332	0.0	0.002398279537006257	801132	0.0003754959294563473
fam3632	0.0	0.0	0.0	0.0	0.0	0.0	9.662921348314606e-05	0.0	0.0009064623715613818	577872	0.00013769552764926195
fam3140	0.07680250783699061	0.0	0.13045235243465902	0.0006962927696311815	0.0	0.0008790480175950355	0.00012960071097568718	0.0	0.0008572559590773235	1104751	0.0005930283316601268
fam1583	0.0	0.0	0.0	0.0	0.0	0.0	0.000276487018345712	0.0	0.0014890789466693087	1675632	0.001925559152753973
fam1259	0.0	0.0	0.0	0.0	0.0	0.0	0.0001606741573033708	0.0	0.0015072571992241581	1310786	0.00024275211541129141
fam3826	nan	nan	nan	0.0	0.0	0.0	0.0	0.0	0.0	365748	0.0
fam630	nan	nan	nan	0.0	0.0	0.0	0.0	0.0	0.0	699247	0.00014405070584845865
fam2083	nan	nan	nan	0.0	0.0	0.0	0.0	0.0	0.0	2202844	0.0
fam671	nan	nan	nan	0.0	0.0	0.0	0.0	0.0	0.0	733850	0.0
fam2695	nan	nan	nan	0.0	0.0	0.0	0.0	0.0	0.0	1555333	0.0
fam2794	0.08680409927241561	0.0	0.15337016539860204	0.0008382791461412153	0.0	0.0010953219203821084	6.972085385878488e-05	0.0	0.0006484419276787125	1461462	0.0017272656188912347
fam3334	0.0	0.0	0.0	0.0	0.0	0.0	0.0002840909090909091	0.0	0.0026498235946275043	916499	3.265412748171369e-05
fam1308	nan	nan	nan	0.0016995619881927252	0.0	0.001797195650390964	0.0	0.0	0.0	1369312	0.0013156345356246212
fam1179	nan	nan	nan	0.0020772424300133313	0.0	0.0021965724615889567	0.0	0.0	0.0	1232428	0.001600558130705879
fam2271	0.0	0.0	0.0	0.0	0.0	0.0	0.001924011299435028	0.0	0.004831111853604691	2007540	0.00043942247332077837
fam2549	nan	nan	nan	0.0	0.0	0.0	0.0	0.0	0.0	1711984	0.0
fam2240	0.0	0.0	0.0	0.0	0.0	0.0	0.0008798324128737383	0.0	0.004738509325212251	2039256	0.0003491398463784675
fam2660	0.23943134229667182	0.25	0.20017683905680347	0.0005894196199280946	0.0008	0.000686228927411915	0.00014463918849512073	0.0	0.0006707281444248744	1591545	0.0004927361468324591
fam84	nan	nan	nan	0.0009212530946486383	0.0	0.001205995635241647	0.0	0.0	0.0	89312	0.0020350106090201107
fam2465	nan	nan	nan	0.0	0.0	0.0	0.0	0.0	0.0	1815345	0.005557099194220617
fam2944	nan	nan	nan	7.658577298407806e-05	0.0	0.000355000491131493	0.0	0.0	0.0	1335540	0.0009614914275931224
fam736	0.43244289373151096	0.4347826086956522	0.13873474378624606	0.00044575636386719994	0.0	0.0005352963390178319	0.0008175776042658541	0.0	0.0011135176065634898	799816	0.0006200451551550796
fam2882	nan	nan	nan	0.0	0.0	0.0	0.0	0.0	0.0	1389817	8.710042679209127e-05
fam350	0.0328654004954583	0.0	0.10271971012849056	0.00022126765188834155	0.0	0.0004933364532576902	7.954022988505747e-05	0.0	0.0005215976959568872	398863	0.0004526602678042423
fam2885	nan	nan	nan	0.0	0.0	0.0	0.0	0.0	0.0	1388224	0.0009999385844172667
fam40	0.0	0.0	0.0	0.0	0.0	0.0	0.00030171417565485364	0.0	0.001722402994203764	43420	7.458372955939662e-05
fam1888	nan	nan	nan	0.0	0.0	0.0	0.0	0.0	0.0	2016700	4.005688077069437e-05
fam1292	0.0	0.0	0.0	0.0	0.0	0.0	0.000691772995619882	0.0	0.0032171461640336137	1354978	0.00015245599849313118
fam2276	nan	nan	nan	0.0	0.0	0.0	0.0	0.0	0.0	2004094	0.0
fam1565	nan	nan	nan	0.0	0.0	0.0	0.0	0.0	0.0	1655027	3.25679856700863e-05
fam1636	0.1943253725250051	0.19718309859154928	0.02356541284288518	0.0011004365690806368	0.0	0.0014678815465415062	0.0049065485362095535	0.0	0.006752686182253368	1734999	0.0017866399398885273
fam661	0.0	0.0	0.0	0.0	0.0	0.0	0.00014742857142857144	0.0	0.0013711649746675643	720136	2.821869488536155e-05
fam3717	0.06684491978609625	0.0	0.10611302049724293	0.0005772213662044171	0.0	0.0006754917049430929	5.76271186440678e-05	0.0	0.0005390523353826866	493057	0.00048375796132525944
fam1152	0.0	0.0	0.0	0.0	0.0	0.0	0.0001393258426966292	0.0	0.0013069922566698996	1207255	0.00022837307024755642
fam3127	0.38483695652173916	0.36	0.2660951030207185	0.0004801625087284961	0.0	0.0005725158879421139	0.0006022662350028566	0.0	0.001110942586064439	1124927	0.002411193555769895
fam3052	nan	nan	nan	0.0006514378213673586	0.0011	0.0007009796236446075	0.0	0.0	0.0	1228241	0.0005328232309043129
fam1508	nan	nan	nan	0.0	0.0	0.0	0.0	0.0	0.0	1591742	5.663877207142149e-05
fam1874	nan	nan	nan	0.0	0.0	0.0	0.0	0.0	0.0	2001444	4.256043581886279e-05
fam1349	0.0	0.0	0.0	0.0	0.0	0.0	0.00024909090909090904	0.0	0.0008053847702180452	1413273	6.41854537958434e-05
fam3969	nan	nan	nan	0.0	0.0	0.0	0.0	0.0	0.0	216787	8.577064928381507e-05
fam1062	nan	nan	nan	0.0	0.0	0.0	0.0	0.0	0.0	1115837	0.00010979358805445761
fam3734	nan	nan	nan	0.0	0.0	0.0	0.0	0.0	0.0	459196	0.0
fam3879	nan	nan	nan	0.0	0.0	0.0	0.0	0.0	0.0	314502	0.0
fam3075	0.13163254615623093	0.0	0.19310074608999844	0.000839711001642036	0.0	0.0010680876432617727	0.001272630541871921	0.0	0.002223700153836827	1208989	0.0009628002980724209
fam4111	nan	nan	nan	0.0	0.0	0.0	0.0	0.0	0.0	58992	0.0017679533561242215
fam888	nan	nan	nan	0.0	0.0	0.0	0.0	0.0	0.0	935916	0.0
fam1098	nan	nan	nan	0.0	0.0	0.0	0.0	0.0	0.0	1153467	0.0
fam3572	0.0	0.0	0.0	0.0	0.0	0.0	8.674698795180722e-05	0.0	0.0007855273854769807	641113	2.9529884242853765e-05
fam2066	0.49110996817079844	0.45999999999999996	0.3994800019667637	0.0026272138640258996	0.0	0.004422286082465568	0.0007283565035231385	0.0	0.004081633690579222	2210987	0.002776519123159172
fam3996	nan	nan	nan	0.0	0.0	0.0	0.0	0.0	0.0	195603	0.0
fam1982	0.15082706766917292	0.0	0.20725252613147918	0.0008238571428571429	0.001	0.0008471393760468106	4.318181818181819e-05	0.0	0.00040277318638338067	2286925	0.0011056737143693666
fam738	0.0	0.0	0.0	0.0	0.0	0.0	0.000511554049564813	0.0	0.0033458703251512062	800238	0.05006991822345934
fam3579	0.020968597928907706	0.0	0.06450005513835588	0.00015846123181183976	0.0	0.00036517293139622786	0.0009737426084645538	0.0	0.001965338186594412	637480	0.0003153140154003884
fam3899	nan	nan	nan	0.0007422967053894497	0.0	0.0009466471923710723	0.0	0.0	0.0	294138	0.0005777972967895975
fam1299	nan	nan	nan	0.0	0.0	0.0	0.0	0.0	0.0	1361599	5.016051364365971e-05
fam2069	nan	nan	nan	0.0	0.0	0.0	0.0	0.0	0.0	2209565	0.0
fam448	0.2749615975422427	0.35714285714285715	0.18138102019071276	0.0007582792207792207	0.0	0.0008042881986274203	0.0008878636363636364	0.0	0.0017150253058152746	519283	0.0007912617184140364
fam3964	0.0	0.0	0.0	0.0	0.0	0.0	0.00010449438202247189	0.0	0.0009802441925024245	223455	2.3119249086789663e-05
fam240	0.2691561445926987	0.4	0.1949651372160408	0.00031180295566502473	0.0	0.0003992084951321566	0.00011400328407224961	0.0	0.00046863912261676854	273081	0.00025854466946420964
fam3539	nan	nan	nan	0.0	0.0	0.0	0.0	0.0	0.0	701935	0.0025704918267300753
fam2972	0.411524156629653	0.41025641025641024	0.008290461043371751	0.0001363636363636364	0.0	0.000871244682244904	0.00022154545454545452	0.0	0.0020664404305783144	1308439	0.0013093116034292502
fam1277	nan	nan	nan	0.0	0.0	0.0	0.0	0.0	0.0	1340758	7.609047157069756e-05
fam2404	0.0	0.0	0.0	0.0	0.0	0.0	0.0002022727272727273	0.0	0.0013302631429592936	1865429	6.887052341597796e-05
fam770	0.13594721556244277	0.2653061224489796	0.13571781686529572	0.0006198636363636364	0.0	0.0006679622876844133	0.00011023376623376623	0.0	0.0007250439824742906	822920	0.0005107826733593606
fam812	0.0	0.0	0.0	0.0	0.0	0.0	0.00044689900336443856	0.0	0.0029560550313011157	858121	0.00010953406945206824
fam4088	nan	nan	nan	0.0	0.0	0.0	0.0	0.0	0.0	85065	0.0
fam3536	0.08664934212282992	0.0	0.13749349793991444	0.0015237669015425632	0.0	0.0018252755700509792	0.00012249095410398018	0.0	0.0011490694750981038	705134	0.0013019272049298075
fam965	nan	nan	nan	0.0	0.0	0.0	0.0	0.0	0.0	1016754	0.0
fam2227	0.25730519480519487	0.33333333333333337	0.1477280160297175	0.0005489791987673344	0.0	0.0006977090220015855	4.745762711864407e-05	0.0	0.0004439254526680946	2054737	0.0004735170780708865
fam1181	0.0	0.0	0.0	0.0	0.0	0.0	0.00018128654970760237	0.0	0.0009564932059050834	1235413	3.16105579263474e-05
fam474	nan	nan	nan	0.0	0.0	0.0	0.0	0.0	0.0	546665	0.0
fam302	0.21124996571508364	0.30434782608695654	0.14524558541003563	0.00035273563218390805	0.0	0.00037166368618268207	0.0005947060755336619	0.0	0.0010845665576818722	345522	0.0005200735229698561
fam2255	0.07468457468457466	0.0	0.12703776274565048	3.370786516853933e-05	0.0	0.00018152830310100895	0.00015731606678093062	0.0	0.0007316584054739864	2019965	0.0017937094766165014
fam1476	nan	nan	nan	0.0005888418079096046	0.0	0.0006386579439148512	0.0	0.0	0.0	1558551	0.0005246524021316663
fam209	0.0019892309072326742	0.0	0.025159649596922247	2.5149425287356322e-05	0.0	0.00023390457193532514	0.0011003678160919543	0.0	0.0025434705733801137	233049	0.0007755183568224915
fam2746	0.0	0.0	0.0	0.0	0.0	0.0	0.00011363636363636365	0.0	0.0010599294378510018	1509330	2.4596615505706414e-05
fam2989	0.7175908123997357	0.7651006711409396	0.508487853884145	0.0003228834154351396	0.0	0.0011801106908106863	0.00016325779967159276	0.0	0.001092673508690275	1295208	0.0023508354150615957
fam4000	0.13069767441860464	0.23999999999999996	0.11928849822403315	0.0005612916085309947	0.0	0.0005987500817786017	0.00017241379310344826	0.0	0.0009177737001424777	191837	0.000808707743373506
fam1801	nan	nan	nan	0.0	0.0	0.0	0.0	0.0	0.0	1919392	0.0
fam330	0.06857483601669649	0.0	0.11349353792888658	0.0004112918403011158	0.0	0.0005124700503925691	4.5086705202312136e-05	0.0	0.00041689967534530077	381897	0.0003439000146039732
fam3943	0.0	0.0	0.0	0.0	0.0	0.0	0.0038011558441558434	0.0062	0.003853937094914337	251110	0.0008802308802308803
fam1016	0.0	0.0	0.0	0.0	0.0	0.0	0.0004943058465054276	0.0	0.0015119683604958311	1069659	0.0002054979560925272
fam1758	0.10496894409937889	0.0	0.13655276324766513	0.0006090584415584416	0.0	0.0006487093253471669	5.227272727272727e-05	0.0	0.0004875675414114608	1861208	0.0008741022235340417
fam897	nan	nan	nan	0.0006550649350649351	0.0011	0.0006911765301161762	0.0	0.0	0.0	943902	0.0004670231729055258
fam2942	nan	nan	nan	4.099378881987578e-05	0.0	0.00036551198664856597	0.0	0.0	0.0	1336964	0.00017746228926353148
fam1045	nan	nan	nan	0.00047503246753246756	0.0009	0.00048146758759743974	0.0	0.0	0.0	1100472	0.00035070088641517207
fam4149	0.10771381181625246	0.0	0.17134925428737602	0.00020573376623376626	0.0	0.0002704858193514608	0.0008154090909090908	0.0	0.0010360857101989172	9872	0.0005039048789048789
fam2638	0.0	0.0	0.0	0.0	0.0	0.0	0.00014797687861271678	0.0	0.0013682861139538071	1623501	4.533605349654313e-05
fam2630	0.0	0.0	0.0	0.0	0.0	0.0	0.004307818181818181	0.0	0.005604765242317255	1634455	0.0012761636988441116
fam2324	0.0	0.0	0.0	0.0	0.0	0.0	8.089887640449438e-05	0.0	0.0007588987296792965	1952538	1.8449844098817365e-05
fam433	0.0	0.0	0.0	0.0	0.0	0.0	0.00012808166409861325	0.0	0.0008447843350132777	502498	5.0705559180135447e-05
fam368	nan	nan	nan	0.0	0.0	0.0	0.0	0.0	0.0	420442	6.903812630525206e-05
fam2137	0.0	0.0	0.0	0.0	0.0	0.0	0.00034367616846430415	0.0	0.0015938464484365304	2150765	0.00010505673063454267
fam347	nan	nan	nan	0.0	0.0	0.0	0.0	0.0	0.0	396209	5.617977528089888e-05
fam748	nan	nan	nan	0.0	0.0	0.0	0.0	0.0	0.0	805726	9.559589702409972e-05
fam4041	0.0	0.0	0.0	0.0	0.0	0.0	0.003951818181818181	0.0	0.009163457384615778	131798	0.001196969696969697
fam4138	0.23305041895863357	0.2318840579710145	0.2429274865290749	0.0005872446633825944	0.0	0.0008533709035870194	0.0002761313628899836	0.0	0.0014108290110226448	23715	0.0013640339530127756
fam1208	nan	nan	nan	0.0	0.0	0.0	0.0	0.0	0.0	1263615	0.0
fam10	0.0	0.0	0.0	0.0	0.0	0.0	0.00044182060559893357	0.0	0.002054994065309564	14524	8.091952483496951e-05
fam4159	0.37443936205982153	0.3962264150943396	0.27541690773629185	0.00173960088691796	0.0021	0.0014911124198701484	0.0033962749445676276	0.0053	0.003467290213307337	1822	0.002879183824305775
fam2468	0.46863468634686345	0.4686346863468635	5.551115123125783e-17	0.00042808988764044947	0.0	0.004015839111219611	0.0009134831460674157	0.0	0.008569231489295389	1813264	0.0007844923575260652
fam3997	0.0	0.0	0.0	0.0	0.0	0.0	0.00019438202247191013	0.0	0.0018234650032571984	195145	4.161464835622138e-05
fam4066	0.08165487207403375	0.0	0.13444843805365778	0.0004498289136013687	0.0	0.0005451767403069417	3.928571428571429e-05	0.0	0.00035790989060924017	99636	0.00034494591260791603
fam3024	0.0	0.0	0.0	0.0	0.0	0.0	6.818181818181818e-05	0.0	0.0006359576627106012	1259289	2.092750711535242e-05
fam566	0.14090401785714285	0.0	0.19926182447397467	0.0003532742681047766	0.0	0.00046006220216591624	0.00021651258346173604	0.0	0.000814939513146951	631187	0.0006286436837550792
fam697	0.0	0.0	0.0	0.0	0.0	0.0	0.00012386363636363636	0.0	0.001155323087257592	757216	5.22466039707419e-05
fam2935	nan	nan	nan	0.0	0.0	0.0	0.0	0.0	0.0	1341556	0.00024833923139007885
fam4121	0.01317600210816034	0.0	0.060841496580376554	6.757832562917309e-05	0.0	0.00025406392011364756	0.0013343156137647662	0.0	0.0016978291432650867	46613	0.0007932524303864829
fam1509	0.0	0.0	0.0	0.0	0.0	0.0	0.00022740259740259736	0.0	0.000853793525022225	1593124	5.245734657499363e-05
fam1300	0.28604798944764304	0.28571428571428575	0.12370649028894341	0.0003960844155844157	0.0	0.0004730856083987433	0.001151753246753247	0.0	0.001427713926525882	1363254	0.0007454498056687837
fam1775	0.0	0.0	0.0	0.0	0.0	0.0	0.0006254808607884211	0.0	0.0013640032227328837	1895012	0.00019565609995782763
fam2015	0.657782507864268	0.0	1.0285627710630847	0.0005911135450894487	0.0	0.0018066347342635802	0.00020308141657539248	0.0	0.0009560097935640233	2263806	0.021327066328519863
fam2848	0.159136295556665	0.25	0.12439379875983234	0.00041771428571428575	0.0	0.0004505442266698451	0.00042348051948051953	0.0	0.0011055981939672417	1420752	0.00041318214613669156
fam4009	0.0	0.0	0.0	0.0	0.0	0.0	0.00020563702151971052	0.0	0.0011075297714556657	181682	6.859557421355174e-05
fam3163	0.3615436443302879	0.34623655913978496	0.02045636894877174	0.0009887640449438202	0.0015	0.0018885414119789415	0.000521056306735225	0.0	0.004887975584507071	1083055	0.0010045387806177774
fam1511	nan	nan	nan	0.0009204545454545457	0.0	0.0021408982339041443	0.0	0.0	0.0	1594064	0.0007242800000889369
fam1506	0.0	0.0	0.0	0.0	0.0	0.0	0.0019173173363803723	0.0	0.003538088459066274	1590622	0.0011069517517471993
fam3389	0.11567130921378968	0.0	0.157718345861889	0.00010202984272079581	0.0	0.0003077742841726259	0.00010836133888963569	0.0	0.0005752291284095973	861110	0.0004335704026522685
fam848	0.0	0.0	0.0	0.0	0.0	0.0	0.0026080123266563945	0.0	0.005053476482041604	896422	0.000773393477888688
fam1204	0.37271636945542486	0.5333333333333333	0.19866679945108698	0.0005552727272727274	0.0008	0.0005661209919865952	0.0006619025974025975	0.0	0.0012774736191622867	1257592	0.0006080769673925567
fam2540	0.33575092031917764	0.30434782608695654	0.08745438144279401	0.0002279001767985856	0.0	0.000431468428262384	0.0004657146742826057	0.0	0.0010015380983308046	1720100	0.00041190961296570913
fam2244	0.0	0.0	0.0	0.0	0.0	0.0	0.0003273176682074987	0.0	0.0008977789725055635	2033758	6.634489393110083e-05
fam1821	nan	nan	nan	0.0	0.0	0.0	0.0	0.0	0.0	1941751	3.275198558912635e-05
fam626	0.0	0.0	0.0	0.0	0.0	0.0	0.00013707865168539326	0.0	0.0012859117364010305	696678	2.881014116969173e-05
fam658	0.0	0.0	0.0	0.0	0.0	0.0	0.0002480289468672634	0.0	0.0016406105423721193	718506	0.00011403781241878239
fam3090	0.0	0.0	0.0	0.0	0.0	0.0	0.0002059964047252183	0.0	0.0011062094181588005	1193647	4.8941887556478574e-05
fam2959	0.0	0.0	0.0	0.0	0.0	0.0	0.0002606868532977845	0.0	0.0014039836714511583	1323837	7.202535292422933e-05
fam2411	0.15348567377869543	0.2682926829268293	0.13893281259791054	0.00043561059511523906	0.0	0.0005508181334757356	0.00023510835913312698	0.0	0.0009552164894671106	1861111	0.0008551285125072534
fam784	0.04178571428571429	0.0	0.12723862765428956	0.00041207100591715974	0.0	0.0010175900526833734	0.00011722937695788374	0.0	0.0007578610294817678	833105	0.03019370877964166
fam1020	nan	nan	nan	0.0	0.0	0.0	0.0	0.0	0.0	1074999	5.130573085013597e-05
fam2651	nan	nan	nan	0.0	0.0	0.0	0.0	0.0	0.0	1601715	0.00015391719255040788
fam2107	0.0	0.0	0.0	0.0	0.0	0.0	0.0019201183431952662	0.0	0.002092281670699522	2180148	0.0005550146448851704
fam2692	0.3474576271186441	0.3474576271186441	0.0	0.00013820224719101126	0.0	0.0012964519965354647	0.0003977528089887641	0.0	0.0037312520875898755	1558303	0.0021639617145235127
fam3577	0.0	0.0	0.0	0.0	0.0	0.0	0.000406678093061639	0.0	0.002690010078484016	638966	0.00012300697884396226
fam1576	0.0	0.0	0.0	0.0	0.0	0.0	8.361581920903957e-05	0.0	0.0007821543689866432	1668213	2.0249883563169514e-05
fam2920	0.0	0.0	0.0	0.0	0.0	0.0	0.00011149425287356321	0.0	0.0010339551655897507	1356165	4.3538836642284913e-05
fam2249	0.0	0.0	0.0	0.0	0.0	0.0	9.830508474576271e-05	0.0	0.0009195598662410533	2030321	0.0004472693032015065
fam2189	0.0	0.0	0.0	0.0	0.0	0.0	0.00036626861838726245	0.0	0.002415786782581829	2094989	9.602763840051977e-05
fam3499	0.20424989572466012	0.0	0.23287724303211477	0.0012962249614791987	0.0021	0.0013540191562280033	0.0003254558294812532	0.0	0.0013461318387509797	745118	0.0011752011257977662
fam3839	0.0	0.0	0.0	0.0	0.0	0.0	0.001669087057010786	0.0	0.0033000574443058494	355333	0.00045731820787089765
fam388	0.001561719140429785	0.0	0.020541208205219114	2.8409090909090906e-05	0.0	0.0002649823594627504	0.0002078961038961039	0.0	0.0013672685785276336	448630	0.004943290043290043
fam3838	nan	nan	nan	0.0	0.0	0.0	0.0	0.0	0.0	355987	0.0
fam2793	nan	nan	nan	0.0	0.0	0.0	0.0	0.0	0.0	1462133	7.968762451191329e-05
fam968	nan	nan	nan	0.0	0.0	0.0	0.0	0.0	0.0	1018504	0.0007142857142857143
fam307	0.0	0.0	0.0	0.0	0.0	0.0	0.00047613636363636375	0.0	0.004441104344595698	353315	0.00011715089034676665
fam808	nan	nan	nan	0.0	0.0	0.0	0.0	0.0	0.0	855712	0.015913675815153648
fam3918	0.11766549157853506	0.0	0.1952141092240201	0.0006936881270347485	0.0	0.0008456645433250156	8.506411534117336e-05	0.0	0.000556232761470538	276513	0.0005232792423012342
fam1764	0.0	0.0	0.0	0.0	0.0	0.0	6.628571428571428e-05	0.0	0.000616492779307897	1871375	2.8571428571428567e-05
fam1752	0.0	0.0	0.0	0.0	0.0	0.0	0.00017865168539325845	0.0	0.0016759013613751128	1855023	0.0002903347559736376
fam1189	nan	nan	nan	0.0	0.0	0.0	0.0	0.0	0.0	1241441	0.00015187412672377135
fam3123	0.0	0.0	0.0	0.0	0.0	0.0	0.000691068367929918	0.0	0.0015572127844814066	1135929	0.00020274053363153547
fam3318	nan	nan	nan	0.0013004237288135594	0.0	0.001387063210708192	0.0	0.0	0.0	928728	0.001019196199280945
fam4017	nan	nan	nan	0.0	0.0	0.0	0.0	0.0	0.0	174293	3.0953044231900206e-05
fam1397	0.0	0.0	0.0	0.0	0.0	0.0	0.00020786516853932584	0.0	0.0019499481248704147	1462744	0.000138715494520738
fam1333	nan	nan	nan	0.0	0.0	0.0	0.0	0.0	0.0	1390698	4.2319981379208196e-05
fam3817	nan	nan	nan	0.0	0.0	0.0	0.0	0.0	0.0	375655	0.0
fam1387	0.0	0.0	0.0	0.0	0.0	0.0	0.0008479436582286891	0.0	0.0055443395704767315	1454661	0.00021767261153348458
fam1433	0.0021510135434186064	0.0	0.028276349163791105	2.6966292134831458e-05	0.0	0.0002529662432264322	0.00035582428743731356	0.0	0.0014763431732973497	1509636	0.0014727736506221277
fam2200	0.0	0.0	0.0	0.0	0.0	0.0	0.0003752727272727273	0.0	0.0017353562427513832	2082549	8.049608049608051e-05
fam2219	0.10085959885386821	0.0	0.18395326209961152	0.0003228051948051949	0.0	0.0004326714670677655	4.546103896103896e-05	0.0	0.00029902251214206554	2063867	0.0004348113685974467
fam3956	0.15970961887477317	0.0	0.21875163954002708	0.0004929545454545456	0.0008	0.0005188514768955962	6.47922077922078e-05	0.0	0.0003470254243338472	235269	0.0005914628007651264
fam3749	0.0	0.0	0.0	0.0	0.0	0.0	0.0009375438596491229	0.0	0.004271639761037479	444406	0.0002356822171063657
fam4057	nan	nan	nan	0.0003424415584415585	0.0	0.0004361951932158173	0.0	0.0	0.0	108466	0.0002443218881575046
fam2486	0.028340080971659916	0.0	0.11336032388663965	0.00010627915071353986	0.0	0.00029975435129067185	2.2352941176470593e-05	0.0	0.00020486808989214346	1792463	0.055711346035049486
fam2645	0.2332127060715722	0.33333333333333337	0.22766387333526683	0.00022924767540152157	0.0	0.00025587715164747984	7.083685545224006e-05	0.0	0.0002860283777767122	1609139	0.00019901882089826071
fam2569	0.0	0.0	0.0	0.0	0.0	0.0	0.0007442218798151001	0.0	0.001671864902667805	1692882	0.00022318844798773434
fam2125	0.12154006243496358	0.0	0.20424218876247674	0.0005559771521827825	0.0	0.0007166597690370073	0.000555453556371549	0.0	0.0011888554880497462	2164912	0.0008669415493160902
fam2409	0.5938134810710987	0.5052631578947369	0.2907495141519688	0.0027368421052631577	0.0048	0.0029059726308080748	0.00011047191622467021	0.0	0.001018501074784794	1863245	0.001846994747851541
fam1642	0.06355708245243129	0.0	0.12318859190021719	0.0004385721623009758	0.0	0.0006217192189127529	4.8587570621468914e-05	0.0	0.00045449510630304934	1743641	0.0006073525102328263
fam1442	nan	nan	nan	0.0	0.0	0.0	0.0	0.0	0.0	1518923	0.040333832710719046
fam1541	nan	nan	nan	0.0	0.0	0.0	0.0	0.0	0.0	1624686	0.0
fam4109	0.0	0.0	0.0	0.0	0.0	0.0	0.0005006211180124223	0.0	0.00446367668543552	61196	0.02162335185790563
fam892	nan	nan	nan	0.0	0.0	0.0	0.0	0.0	0.0	939103	0.0
fam2598	0.0	0.0	0.0	0.0	0.0	0.0	0.00019775280898876404	0.0	0.0018550857836605028	1669662	0.0005328655347699339
fam485	nan	nan	nan	0.0	0.0	0.0	0.0	0.0	0.0	555789	0.0
fam3906	0.0857142857142857	0.0	0.14846149779161805	0.00045634951206985103	0.0	0.000587721700470925	3.954802259887006e-05	0.0	0.00036993787722341227	289077	0.0004054996261020675
fam809	0.0	0.0	0.0	0.0	0.0	0.0	0.0032888711713507405	0.0	0.006475189438309069	856128	0.0005120878382006373
fam1830	nan	nan	nan	0.0	0.0	0.0	0.0	0.0	0.0	1949103	9.987515605493134e-05
fam3588	0.0	0.0	0.0	0.0	0.0	0.0	0.00023502824858757056	0.0	0.001550143070993022	629026	0.00015830329270848833
fam1109	0.0	0.0	0.0	0.0	0.0	0.0	0.003167727272727273	0.0	0.007345311078144392	1165858	0.003173598553345388
fam857	0.0	0.0	0.0	0.0	0.0	0.0	0.00031460674157303376	0.0	0.0029512728376417086	906531	0.00024968789013732833
fam1625	0.051480900915766035	0.0	0.12351565552361532	0.00021969148733574562	0.0	0.00037773457132647437	7.722338602171015e-05	0.0	0.00041582116342033117	1715502	0.0007313081516377921
fam1310	0.34975027225956673	0.2903225806451613	0.2151891884509579	0.00025328571428571425	0.0	0.00047187480061797757	0.00020733766233766232	0.0	0.000901762014136762	1371749	0.0007446865249739993
fam2634	0.12330937475848211	0.0	0.2717371000975856	6.0302134646962226e-05	0.0	0.00015984528853870317	9.099507389162561e-05	0.0	0.0002926348705527388	1627758	0.00022945365224964344
fam127	0.1842969606696802	0.25925925925925924	0.19296138386447736	0.0004553181818181818	0.0007	0.00048080319980439896	0.00029450649350649347	0.0	0.000847023637312222	145389	0.0004738474583835409
fam3411	nan	nan	nan	0.0	0.0	0.0	0.0	0.0	0.0	838429	0.0
fam2456	nan	nan	nan	0.0	0.0	0.0	0.0	0.0	0.0	1825289	0.0
fam401	0.0	0.0	0.0	0.0	0.0	0.0	0.00016497175141242938	0.0	0.0010880811940624099	459877	4.208355690222937e-05
fam642	nan	nan	nan	0.0	0.0	0.0	0.0	0.0	0.0	705659	0.0
fam3371	0.0	0.0	0.0	0.0	0.0	0.0	0.00010807453416149067	0.0	0.0009636225102553104	878372	2.8557149996430357e-05
fam558	nan	nan	nan	0.0	0.0	0.0	0.0	0.0	0.0	623738	0.0
fam838	0.712121212121212	0.7121212121212122	1.1102230246251565e-16	5.2808988764044944e-05	0.0	0.0004953922263184296	7.415730337078653e-05	0.0	0.0006956571688726885	884878	0.0014212145532370253
fam3974	0.0	0.0	0.0	0.0	0.0	0.0	0.00010786516853932584	0.0	0.0010118649729057288	212925	5.898139137102244e-05
fam1646	nan	nan	nan	0.0	0.0	0.0	0.0	0.0	0.0	1746285	0.00019277373870896675
fam3901	0.344779527221967	0.2602739726027397	0.25580765023101343	0.0012299181108360315	0.0	0.0014977790874423358	0.0017560274233479338	0.0	0.0033571800167644314	292880	0.0016165119203137024
fam2957	nan	nan	nan	0.0	0.0	0.0	0.0	0.0	0.0	1325717	0.0
fam2807	0.0	0.0	0.0	0.0	0.0	0.0	0.0001632183908045977	0.0	0.0015136250877705632	1449916	4.5075501464953795e-05
fam3467	nan	nan	nan	0.0	0.0	0.0	0.0	0.0	0.0	779439	0.0
fam3848	nan	nan	nan	0.0	0.0	0.0	0.0	0.0	0.0	347831	4.1826128782650514e-05
fam1952	0.02249765738137831	0.0	0.07957762289140241	0.0001479025974025974	0.0	0.0003796403162646365	0.000938701298701299	0.0	0.0019329009559681865	2316376	0.0011602906488083942
fam2557	0.0	0.0	0.0	0.0	0.0	0.0	0.0007515707874337005	0.0	0.003977358987761973	1704316	0.01577681822989861
fam2809	0.0	0.0	0.0	0.0	0.0	0.0	0.00018764044943820224	0.0	0.00176022344245059	1447308	9.363295880149813e-05
fam3227	0.030257589312616174	0.0	0.12047838754494965	5.0847457627118643e-05	0.0	0.00047563441357295866	0.0016335965588084231	0.0	0.003442680810557085	1021133	0.00036164347724050637
fam1738	0.0	0.0	0.0	0.0	0.0	0.0	0.0009093311688311689	0.0	0.003951575134825525	1838280	0.00015254586683158112
fam1618	0.19169574732359376	0.2641509433962264	0.17199831930512374	0.0005902173913043478	0.0	0.0007373512794203045	0.0001316770186335404	0.0	0.0008275935975850599	1708975	0.0004993608181527643
fam2760	0.0	0.0	0.0	0.0	0.0	0.0	4.659090909090909e-05	0.0	0.00043457106951891067	1492311	8.436255652291285e-06
fam1555	nan	nan	nan	0.0	0.0	0.0	0.0	0.0	0.0	1643874	0.0
fam3439	0.0	0.0	0.0	0.0	0.0	0.0	0.0001404557861994541	0.0	0.000929115563754223	811101	4.093244100611941e-05
fam1906	nan	nan	nan	0.0	0.0	0.0	0.0	0.0	0.0	2370721	5.944949765174484e-05
fam2993	nan	nan	nan	0.0	0.0	0.0	0.0	0.0	0.0	1293273	0.0
fam159	nan	nan	nan	0.0	0.0	0.0	0.0	0.0	0.0	178467	0.0
fam2109	0.0	0.0	0.0	0.0	0.0	0.0	0.0004957734573119188	0.0	0.002002248426329297	2178596	0.0012313459059021192
fam315	nan	nan	nan	0.0	0.0	0.0	0.0	0.0	0.0	361245	0.0
fam1560	0.06554289481118748	0.0	0.107738174599895	0.000211705706849489	0.0	0.00026049499824276867	0.0002244905732241478	0.0	0.0007160497169605468	1650978	0.0003380346030378243
fam2449	0.0	0.0	0.0	0.0	0.0	0.0	0.00012954545454545453	0.0	0.001208319559150142	1828567	0.0001377410468319559
fam3153	nan	nan	nan	0.0006646924395353265	0.0	0.0008385964162803114	0.0	0.0	0.0	1092543	0.002111971844925936
fam3622	0.20645994832041345	0.26666666666666666	0.11956790226006732	0.0005201315527207494	0.0	0.0006555244623540066	0.00010285030894957144	0.0	0.000672494017982353	588117	0.021577176972618878
fam260	0.0921011822966104	0.0	0.16987620292791672	0.0006499165382639959	0.0	0.0022476441454647	0.0010848870056497178	0.0	0.007010710138875441	297149	0.0010908330620991666
fam1453	nan	nan	nan	0.0	0.0	0.0	0.0	0.0	0.0	1532659	0.0001465201465201465
fam3510	0.17998134014964312	0.22857142857142856	0.13582589385347382	0.00043160591133004935	0.0	0.00047595388521552766	0.00023721510673234812	0.0	0.0008878014364207253	734919	0.0004060549251111865
fam2870	0.0846774193548387	0.0	0.14666559257639689	0.0007971751412429378	0.0	0.0010300304019522602	0.00013853869104297591	0.0	0.0009163770597033458	1398652	0.0007353808423517117
fam1744	0.29073482428115005	0.29073482428115016	1.1102230246251565e-16	0.00010224719101123596	0.0	0.0009591636722335555	0.00035168539325842703	0.0	0.0032991014220780527	1844341	0.0020331728196896735
fam3265	0.1390148549212356	0.0	0.2039973163596307	0.00028294805194805197	0.0	0.00045244804239562546	0.00022644805194805195	0.0	0.0007780527520443185	980498	0.0009861620349746998
fam2596	0.21636661211129293	0.3	0.1499663567229375	0.0003955909090909091	0.0	0.00048757088214141807	0.0003605844155844156	0.0	0.0009862915831689194	1670334	0.0006004573019186798
fam85	nan	nan	nan	0.0	0.0	0.0	0.0	0.0	0.0	89515	0.0
fam1510	0.0	0.0	0.0	0.0	0.0	0.0	0.00010337078651685393	0.0	0.0009697039323679901	1593603	0.0013668031486066146
fam2585	nan	nan	nan	0.0	0.0	0.0	0.0	0.0	0.0	1681754	0.00015218094314139508
fam3670	0.10455071919575604	0.0	0.1567652242443911	0.00044495227853206084	0.0	0.00053247892227727	0.0005492942599811802	0.0	0.0012075898009747856	538891	0.0004650276461003709
fam2236	nan	nan	nan	0.0	0.0	0.0	0.0	0.0	0.0	2042392	0.0
fam230	0.002156002156002156	0.0	0.028480453898624882	1.581920903954802e-05	0.0	0.00014797515088936495	8.360939907550079e-05	0.0	0.0005514086107956396	261443	3.352948079598988e-05
fam2868	nan	nan	nan	0.0011324922958397539	0.002	0.0012172258544564712	0.0	0.0	0.0	1399993	0.0008690277674075179
fam1006	nan	nan	nan	0.0	0.0	0.0	0.0	0.0	0.0	1059095	5.9185606060606055e-05
fam932	0.18216388114450746	0.0	0.2382167735527368	0.0009342834363165239	0.0011	0.0010152576550952626	0.0012527805461431134	0.0	0.0019541153875824325	979656	0.013448987100246826
fam1850	0.3896897215769883	0.380952380952381	0.15270376280712358	0.0003757077922077923	0.0	0.00045608599418873373	0.0008368506493506493	0.0	0.0010831794606288238	1969097	0.0005150742115027829
fam1735	0.4069905568462865	0.40909090909090906	0.11668782067769753	0.00042068181818181815	0.0	0.0004946796707793929	0.0009290000000000002	0.0	0.0012191163661790922	1834829	0.0005039890050951997
fam1999	0.0	0.0	0.0	0.0	0.0	0.0	0.00022298850574712644	0.0	0.0020679103311795014	2273944	6.385696040868455e-05
fam3915	0.0	0.0	0.0	0.0	0.0	0.0	0.0002314543261600965	0.0	0.0015309089184240708	279675	0.00012160124519675082
fam1303	0.0	0.0	0.0	0.0	0.0	0.0	7.683615819209039e-05	0.0	0.0007187364471769151	1365630	0.019337404003717563
fam3989	0.0017045454545454545	0.0	0.022549016855664118	1.3559322033898304e-05	0.0	0.00012683584361945563	4.519774011299435e-05	0.0	0.0004227861453981854	203115	2.1461415058401883e-05
fam613	nan	nan	nan	0.0	0.0	0.0	0.0	0.0	0.0	679372	0.0
fam2719	nan	nan	nan	0.0	0.0	0.0	0.0	0.0	0.0	1539328	0.0
fam3684	nan	nan	nan	0.0	0.0	0.0	0.0	0.0	0.0	529357	0.0
fam2813	nan	nan	nan	0.0	0.0	0.0	0.0	0.0	0.0	1444662	0.0002383384405856316
fam2103	0.0	0.0	0.0	0.0	0.0	0.0	0.00019176470588235295	0.0	0.0017575525606536512	2183949	4.559963520291838e-05
fam1622	0.0	0.0	0.0	0.0	0.0	0.0	0.0006939935064935065	0.0	0.002862392678182656	1712451	0.0002079381292864439
fam902	nan	nan	nan	0.0001381753246753247	0.0	0.0007398827007166068	0.0	0.0	0.0	949079	0.002630657221566312
fam2680	0.0	0.0	0.0	0.0	0.0	0.0	0.00016436781609195403	0.0	0.0015242844193745807	1576077	4.8498957272418644e-05
fam1617	0.0	0.0	0.0	0.0	0.0	0.0	0.0003875776397515528	0.0	0.0013938087486534876	1708044	0.00010702203053864374
fam1935	nan	nan	nan	0.0019410080619564525	0.0033	0.0020014494968303865	0.0	0.0	0.0	2337715	0.0014586181641781566
fam2955	nan	nan	nan	0.0	0.0	0.0	0.0	0.0	0.0	1327264	8.480325644504748e-05
fam2077	nan	nan	nan	0.0	0.0	0.0	0.0	0.0	0.0	2206074	0.0
fam3435	0.11676082862523539	0.0	0.1590194488330286	0.0005100742715673205	0.0009	0.0005367998504283854	3.0337078651685392e-05	0.0	0.0002845870236297362	812471	0.0004959293626294038
fam762	nan	nan	nan	0.0	0.0	0.0	0.0	0.0	0.0	815752	0.0
fam3323	nan	nan	nan	0.0	0.0	0.0	0.0	0.0	0.0	924906	0.0
fam21	0.24363249244394922	0.0	0.39493579421453995	0.0012325714285714286	0.0	0.006391009625802933	0.0014295259740259739	0.0	0.011059742324972128	26952	0.007381363102425721
fam3474	0.18310117302052786	0.2903225806451613	0.14011554342392765	0.00042330508474576267	0.0	0.0004492075038326598	3.502824858757061e-05	0.0	0.0003276592626835937	771296	0.0003452605147520402
fam924	nan	nan	nan	0.0	0.0	0.0	0.0	0.0	0.0	969740	0.0
fam3455	0.0	0.0	0.0	0.0	0.0	0.0	6.55367231638418e-05	0.0	0.0006130399108273687	795607	1.5436386650612826e-05
fam687	0.0	0.0	0.0	0.0	0.0	0.0	0.00013785310734463279	0.0	0.0012894977434644661	750256	2.1159990689604098e-05
fam822	0.07253487253487254	0.0	0.12272964565889036	0.0003351558441558442	0.0	0.0004270304154420375	0.00013597402597402599	0.0	0.0006287108222598435	868831	0.0003008742559523809
fam1976	0.0	0.0	0.0	0.0	0.0	0.0	0.0006263039000730849	0.0	0.0033342337793093395	2294259	0.00016838175041460342
fam244	nan	nan	nan	0.0	0.0	0.0	0.0	0.0	0.0	276421	0.0
fam3683	nan	nan	nan	0.0	0.0	0.0	0.0	0.0	0.0	529611	0.00020244964065188782
fam3358	0.0	0.0	0.0	0.0	0.0	0.0	0.0011246019517205956	0.0	0.002526373630698016	894602	0.00021876010576575547
fam3048	nan	nan	nan	0.0	0.0	0.0	0.0	0.0	0.0	1232185	4.0272240344730375e-05
fam3386	0.001513317191283293	0.0	0.020076421249124697	1.6853932584269665e-05	0.0	0.00015810390201652008	6.292134831460673e-05	0.0	0.0005902545675283416	863710	9.16686309944737e-05
fam1097	nan	nan	nan	0.0	0.0	0.0	0.0	0.0	0.0	1153378	0.0
fam3138	0.0	0.0	0.0	0.0	0.0	0.0	0.0021133944588399445	0.0	0.004056620391885353	1107072	0.000677695834163843
fam334	0.06616541353383458	0.0	0.11416693471339733	0.0006161688311688311	0.0	0.0007875728769016245	6.477272727272728e-05	0.0	0.000604159779575071	385982	0.0008892864505109404
fam3792	nan	nan	nan	0.0	0.0	0.0	0.0	0.0	0.0	400747	0.0008912655971479499
fam3477	nan	nan	nan	0.0	0.0	0.0	0.0	0.0	0.0	769864	0.0
fam3520	0.15191765541020183	0.23684210526315788	0.1276535093569418	0.0005694384236453201	0.0009	0.0005951875805664709	0.00013027257799671593	0.0	0.0006954186164735723	719067	0.003906691491499493
fam1936	0.0	0.0	0.0	0.0	0.0	0.0	0.00010337078651685392	0.0	0.00096970393236799	2336987	2.311924908678966e-05
fam2224	0.0	0.0	0.0	0.0	0.0	0.0	0.00011460039357582682	0.0	0.000757980537757044	2057018	7.296074711805048e-05
fam1347	0.0	0.0	0.0	0.0	0.0	0.0	0.00039961479198767337	0.0	0.0021460412199840353	1411387	7.554788012073873e-05
fam1956	0.34718051384718046	0.27927927927927926	0.14091427428564893	0.0017968958293658349	0.0031	0.00187007014076184	0.001825887132609662	0.0	0.0041143525752414135	2312778	0.0018477206155743577
fam3192	0.0	0.0	0.0	0.0	0.0	0.0	0.0002697142857142858	0.0	0.002508487860632133	1053071	0.0005772005772005773
fam1463	nan	nan	nan	0.0006424998413000699	0.0	0.0008086176630492399	0.0	0.0	0.0	1543255	0.0005278647485824225
fam4131	0.20408595026263784	0.0	0.3764978648918275	0.0003059499524003808	0.0	0.0007227515055849466	0.0005119067047463621	0.0	0.001428845581737353	34350	0.003894034010635183
fam2235	nan	nan	nan	0.0	0.0	0.0	0.0	0.0	0.0	2044666	0.0
fam1582	nan	nan	nan	0.0	0.0	0.0	0.0	0.0	0.0	1674748	0.0
fam3364	nan	nan	nan	0.0	0.0	0.0	0.0	0.0	0.0	887794	0.0
fam1439	nan	nan	nan	2.485875706214689e-05	0.0	0.000232532379969002	0.0	0.0	0.0	1514054	0.0006778845761896609
fam1249	nan	nan	nan	2.4719101123595512e-05	0.0	0.00023188572295756285	0.0	0.0	0.0	1300147	3.726684927422811e-05
fam279	nan	nan	nan	0.0	0.0	0.0	0.0	0.0	0.0	316370	0.0008691873098652758
fam2670	nan	nan	nan	0.0	0.0	0.0	0.0	0.0	0.0	1581527	0.0016602809706257981
fam1354	0.0	0.0	0.0	0.0	0.0	0.0	0.0031594179788718363	0.0	0.00606444260605083	1419100	0.0008573260552675122
fam4071	nan	nan	nan	0.0010877674093823398	0.0	0.0011473869080664922	0.0	0.0	0.0	96491	0.0025259943924384365
fam2861	nan	nan	nan	0.0005221232161503655	0.0	0.000543306531256702	0.0	0.0	0.0	1406751	0.0004544946884355688
fam2988	nan	nan	nan	0.0	0.0	0.0	0.0	0.0	0.0	1296561	0.0
fam1301	0.004003710575139146	0.0	0.030316726512441473	4.433766233766233e-05	0.0	0.0002375068343727315	6.362987012987013e-05	0.0	0.0005935004617258644	1364186	0.0005927673612561073
fam2286	0.0	0.0	0.0	0.0	0.0	0.0	0.00022919443915444678	0.0	0.0010657792684030973	1992575	7.302849154434396e-05
fam673	nan	nan	nan	0.0	0.0	0.0	0.0	0.0	0.0	734769	6.884681583476763e-05
fam2268	0.08477842003853565	0.0	0.12744525076589988	0.000610723539964122	0.0	0.0006952762213885138	5.1724137931034475e-05	0.0	0.0004796699221808122	2010257	0.0004859915751120948
fam841	0.022748045089875088	0.0	0.0763597937240365	0.00018882101806239735	0.0	0.00045326310698747826	0.00019487684729064037	0.0	0.0008984877056739302	887284	0.0005964960431819221
fam2150	0.08629377777373061	0.08490566037735849	0.011017840264089253	0.002172321981424148	0.0	0.0023135905903049867	0.024961513587891296	0.0	0.02644665321292099	2143330	0.019773008145901164
fam3289	0.1800091712628156	0.163265306122449	0.14304098470008708	0.00048579782228794194	0.0008	0.0005158835561609193	0.00011330151902137386	0.0	0.0007386929464133947	955674	0.0004388802941893502
fam2603	0.0	0.0	0.0	0.0	0.0	0.0	0.0005797380585516179	0.0	0.002398156249759133	1663882	0.0012763712639694454
fam50	0.03096614368290669	0.0	0.08564812150664325	0.0003204438243306093	0.0	0.0006299713947677289	6.436781609195403e-05	0.0	0.0005969225698250108	54205	0.0013055307540359733
fam882	nan	nan	nan	0.0	0.0	0.0	0.0	0.0	0.0	929252	0.001161078446951639
fam1677	0.0	0.0	0.0	0.0	0.0	0.0	0.0002255813953488372	0.0	0.002079757703156768	1780682	5.699954400364797e-05
fam1528	0.19373761215964022	0.0	0.3115989747193385	0.0006799545454545454	0.0	0.0014887949883763054	0.0009593506493506492	0.0	0.003950693622368642	1614399	0.020310946769280105
fam387	0.17069514898657487	0.3157894736842105	0.16917379618161918	0.0006616080751827356	0.0012	0.0007080658493540415	8.987121475809258e-05	0.0	0.0005807658602729383	448022	0.001814158056368626
fam1492	nan	nan	nan	0.0	0.0	0.0	0.0	0.0	0.0	1576217	0.0
fam3766	0.0	0.0	0.0	0.0	0.0	0.0	4.8314606741573025e-05	0.0	0.0004532311857806909	425882	0.00044055225453458913
fam1153	nan	nan	nan	3.48314606741573e-05	0.0	0.00032674806416747485	0.0	0.0	0.0	1207875	0.00013004577611319183
fam3085	nan	nan	nan	0.0	0.0	0.0	0.0	0.0	0.0	1197896	0.0
fam2439	nan	nan	nan	0.0	0.0	0.0	0.0	0.0	0.0	1834257	0.0
fam2927	0.0	0.0	0.0	0.0	0.0	0.0	0.0015302228147019616	0.0	0.003448114022780257	1350234	0.00040131016825111214
fam2231	nan	nan	nan	2.0809248554913295e-05	0.0	0.00019241523477475417	0.0	0.0	0.0	2045940	0.04471492036106294
fam3631	0.15459003307104574	0.21621621621621623	0.10659502196548354	0.0003403078370748757	0.0	0.000414429009715426	0.0018502486893399654	0.0	0.0020074360030517195	578489	0.0006337620332834337
fam3680	0.180449181647601	0.25626740947075205	0.18002125612395706	0.00010507832562917308	0.0	0.000982918057930427	0.00039778505392912175	0.0	0.0028975639041009566	530746	0.0006371157395695721
fam3768	0.07393481720520693	0.0	0.10398948736894413	9.943502824858756e-05	0.0	0.000930129519876008	0.0006284026707755522	0.0	0.004368174363366876	423294	0.0011499608148592493
fam4050	nan	nan	nan	0.0007151558441558442	0.001	0.0007249192801447524	0.0	0.0	0.0	124207	0.0005183705183705185
fam2060	nan	nan	nan	0.0	0.0	0.0	0.0	0.0	0.0	2214704	9.039548022598871e-05
fam3638	0.0	0.0	0.0	0.0	0.0	0.0	0.00029550561797752803	0.0	0.002772088415356319	572720	0.0002621722846441948
fam2620	0.0	0.0	0.0	0.0	0.0	0.0	4.7727272727272724e-05	0.0	0.0004451703638974207	1643181	9.613905552991846e-06
fam2450	nan	nan	nan	0.0	0.0	0.0	0.0	0.0	0.0	1827746	0.0
fam3998	nan	nan	nan	0.0012887727272727272	0.0022	0.00137999550169946	0.0	0.0	0.0	194257	0.0010287618141021284
fam3159	nan	nan	nan	0.0	0.0	0.0	0.0	0.0	0.0	1086301	8.96780557797507e-05
fam3162	0.0	0.0	0.0	0.0	0.0	0.0	0.00028888888888888893	0.0	0.0025839007739997567	1083900	7.348618459729571e-05
fam2192	0.1293731778425656	0.0	0.19690112163316117	0.0003474929425998118	0.0	0.0003911356037782993	3.6994219653179196e-05	0.0	0.0002411769297283274	2089297	0.00028840562838688966
fam1147	0.0041406455509981396	0.0	0.03800873535812032	3.488372093023257e-05	0.0	0.00022674810905811343	9.883720930232558e-05	0.0	0.0006424979575671606	1201827	0.00060585927202179
fam2036	nan	nan	nan	0.00043952263061004256	0.0	0.0007582020754649746	0.0	0.0	0.0	2237565	0.0011469894604814318
fam204	nan	nan	nan	0.0	0.0	0.0	0.0	0.0	0.0	223676	0.0
fam417	nan	nan	nan	0.0007563743842364532	0.0	0.0009803509262780227	0.0	0.0	0.0	478800	0.0005920580957006407
fam3555	0.0	0.0	0.0	0.0	0.0	0.0	0.00015902670775552134	0.0	0.0008531705741306978	686374	3.356557911642657e-05
fam182	0.3320798698157189	0.2727272727272727	0.22215378765632274	0.0006422003284072249	0.0009	0.0006796665022535733	0.00015042364532019705	0.0	0.0006934864568575507	201413	0.0005446448162535053
fam979	0.1617897749009166	0.2962962962962963	0.16042091887641016	0.00036202245697960274	0.0	0.0004595650721842254	0.00012374593050295664	0.0	0.0005686639833512836	1030791	0.0003839873722273563
fam1819	0.0	0.0	0.0	0.0	0.0	0.0	7.5e-05	0.0	0.0006995534289816611	1940301	0.008723880736867749
fam3977	0.0	0.0	0.0	0.0	0.0	0.0	8.926553672316384e-05	0.0	0.0008350026371614166	211434	2.8972910328842533e-05
fam2117	nan	nan	nan	0.0	0.0	0.0	0.0	0.0	0.0	2175159	0.0
fam3866	nan	nan	nan	0.0	0.0	0.0	0.0	0.0	0.0	329264	0.00029260299625468166
fam2181	nan	nan	nan	0.0	0.0	0.0	0.0	0.0	0.0	2101894	0.0
fam61	0.0029517183217372973	0.0	0.027514281986797763	4.0481178188281595e-05	0.0	0.0002678094545265561	0.00024178251761569223	0.0	0.0013021284683227652	65403	0.0009775915698597094
fam2655	0.0	0.0	0.0	0.0	0.0	0.0	4.067796610169491e-05	0.0	0.0003805075308583669	1597923	1.0262883767709887e-05
fam266	nan	nan	nan	0.0	0.0	0.0	0.0	0.0	0.0	303544	0.0
fam699	0.1384909264565425	0.0	0.1818043798555793	0.00045573959938366725	0.0005	0.00045392108940511003	0.00010851309707241911	0.0	0.0005033638235794852	759944	0.00041930732387950313
fam918	nan	nan	nan	0.0	0.0	0.0	0.0	0.0	0.0	965307	0.0
fam2041	0.13669583837631508	0.0	0.15637938099931395	0.000290588084232152	0.0	0.00036863936347020736	0.00028203646635850026	0.0	0.0007730897811130821	2231102	0.0002891131103268884
fam2597	nan	nan	nan	0.0	0.0	0.0	0.0	0.0	0.0	1669988	0.0
fam1355	0.0	0.0	0.0	0.0	0.0	0.0	0.0007748809750523709	0.0	0.0027015237993929433	1419810	0.000175755612322703
fam4074	0.15956336022781206	0.0	0.20317752072981304	0.0007025808936825887	0.0	0.0008638950181995956	0.0002705444273240884	0.0	0.0011191395832209285	94470	0.0011056375958021388
fam1366	0.0348243839646929	0.0	0.100503119959006	5.094155844155845e-05	0.0	0.0001547487170084233	0.0002841558441558442	0.0	0.000615811892870632	1431495	0.00026540507111935685
fam515	0.30238494867090826	0.27999999999999997	0.14855796877481448	0.0003810246305418719	0.0007	0.0003997592063213261	0.0005034351395730705	0.0	0.001024005796569965	584834	0.00039882246778798506
fam3705	0.0	0.0	0.0	0.0	0.0	0.0	0.00014767441860465114	0.0	0.0013614908675304612	504174	4.7267914539610525e-05
fam2855	nan	nan	nan	0.0	0.0	0.0	0.0	0.0	0.0	1414075	0.0
fam482	nan	nan	nan	0.0	0.0	0.0	0.0	0.0	0.0	553468	0.0016283992835043153
fam511	nan	nan	nan	0.0	0.0	0.0	0.0	0.0	0.0	579749	0.0
fam1575	0.0	0.0	0.0	0.0	0.0	0.0	0.0003922662337662338	0.0	0.0008496893591434811	1667495	6.52564120220536e-05
fam2584	0.0	0.0	0.0	0.0	0.0	0.0	0.0001820107858243451	0.0	0.0012004830023872892	1682100	7.743872412752372e-05
fam532	nan	nan	nan	0.0	0.0	0.0	0.0	0.0	0.0	598658	2.562230165135734e-05
fam4023	0.24154972915909523	0.21212121212121213	0.12481260244568392	0.0002462791461412151	0.0	0.0003080093097380558	0.0006795402298850575	0.0	0.0012073164145742572	160222	0.00046270125410882896
fam3305	0.0	0.0	0.0	0.0	0.0	0.0	0.00011460674157303371	0.0	0.0010751065337123368	940234	4.6816479400749066e-05
fam1873	nan	nan	nan	0.0	0.0	0.0	0.0	0.0	0.0	2001157	0.0
fam2452	nan	nan	nan	0.0	0.0	0.0	0.0	0.0	0.0	1827053	0.0
fam3480	0.2548241176812605	0.32	0.22444838616336316	0.0003858243451463791	0.0	0.00046960449101289076	5.649075500770416e-05	0.0	0.00037254622508096924	765167	0.0006756978090270633
fam13	0.12597706187449775	0.0	0.17148294671130113	0.0010484206471494605	0.0017	0.0010951286222521085	0.00011640344119157678	0.0	0.0007678252779581212	16385	0.0013423470047871657
fam650	nan	nan	nan	0.0	0.0	0.0	0.0	0.0	0.0	712297	0.0
fam380	nan	nan	nan	0.0	0.0	0.0	0.0	0.0	0.0	441146	0.0
fam1533	0.0	0.0	0.0	0.0	0.0	0.0	0.00014942528735632183	0.0	0.001385713108522346	1618041	5.108556832694763e-05
fam1264	0.3409806567701305	0.38461538461538464	0.18988365259310463	0.0002868977337649972	0.0005	0.0003020713624216057	9.87811845362788e-05	0.0	0.00034446744037538876	1325984	0.000280992850415042
fam3181	0.0	0.0	0.0	0.0	0.0	0.0	7.191011235955056e-05	0.0	0.0006745766486038192	1065375	0.00013241024476979535
fam218	0.0	0.0	0.0	0.0	0.0	0.0	4.545454545454545e-05	0.0	0.00042397177514040063	244776	0.0033246651864918845
fam3695	0.21075816359521501	0.0	0.24727577391452923	0.0006708076527991784	0.001	0.0007037355495212503	0.00021280816640986133	0.0	0.0008012291040778819	516293	0.0007638386049922042
fam2633	nan	nan	nan	0.0	0.0	0.0	0.0	0.0	0.0	1632629	2.7139988058405254e-05
fam663	0.2635657591483541	0.3076923076923077	0.19196244242203164	0.0004231428571428571	0.0007	0.0004533161997926328	0.0007882012987012985	0.0	0.0012911961175686238	723179	0.0005610419672919674
fam921	nan	nan	nan	0.0	0.0	0.0	0.0	0.0	0.0	967696	0.0
fam3396	nan	nan	nan	0.00025736164288200485	0.0	0.00047515612003886504	0.0	0.0	0.0	853331	0.0006744751900113514
fam544	0.0	0.0	0.0	0.0	0.0	0.0	0.00018767334360554703	0.0	0.001007843956320113	612339	4.8359447434948205e-05
fam3903	nan	nan	nan	0.0	0.0	0.0	0.0	0.0	0.0	291518	0.0
fam3236	nan	nan	nan	0.00026145812807881774	0.0	0.0005306453381004373	0.0	0.0	0.0	1011713	0.0006491088055333865
fam2983	nan	nan	nan	0.0	0.0	0.0	0.0	0.0	0.0	1299283	9.856100926473485e-05
fam113	nan	nan	nan	0.0	0.0	0.0	0.0	0.0	0.0	125775	0.00019921906127978324
fam1165	0.0	0.0	0.0	0.0	0.0	0.0	0.0005389830508474576	0.0	0.005041724783873362	1217078	0.00011077877478675086
fam3146	nan	nan	nan	0.002479768786127168	0.0	0.0031964387614638735	0.0	0.0	0.0	1099353	0.0018984472401677433
fam2716	0.0	0.0	0.0	0.0	0.0	0.0	0.00023707865168539323	0.0	0.001568313491862229	1540392	0.0001510209012927389
fam3859	0.0	0.0	0.0	0.0	0.0	0.0	0.0001762364532019704	0.0	0.00094094116139801	337363	3.8822022469374054e-05
fam1806	nan	nan	nan	0.0	0.0	0.0	0.0	0.0	0.0	1925149	0.0
fam4164	nan	nan	nan	0.0	0.0	0.0	0.0	0.0	0.0	905	7.968762451191329e-05
fam3578	0.0	0.0	0.0	0.0	0.0	0.0	0.002922884529930807	0.0	0.006375910434461616	638712	0.0007333803831949844
fam3315	nan	nan	nan	0.0	0.0	0.0	0.0	0.0	0.0	930842	0.0
fam3267	nan	nan	nan	0.0	0.0	0.0	0.0	0.0	0.0	979307	0.0
fam2256	nan	nan	nan	0.0	0.0	0.0	0.0	0.0	0.0	2019762	5.6216094667903404e-05
fam3260	0.13144577615252157	0.1951219512195122	0.0999323467786255	0.00041302609026852035	0.0	0.00042615313044820136	0.000895188218117184	0.0	0.0017383935154790583	989047	0.0006511858110392188
fam2618	0.0	0.0	0.0	0.0	0.0	0.0	0.00010786516853932583	0.0	0.0010118649729057288	1646246	3.745318352059926e-05
fam4090	0.0	0.0	0.0	0.0	0.0	0.0	0.00037033898305084743	0.0	0.00198873136131137	84064	7.169830661140172e-05
fam572	0.0	0.0	0.0	0.0	0.0	0.0	0.00033293975750650666	0.0	0.0022022609983193314	637331	7.448316722740644e-05
fam2709	nan	nan	nan	0.0	0.0	0.0	0.0	0.0	0.0	1543539	0.0
fam737	nan	nan	nan	0.0	0.0	0.0	0.0	0.0	0.0	800009	0.0
fam742	nan	nan	nan	0.0	0.0	0.0	0.0	0.0	0.0	802236	3.70823599213854e-05
fam373	0.0	0.0	0.0	0.0	0.0	0.0	0.00027415730337078647	0.0	0.001813409383514241	425515	0.00011889899530348969
fam499	0.0	0.0	0.0	0.0	0.0	0.0	0.0001887640449438202	0.0	0.0017707637025850252	568251	0.0006173601679219658
fam2007	nan	nan	nan	0.0	0.0	0.0	0.0	0.0	0.0	2269575	0.0
fam57	nan	nan	nan	0.0	0.0	0.0	0.0	0.0	0.0	60887	0.0
fam195	nan	nan	nan	0.001034257832562917	0.0	0.001272549056204059	0.0	0.0	0.0	215655	0.001958545602613399
fam2275	nan	nan	nan	0.0	0.0	0.0	0.0	0.0	0.0	2004652	2.8972910328842533e-05
fam420	0.5329218106995884	0.5329218106995885	1.1102230246251565e-16	0.0002943181818181819	0.0	0.002745217244034095	0.0005522727272727272	0.0	0.005151257067955868	481640	0.0017553584626755362
fam3209	0.0	0.0	0.0	0.0	0.0	0.0	0.00015729327170005143	0.0	0.0010374544465075336	1037533	0.0002043209919580807
fam3952	0.2224751214477242	0.2702702702702703	0.2328841619035622	0.0005284453754840349	0.0	0.0005891938091255197	0.00012470005713197487	0.0	0.000671449825480277	241904	0.0004566666496413868
fam1445	nan	nan	nan	0.0	0.0	0.0	0.0	0.0	0.0	1520173	0.0
fam4056	nan	nan	nan	0.0	0.0	0.0	0.0	0.0	0.0	110150	0.0011890606420927468
fam727	nan	nan	nan	0.0	0.0	0.0	0.0	0.0	0.0	790855	0.0001793561115595014
fam1409	0.022257958018722244	0.0	0.08603817994503585	0.00012426929392446635	0.0	0.00035611316220442087	0.0006299770114942528	0.0	0.0012798880927054508	1480572	0.0023970196161519856
fam2574	nan	nan	nan	0.0	0.0	0.0	0.0	0.0	0.0	1690665	0.0
fam423	0.3573972244042944	0.4210526315789474	0.3588223665205554	0.0007112775041050904	0.0008	0.0007462692608509204	0.0002575763546798029	0.0	0.0006698189137183938	487214	0.000606327686787457
fam3036	0.0	0.0	0.0	0.0	0.0	0.0	0.0013349330286294672	0.0	0.0018673142714482464	1243421	0.0021318114367306364
fam104	0.4406976358913232	0.38461538461538464	0.21955121713056583	0.0005773376623376625	0.001	0.0006086972913342495	0.0005436428571428571	0.0	0.0011314235842488144	108226	0.0007738445859396184
fam2259	0.0	0.0	0.0	0.0	0.0	0.0	0.00038802597402597404	0.0	0.0013452265774879322	2016730	9.687565867341148e-05
fam310	0.3932367149758454	0.37037037037037035	0.35173456616373183	0.0009019666467344362	0.001	0.000962063680997457	6.206896551724138e-05	0.0	0.00040583538142258764	355998	0.0006794694648365052
fam2171	0.0	0.0	0.0	0.0	0.0	0.0	0.00021520287621982535	0.0	0.000997976894164402	2123520	5.007704160246532e-05
fam1759	0.14642816190803806	0.0	0.18521125827010923	0.0001682887484877	0.0	0.00028882472628256574	5.895953757225433e-05	0.0	0.0003129224600970306	1863703	0.0002885347422844456
fam590	0.0	0.0	0.0	0.0	0.0	0.0	0.00023681818181818184	0.0	0.001029920060285512	654211	5.527968763262881e-05
fam1380	0.0	0.0	0.0	0.0	0.0	0.0	0.002752354679802956	0.0	0.005946271854791233	1447288	0.0005361026050681222
fam855	0.0823372502901733	0.0	0.12700221884542995	0.0003186440677966102	0.0	0.00040988881974270575	0.0011575821777092966	0.0	0.0017238717260395287	905138	0.000818617786263237
fam194	nan	nan	nan	2.0338983050847455e-05	0.0	0.00019025376542918342	0.0	0.0	0.0	214526	0.0005988616366499112
fam1066	0.0	0.0	0.0	0.0	0.0	0.0	8.18181818181818e-05	0.0	0.0007631491952527213	1118603	1.8477457501847746e-05
fam2764	0.0	0.0	0.0	0.0	0.0	0.0	0.0013621818181818184	0.0	0.0030475220367283235	1485200	0.00029331213004682384
fam2081	0.0	0.0	0.0	0.0	0.0	0.0	0.0006936583507903255	0.0	0.003226340682536015	2204502	0.00016363726133293834
fam1119	nan	nan	nan	0.0	0.0	0.0	0.0	0.0	0.0	1173770	0.0
fam3388	nan	nan	nan	0.0	0.0	0.0	0.0	0.0	0.0	862687	0.0014058106841611997
fam2731	0.0019188548600313307	0.0	0.025141381432423376	8.230541871921182e-05	0.0	0.0007654859078992327	0.0007467257799671593	0.0	0.003985928939327473	1528524	0.0024958949096880135
fam2785	0.0	0.0	0.0	0.0	0.0	0.0	0.00018769758141306414	0.0	0.0012415431131464689	1468824	9.581677835343805e-05
fam3454	0.0	0.0	0.0	0.0	0.0	0.0	9.318181818181818e-05	0.0	0.0008691421390378213	796402	2.3674242424242428e-05
fam3047	0.0014899957428693058	0.0	0.0195978341987572	7.954545454545455e-06	0.0	7.419506064957013e-05	9.204545454545456e-05	0.0	0.0004928393463498097	1232738	0.0002557558527707782
fam1846	nan	nan	nan	0.0	0.0	0.0	0.0	0.0	0.0	1963589	4.7080979284369114e-05
fam3468	nan	nan	nan	0.0	0.0	0.0	0.0	0.0	0.0	779267	0.0
fam3786	0.5693023255813955	0.6511627906976745	0.14547362085450877	0.0009478181818181816	0.0014	0.0010020546000531127	4.886363636363636e-05	0.0	0.0004557696582759308	404779	0.000977079346985303
fam3332	0.0	0.0	0.0	0.0	0.0	0.0	0.00012584269662921347	0.0	0.0011805091350566832	917895	3.601267646211466e-05
fam1005	nan	nan	nan	0.0	0.0	0.0	0.0	0.0	0.0	1058984	0.00014867677668748143
fam3124	0.0	0.0	0.0	0.0	0.0	0.0	0.00026458452358280965	0.0	0.0009992446746131332	1135102	7.988663151654879e-05
fam525	nan	nan	nan	0.0	0.0	0.0	0.0	0.0	0.0	592803	0.00014405070584845865
fam579	nan	nan	nan	0.0	0.0	0.0	0.0	0.0	0.0	642360	0.0
fam2126	0.12859202982659773	0.0	0.16462107797317652	0.00033199794555726763	0.0	0.00041221496229154787	0.0003742424242424242	0.0	0.0009384631180402386	2163228	0.0006050308341758016
fam615	0.0	0.0	0.0	0.0	0.0	0.0	0.0005187981510015408	0.0	0.001953595185492461	680522	9.724061909610527e-05
fam3261	nan	nan	nan	0.0	0.0	0.0	0.0	0.0	0.0	988587	0.0
fam3534	nan	nan	nan	0.0	0.0	0.0	0.0	0.0	0.0	706140	2.8319386035710743e-05
fam3762	0.10373079324632122	0.0	0.1221968866158375	0.00043122110939907554	0.0	0.0005478331489814762	0.00015256805341551103	0.0	0.0008193724218931686	429367	0.00041614440709900443
fam3341	0.0	0.0	0.0	0.0	0.0	0.0	0.003253097402597403	0.0	0.004233496852591524	909268	0.0009089293790786327
fam2505	0.0	0.0	0.0	0.0	0.0	0.0	0.0002390909667999746	0.0	0.0015814894417460971	1767463	0.00168639165235387
fam2563	nan	nan	nan	0.0	0.0	0.0	0.0	0.0	0.0	1699685	0.0
fam1107	0.0	0.0	0.0	0.0	0.0	0.0	0.0003549820236260914	0.0	0.001234182755779714	1164831	0.00014832453969588024
fam2381	0.06867019620056057	0.0	0.10746347282100738	0.0003947783251231527	0.0	0.000472547154185923	0.0002530837438423645	0.0	0.0009474528195133084	1887886	0.0003574292587925307
fam2020	0.4482781813290288	0.3928571428571429	0.21174089263406334	0.0017272900399923825	0.0	0.001914593263775856	9.438202247191011e-05	0.0	0.0008853818512925126	2258666	0.0012755183198908204
fam691	0.010027956727847334	0.0	0.04283292895977995	0.00010960451977401128	0.0	0.0003341544038753479	0.00031910631741140217	0.0	0.0013198893832719893	754040	0.0005305402831487531
fam2802	nan	nan	nan	0.0004708782742681048	0.0	0.0005993571278402064	0.0	0.0	0.0	1453129	0.0003497313385829655
fam3489	0.3975937456111605	0.5121951219512194	0.2713820645327826	0.0007246753246753246	0.0011	0.0008462899696721873	0.00013924025974025977	0.0	0.0007455625049375565	755373	0.000596556573713934
fam20	0.0	0.0	0.0	0.0	0.0	0.0	9.83050847457627e-05	0.0	0.0009195598662410532	25245	0.0004285611721368966
fam365	0.0	0.0	0.0	0.0	0.0	0.0	0.0002800525451559934	0.0	0.001495107114756441	416956	0.00011172285005956405
fam2901	0.25976455635819184	0.2727272727272727	0.27895537477870747	0.000861727924839713	0.0011	0.0012877395217893567	0.00046298482828667557	0.0	0.0019116336140979594	1372729	0.0013322634755007288
fam139	nan	nan	nan	3.0337078651685396e-05	0.0	0.0002845870236297362	0.0	0.0	0.0	159818	2.4803432795098845e-05
fam2071	nan	nan	nan	0.0	0.0	0.0	0.0	0.0	0.0	2208802	0.0
fam2566	0.05227272727272727	0.0	0.14769230355345406	0.0003767719568567027	0.0	0.0007560106728867437	4.519774011299435e-05	0.0	0.0004227861453981854	1696236	0.0011200045041473775
fam3211	0.1	0.0	0.17837651700316892	0.00053371854134566	0.0	0.0007043253182729384	3.9548022598870056e-05	0.0	0.00036993787722341227	1034340	0.0004327081101209754
fam1933	0.0	0.0	0.0	0.0	0.0	0.0	0.0005838316511140735	0.0	0.0027159318674836964	2339052	0.0022779342043205207
fam1967	0.6292134831460672	0.6292134831460674	2.220446049250313e-16	6.363636363636363e-05	0.0	0.000593560485196561	0.00010113636363636364	0.0	0.0009433371996873916	2303510	0.0002990430622009569
fam3103	0.0	0.0	0.0	0.0	0.0	0.0	0.0004414805194805195	0.0	0.0023638385336686753	1178928	0.00010107452071737784
fam1086	nan	nan	nan	0.0	0.0	0.0	0.0	0.0	0.0	1140363	3.8023536569136295e-05
fam1477	0.17008086600323324	0.2105263157894737	0.09253873123426418	0.00013147963590459108	0.0	0.00020667309875761945	0.0004485349810643811	0.0	0.0008815999491208277	1561898	0.0002869565847816478
fam1536	nan	nan	nan	0.0	0.0	0.0	0.0	0.0	0.0	1619519	4.864049807870033e-05
fam3530	nan	nan	nan	0.0	0.0	0.0	0.0	0.0	0.0	709479	0.00020177562550443903
fam1606	0.11155202821869488	0.0	0.17714444977534963	0.0008387005649717515	0.0	0.0010809467003954109	0.001289265536723164	0.0	0.002376187903363099	1697395	0.0013737923757863942
fam1379	0.0	0.0	0.0	0.0	0.0	0.0	0.00011977401129943504	0.0	0.0011203832853051913	1446826	7.243227582210633e-05
fam2700	0.0	0.0	0.0	0.0	0.0	0.0	0.00014463276836158194	0.0	0.0013529156652741935	1550729	4.0283190831545756e-05
fam972	nan	nan	nan	0.0004112359550561798	0.0	0.0038577352092030903	0.0	0.0	0.0	1023097	0.0018398055062750509
fam3049	0.0	0.0	0.0	0.0	0.0	0.0	0.001795981717768044	0.0	0.005198569035604701	1231918	0.0004129846458729627
fam627	nan	nan	nan	0.0	0.0	0.0	0.0	0.0	0.0	696932	0.00013218770654329148
fam3121	0.07051843837890547	0.0	0.14232882065790178	0.00011062068965517242	0.0	0.00017710176019329615	0.00021835139573070605	0.0	0.0005381982115770042	1137801	0.00017019204171595716
fam2715	0.0	0.0	0.0	0.0	0.0	0.0	0.0012157874690535138	0.0	0.003953494843661461	1540782	0.00032654097632197043
fam1535	nan	nan	nan	0.0012160540849362027	0.0	0.0015919142385189735	0.0	0.0	0.0	1618835	0.0008977238603206503
fam678	0.15656039471583805	0.16666666666666666	0.043184446569952385	0.00024047483019107467	0.0	0.0005083666929373372	0.0013708436488287944	0.0	0.00298893936926773	738647	0.0009840450155251764
fam2592	nan	nan	nan	0.0	0.0	0.0	0.0	0.0	0.0	1675618	0.0
fam740	nan	nan	nan	0.0024045326142783773	0.0	0.0031381021174718073	0.0	0.0	0.0	801294	0.001740764975034768
fam3002	0.0	0.0	0.0	0.0	0.0	0.0	0.0002636704119850188	0.0	0.001744072468467658	1280667	9.02712506032304e-05
fam2939	nan	nan	nan	0.0	0.0	0.0	0.0	0.0	0.0	1338750	0.0
fam169	nan	nan	nan	0.0	0.0	0.0	0.0	0.0	0.0	188135	0.0008826738973377708
fam3713	nan	nan	nan	0.0	0.0	0.0	0.0	0.0	0.0	498338	1.5652391685449535e-05
fam1411	0.21055085134723242	0.23344947735191637	0.1041483798802077	0.002906824905400757	0.0008	0.00333866387988992	0.012119621603027174	0.0028	0.013855696184135988	1483952	0.022135158156829978
fam3854	nan	nan	nan	0.0	0.0	0.0	0.0	0.0	0.0	342118	4.623849817357934e-05
fam2272	nan	nan	nan	0.0	0.0	0.0	0.0	0.0	0.0	2007328	0.0
fam3301	0.2758736470265304	0.3666666666666667	0.20047459685174884	0.0005953636363636365	0.0011	0.0006638567442298858	0.00048528571428571425	0.0	0.001213693133482863	942926	0.001108393128941074
fam723	0.0	0.0	0.0	0.0	0.0	0.0	6.666666666666668e-05	0.0	0.0006236095644623236	787455	9.511308946337194e-06
fam3667	0.20999960915227428	0.34375	0.2228621966311612	0.0003948701298701299	0.0	0.0005493440445091267	0.00018096103896103898	0.0	0.0007461371421164302	545479	0.00039791479147914787
fam367	0.7518610421836227	0.7518610421836228	1.1102230246251565e-16	0.00034044943820224727	0.0	0.003193698820733706	0.000452808988764045	0.0	0.004247724834177174	419786	0.0011418653512377819
fam624	0.0	0.0	0.0	0.0	0.0	0.0	4.367816091954022e-05	0.0	0.00040505460095268585	694679	9.5308896132365e-05
fam398	0.0	0.0	0.0	0.0	0.0	0.0	0.00038418079096045205	0.0	0.003593682235884576	457689	5.304899074295111e-05
fam670	nan	nan	nan	0.0	0.0	0.0	0.0	0.0	0.0	733323	0.0013615492191001615
fam3035	0.05370953752769251	0.0	0.1289390139718138	0.0004242430013330794	0.0	0.0027836801605649057	0.0015349774646099155	0.0	0.00639238256872248	1244813	0.0013750335160227169
fam3395	nan	nan	nan	0.0	0.0	0.0	0.0	0.0	0.0	854756	0.0003272398162969168
fam3407	nan	nan	nan	0.0	0.0	0.0	0.0	0.0	0.0	843122	0.0
fam2607	1.2883625489135622	1.2093023255813953	0.1439731681376211	0.001231274364833983	0.0	0.0017283855796066143	9.938835865035623e-05	0.0	0.0009190082599648207	1657840	0.001217050658252896
fam2407	0.0	0.0	0.0	0.0	0.0	0.0	0.00013103448275862068	0.0	0.0012151638028580578	1863945	3.140506249607437e-05
fam4076	nan	nan	nan	0.0	0.0	0.0	0.0	0.0	0.0	92135	0.0
fam2274	nan	nan	nan	0.0	0.0	0.0	0.0	0.0	0.0	2005529	0.0
fam3272	nan	nan	nan	0.0	0.0	0.0	0.0	0.0	0.0	975550	0.0
fam916	0.0	0.0	0.0	0.0	0.0	0.0	0.00042269950738916255	0.0	0.0027719191842280294	964315	0.00011477666650080443
fam2331	0.0	0.0	0.0	0.0	0.0	0.0	0.0004036754903827843	0.0	0.001234556016933997	1945299	0.0001419992763632936
fam2111	nan	nan	nan	0.0	0.0	0.0	0.0	0.0	0.0	2177379	0.0
fam3900	nan	nan	nan	0.0	0.0	0.0	0.0	0.0	0.0	293653	9.03954802259887e-05
fam3747	nan	nan	nan	0.0	0.0	0.0	0.0	0.0	0.0	445972	7.5409094336777e-05
fam3374	0.0	0.0	0.0	0.0	0.0	0.0	0.0002711864406779661	0.0	0.0014562289492401433	875622	7.062146892655367e-05
fam3947	0.0	0.0	0.0	0.0	0.0	0.0	0.0003594247560349256	0.0	0.0016667531393684664	248259	6.233656631012283e-05
fam1844	nan	nan	nan	0.0	0.0	0.0	0.0	0.0	0.0	1962818	0.0
fam783	nan	nan	nan	0.0	0.0	0.0	0.0	0.0	0.0	832196	0.0
fam2357	nan	nan	nan	0.0	0.0	0.0	0.0	0.0	0.0	1912604	0.0030781462172221404
fam976	0.0	0.0	0.0	0.0	0.0	0.0	8.539325842696627e-05	0.0	0.0008010597702170352	1026638	6.768647624204683e-05
fam660	0.0	0.0	0.0	0.0	0.0	0.0	0.0005559707241910632	0.0	0.0029858014963178837	719732	0.000432928545143624
fam1090	0.27018624861433505	0.24390243902439024	0.15936106593986366	0.0008362495894909689	0.001	0.0008428259545086562	9.372085385878491e-05	0.0	0.0006146231020270978	1147308	0.0008860615757167481
fam3413	0.04051948051948051	0.0	0.10163580273392277	0.00031866233766233764	0.0	0.000570589604158502	5e-05	0.0	0.0004663689526544408	836349	0.0007309124767225324
fam2657	0.0	0.0	0.0	0.0	0.0	0.0	9.659090909090913e-05	0.0	0.0009009400221733515	1596289	2.0475020475020476e-05
fam1913	nan	nan	nan	0.0	0.0	0.0	0.0	0.0	0.0	2362037	0.0
fam3317	0.0	0.0	0.0	0.0	0.0	0.0	0.002165382639958911	0.0	0.004707638766733815	930065	0.0007013157921877546
fam2301	0.0	0.0	0.0	0.0	0.0	0.0	0.00011459938366718029	0.0	0.0007558596681697746	1975514	2.4884238522393823e-05
fam3905	0.0	0.0	0.0	0.0	0.0	0.0	0.0011351502311248071	0.0	0.0019526818580232169	290234	0.0002911966727265698
fam2561	0.0	0.0	0.0	0.0	0.0	0.0	9.212891628145866e-05	0.0	0.0006076518900972698	1701710	2.3046633216124737e-05
fam1051	0.7126655348047539	0.7999999999999999	0.5328902439263761	0.0013429892141756548	0.0012	0.0014740804247044723	0.0005832049306625578	0.0	0.0012269488970237889	1107725	0.0011272379543214707
fam2888	0.0	0.0	0.0	0.0	0.0	0.0	0.003060856445814073	0.0	0.0038960061478910727	1385763	0.0005688796587838593
fam2774	nan	nan	nan	0.0	0.0	0.0	0.0	0.0	0.0	1479236	7.695859627520394e-05
fam2312	0.0	0.0	0.0	0.0	0.0	0.0	0.0001880657652510633	0.0	0.001012905248948978	1964721	0.0001513753180102447
fam2372	0.0	0.0	0.0	0.0	0.0	0.0	0.00011685393258426963	0.0	0.001096187053981206	1898874	4.89584098308487e-05
fam684	0.36177399406425115	0.411764705882353	0.14112742349199286	0.0002779607474122866	0.0	0.000995064555776368	0.0006299233767979567	0.0	0.002004557888022098	747810	0.019461196689432404
fam1912	0.0	0.0	0.0	0.0	0.0	0.0	0.0001367231638418079	0.0	0.001278928089829511	2362722	3.4874799469903045e-05
fam205	0.15559940750876464	0.0	0.19027366034288457	0.00045663841807909607	0.0	0.000579290428310326	0.00016562018489984595	0.0	0.0007681270957978142	225045	0.0007427975325131314
fam160	0.046844181459566085	0.0	0.13432472178143792	0.0002018425783256292	0.0	0.00042678648950880644	0.00020832049306625575	0.0	0.0006757009364560966	180824	0.0007412997727767704
fam1698	0.001734906315058987	0.0	0.022863055055251904	1.129943502824859e-05	0.0	0.00010569653634954636	0.00011145351823317926	0.0	0.0005985814366343187	1795190	0.0010467024889005583
fam2413	nan	nan	nan	6.235714285714285e-05	0.0	0.00025713562489829513	0.0	0.0	0.0	1857111	0.0073390770449593985
fam4028	0.15735290723157078	0.18749999999999997	0.1384709541785073	0.00031182510539915675	0.0	0.001180773649753558	0.0004913912688698491	0.0	0.0036878870217334427	148886	0.0021823803904192423
fam3414	0.13165971918055747	0.0	0.17800953879029716	0.0001707192118226601	0.0	0.00021436531356649685	0.00026384893267651893	0.0	0.0005436423080631846	832982	0.00021478210334735753
fam1696	nan	nan	nan	0.0	0.0	0.0	0.0	0.0	0.0	1793023	0.0
fam450	0.0	0.0	0.0	0.0	0.0	0.0	0.005437173871643498	0.0	0.0075062965210205045	520521	0.0011613100772588601
fam2542	0.0	0.0	0.0	0.0	0.0	0.0	0.00015932203389830508	0.0	0.0014903211625286038	1717602	0.00015914697222885337
fam2420	0.0	0.0	0.0	0.0	0.0	0.0	8.861688311688312e-05	0.0	0.0004743782355508218	1848719	2.0966118752096612e-05
fam3484	0.0	0.0	0.0	0.0	0.0	0.0	3.771428571428572e-05	0.0	0.0003507631330544932	760624	7.64964620386307e-06
fam2186	nan	nan	nan	0.0	0.0	0.0	0.0	0.0	0.0	2095697	0.0
fam3823	nan	nan	nan	0.0003830893682588598	0.0	0.0004698939424262422	0.0	0.0	0.0	367089	0.00036533314348383985
fam3266	0.0	0.0	0.0	0.0	0.0	0.0	0.00010898876404494383	0.0	0.0010224052330401634	979767	0.0017531277392620925
fam2382	0.24458204334365324	0.326530612244898	0.2194824656250164	0.0006549647807316519	0.0	0.0008438119675432389	0.00012024539877300615	0.0	0.0007605133465276991	1886875	0.0006609314074273099
fam1188	nan	nan	nan	0.0	0.0	0.0	0.0	0.0	0.0	1241070	5.762028233938346e-05
fam3381	nan	nan	nan	3.314285714285714e-05	0.0	0.0003082463896539485	0.0	0.0	0.0	868653	2.380952380952381e-05
fam3540	nan	nan	nan	0.0	0.0	0.0	0.0	0.0	0.0	701689	4.681647940074906e-05
fam1434	nan	nan	nan	0.0	0.0	0.0	0.0	0.0	0.0	1509995	0.0
fam2389	0.0	0.0	0.0	0.0	0.0	0.0	0.0009107601438109913	0.0	0.004223872501457721	1880874	0.0002902435370655709
fam1383	0.0	0.0	0.0	0.0	0.0	0.0	0.0001022922077922078	0.0	0.0005478108193851098	1452154	2.5767882910740056e-05
fam1641	0.0686607142857143	0.0	0.09554875624894316	4.181432973805855e-05	0.0	0.000240654326405679	0.00018078454031843864	0.0	0.0011176795959974488	1742696	0.003905991031847505
fam2165	0.0	0.0	0.0	0.0	0.0	0.0	0.00017853107344632774	0.0	0.0016700052743228327	2128433	3.520073217522924e-05
fam1593	0.0	0.0	0.0	0.0	0.0	0.0	0.0009378784993334603	0.0	0.00211336020751048	1683415	0.00035140698823806795
fam1620	nan	nan	nan	0.0	0.0	0.0	0.0	0.0	0.0	1711084	0.0006652673808686087
fam108	nan	nan	nan	0.0	0.0	0.0	0.0	0.0	0.0	111530	0.0
fam4033	0.10326170009551099	0.0	0.13570574296322205	0.000416	0.0007	0.0004257596419663009	5.6701298701298706e-05	0.0	0.00037287653556845613	141196	0.00032802391654066307
fam2330	0.0	0.0	0.0	0.0	0.0	0.0	0.0004690344696248334	0.0	0.0021815523452513364	1946398	0.0003493681916017366
fam760	0.0	0.0	0.0	0.0	0.0	0.0	0.00015393258426966291	0.0	0.0014440156384175505	814818	2.8373623879241855e-05
fam14	0.2137522676957582	0.3064516129032258	0.1548025439850966	0.001088891004887958	0.0019	0.0011393114555027697	0.0010044626420364373	0.0	0.0023401943583286097	17120	0.0011384439818432688
fam2120	nan	nan	nan	0.0	0.0	0.0	0.0	0.0	0.0	2172066	0.0
fam3542	nan	nan	nan	0.0	0.0	0.0	0.0	0.0	0.0	700291	0.0
fam2987	0.18716922008422757	0.25	0.129790880890666	0.0015412429378531079	0.0	0.001643926768246746	0.0022650102722136622	0.0	0.004923230173257953	1296749	0.0017500453561672888
fam97	0.02709094163981382	0.0	0.10011843917306701	0.00030101298701298705	0.0	0.000786042371771998	6.368181818181818e-05	0.0	0.0005939881301510416	100761	0.004660274621212121
fam2982	nan	nan	nan	0.0	0.0	0.0	0.0	0.0	0.0	1299497	0.005241939388461923
fam1666	0.0	0.0	0.0	0.0	0.0	0.0	0.00011123595505617979	0.0	0.0010434857533090326	1766833	0.0001677008217340265
fam3231	0.0	0.0	0.0	0.0	0.0	0.0	0.0005704627689963816	0.0	0.0026537587481399176	1016802	0.0019152252038125378
fam3434	0.0	0.0	0.0	0.0	0.0	0.0	0.00034858122262426206	0.0	0.0023057229244148707	814038	8.867043717548383e-05
fam2010	0.30508542481575085	0.39316239316239315	0.2665790738904246	0.0020023181343543335	0.0	0.0024313790518363724	0.000547859380438566	0.0	0.0024889557186011904	2267518	0.001564354138163555
fam190	0.0	0.0	0.0	0.0	0.0	0.0	0.0006388624389005268	0.0	0.0020783254875081456	210486	0.0001563999311840303
fam2460	nan	nan	nan	0.0005161873928775471	0.0	0.0007126230874386554	0.0	0.0	0.0	1820334	0.0010161903114969527
fam2520	nan	nan	nan	0.0	0.0	0.0	0.0	0.0	0.0	1754459	0.0
fam1995	nan	nan	nan	0.0014535779220779222	0.0029	0.0014499955856738336	0.0	0.0	0.0	2276369	0.017414947016174014
fam1841	nan	nan	nan	0.0	0.0	0.0	0.0	0.0	0.0	1961251	0.0
fam1901	0.0	0.0	0.0	0.0	0.0	0.0	0.0008367809450436569	0.0	0.0017638023860390224	2378103	0.00020658563031444386
fam3463	nan	nan	nan	0.0	0.0	0.0	0.0	0.0	0.0	782656	0.000326866171968358
fam3665	0.0	0.0	0.0	0.0	0.0	0.0	0.00016271186440677964	0.0	0.0015220301234334676	547084	3.766478342749529e-05
fam2650	0.24425287356321834	0.38	0.19429289528546664	0.0009878423645320196	0.0019	0.0010193168652106095	5.714285714285714e-05	0.0	0.0005314592925068079	1601989	0.0007555993431855502
fam2193	nan	nan	nan	0.0	0.0	0.0	0.0	0.0	0.0	2088986	0.0
fam2040	nan	nan	nan	0.0	0.0	0.0	0.0	0.0	0.0	2233121	0.0
fam3858	nan	nan	nan	0.0	0.0	0.0	0.0	0.0	0.0	338449	0.0
