fam	avg_dnds	med_dnds	SDdnds	dn	med_dn	SDdn	ds	med_ds	SDds	loc	Pi
fam98	0.07092198581560284	0.0	0.10029883421085779	0.0008	0.0	0.0009797958971132714	0.00564	0.0094	0.004605040716432375	135192	0.0016666666666666666
fam119	0.0	0.0	0.0	0.0	0.0	0.0	0.0074399999999999996	0.0053	0.00543639586490903	91664	0.0011754827875734674
fam43	0.2534658967685969	0.1875	0.19218651295247716	0.00266	0.0033	0.0016906803364326447	0.014079999999999999	0.0176	0.009013634117269237	376334	0.0044444444444444444
fam124	0.16724821505455334	0.1433710625603229	0.05296989637832367	0.00108	0.0011	0.0006645299090334459	0.006959999999999999	0.0087	0.0044558276447816065	75913	0.002199661590524535
fam116	0.0	0.0	0.0	0.0	0.0	0.0	0.01439	0.0178	0.010985121756266519	100543	0.0026402640264026403
fam69	2.11146331738437	2.390251196172249	0.6267611677761517	0.02924	0.0336	0.014856190628825414	0.015459999999999998	0.0152	0.009964256118747652	317951	0.05757575757575757
fam74	nan	nan	nan	0.0004	0.0	0.0004898979485566357	0.0	0.0	0.0	256180	0.00035460992907801415
fam93	0.0	0.0	0.0	0.0	0.0	0.0	0.0178	0.0176	0.011450065501996048	160024	0.0470948012232416
fam44	0.0748663101604278	0.0748663101604278	0.0748663101604278	0.0016799999999999999	0.0028	0.0013717142559585796	0.0074800000000000005	0.0	0.009161091638009088	382649	0.0024330900243309003
fam15	0.052	0.052	0.052	0.00156	0.0026	0.0012737346662472526	0.01002	0.0	0.01227198435461845	43151	0.0029723991507431
fam17	0.12358931405395873	0.14812202433433255	0.08220412671386386	0.0012599999999999998	0.0021	0.0010287856919689348	0.010620000000000001	0.0106	0.006767687936067974	48703	0.002821869488536155
fam90	0.0	0.0	0.0	0.0	0.0	0.0	0.036359999999999996	0.0	0.044531723523798174	168452	0.0036036036036036037
fam77	0.13164545082246948	0.09339294246126545	0.06839511794390239	0.0032199999999999998	0.0044	0.0017116074316267736	0.029100000000000004	0.0299	0.018824027199300368	234062	0.010955710955710954
fam78	0.19922781124966915	0.19753086419753085	0.003422588480804707	0.0028799999999999997	0.0024	0.0017959955456514918	0.014499999999999999	0.0122	0.009115481336715027	226777	0.0047619047619047615
fam36	0.3073034442193321	0.2663551401869159	0.11254356504474639	0.00398	0.0057	0.002762173057576227	0.012819999999999998	0.0143	0.008338441101309045	315608	0.00541813898704358
fam16	0.1292517006802721	0.09523809523809525	0.048102502121533844	0.0014199999999999998	0.0014	0.0009173875952943771	0.00882	0.0147	0.007201499843782543	48134	0.002619047619047619
fam126	0.3007172565996096	0.36117477293947886	0.19909561092726916	0.0022200000000000006	0.0037	0.0018126224096595518	0.007680000000000001	0.0077	0.004838346825104625	68948	0.0032448377581120944
fam112	nan	nan	nan	0.0	0.0	0.0	0.0	0.0	0.0	105642	0.0
fam115	nan	nan	nan	0.0	0.0	0.0	0.0	0.0	0.0	100866	0.0
fam35	0.0	0.0	0.0	0.0	0.0	0.0	0.014440000000000003	0.0181	0.00923333092659415	308384	0.004802259887005649
fam26	0.11212376327178103	0.11248092435142795	0.012129182651564792	0.00248	0.0028	0.0015917286200857232	0.02162	0.0282	0.012878881939050455	126054	0.006772486772486772
fam48	0.0	0.0	0.0	0.0	0.0	0.0	0.00492	0.0	0.006025744767246618	395504	0.0009070294784580499
fam65	nan	nan	nan	0.00148	0.0	0.0018126224096595518	0.0	0.0	0.0	337086	0.012232415902140673
fam2	nan	nan	nan	0.00132	0.0	0.0016166632302368976	0.0	0.0	0.0	35211	0.0011396011396011397
fam60	0.2733333333333334	0.2733333333333334	0.0	0.0016400000000000002	0.0	0.0020085815890822064	0.006	0.0	0.007348469228349534	437039	0.002564102564102564
fam88	0.5537974683544303	0.5537974683544303	0.18670886075949367	0.0058200000000000005	0.0058	0.003699945945551097	0.006320000000000001	0.0	0.007740387587194844	173775	0.02032520325203252
fam25	nan	nan	nan	0.0	0.0	0.0	0.0	0.0	0.0	124457	0.0
fam5	0.09659090909090907	0.09659090909090907	0.0	0.0020399999999999997	0.0017	0.00127216351150314	0.00704	0.0	0.008622203894596787	2225	0.0028735632183908046
fam84	nan	nan	nan	0.002	0.0	0.0024494897427831783	0.0	0.0	0.0	198121	0.0015873015873015873
fam18	nan	nan	nan	0.00264	0.0033	0.00132	0.0	0.0	0.0	49436	0.0021592442645074227
fam102	0.05256537982565379	0.0669489414694894	0.031307039230365874	0.0012599999999999998	0.0021	0.0010287856919689348	0.02006	0.0275	0.013492012451817557	112550	0.004690117252931322
fam40	nan	nan	nan	0.0	0.0	0.0	0.0	0.0	0.0	368729	0.0
fam71	0.0	0.0	0.0	0.0	0.0	0.0	0.02196	0.0	0.026895397375759293	275938	0.0029304029304029304
fam31	0.18879114145658263	0.18487394957983194	0.01172240183150541	0.00246	0.0022	0.0014987995196156154	0.012920000000000001	0.0119	0.0075337639994892324	285937	0.004981884057971014
fam129	0.31858937166534906	0.32380544858080157	0.13039992959519622	0.00546	0.0068	0.0037648904366528384	0.017400000000000002	0.0205	0.011274573162652323	60875	0.007246376811594203
fam6	0.4314437850979528	0.48427672955974843	0.0931927868808979	0.00512	0.0064	0.0029294368059406915	0.01266	0.0159	0.008084206825657048	3135	0.006120218579234973
fam73	0.10457344021457526	0.08471760797342193	0.03497621078001122	0.0018	0.0018	0.0011384199576606165	0.017159999999999998	0.0215	0.008583845292175296	265687	0.003975535168195718
fam117	0.36892551892551895	0.3711843711843712	0.18665737435093063	0.0015	0.0017	0.0009777525249264254	0.00452	0.0045	0.0028777769197767923	95144	0.0019566736547868627
fam30	0.793233082706767	0.793233082706767	0.0	0.025320000000000002	0.0422	0.020673693429090024	0.031920000000000004	0.0532	0.026062570863213015	268302	0.025688073394495407
fam86	0.02470680727722981	0.0206043956043956	0.025378847272896157	0.0018	0.0	0.0022045407685048605	0.0475	0.0251	0.04000754928760321	180498	0.008333333333333333
fam53	nan	nan	nan	0.0034799999999999996	0.0043	0.0017405746177627662	0.0	0.0	0.0	411773	0.002763385146804836
fam89	0.0	0.0	0.0	0.0	0.0	0.0	0.01552	0.0	0.01900804040399746	168569	0.002185792349726776
fam19	0.27891156462585037	0.2108843537414966	0.09620500424306769	0.0043	0.0031	0.003118332887938682	0.00882	0.0147	0.007201499843782543	50890	0.005050505050505051
fam123	0.10416666666666667	0.125	0.06909634979907084	0.0009	0.0015	0.0007348469228349535	0.008979999999999998	0.009	0.005692240332241779	84643	0.0020050125313283208
fam9	0.1898112948834582	0.1780821917808219	0.04142846377622797	0.00152	0.0013	0.0009303762679690406	0.0083	0.0073	0.005514707607842867	12522	0.0028942115768463075
fam109	0.0	0.0	0.0	0.0	0.0	0.0	0.019319999999999997	0.0322	0.015774713943523665	107189	0.003333333333333333
fam10	nan	nan	nan	0.0	0.0	0.0	0.0	0.0	0.0	15028	0.0
fam7	0.20652173913043478	0.20652173913043478	0.0	0.00114	0.0019	0.0009308061022576077	0.00552	0.0092	0.004507061126721048	3783	0.0018691588785046728
fam63	0.13298415942769545	0.14754726622381195	0.10588031484781314	0.00108	0.0018	0.0008818163074019441	0.013800000000000002	0.0076	0.011336136908135857	458943	0.0034482758620689655
fam81	0.22222222222222218	0.22222222222222218	0.0	0.0007199999999999999	0.0012	0.0005878775382679626	0.0032400000000000007	0.0054	0.0026454489222058324	203246	0.01915492957746479
fam38	nan	nan	nan	0.0	0.0	0.0	0.0	0.0	0.0	362883	0.0
fam106	nan	nan	nan	0.00132	0.0	0.0016166632302368976	0.0	0.0	0.0	108334	0.0011396011396011397
fam45	0.08741258741258741	0.08741258741258741	0.08741258741258741	0.0015	0.0025	0.0012247448713915891	0.00572	0.0	0.007005540664359889	383856	0.0021231422505307855
fam12	0.2227244193345888	0.2227244193345888	0.07357187696170746	0.004399999999999999	0.0044	0.002782804340948174	0.01184	0.0	0.014501117198340272	23199	0.0053030303030303025
fam52	0.4238095238095238	0.4238095238095238	0.21428571428571425	0.00354	0.0044	0.002271211130652542	0.004200000000000001	0.0	0.005143928459844674	411192	0.003642987249544627
fam55	nan	nan	nan	0.0028799999999999997	0.0048	0.0023515101530718506	0.0	0.0	0.0	423282	0.002424242424242424
fam82	0.7232142857142858	0.7232142857142858	0.36607142857142866	0.0032200000000000006	0.004	0.002067268729507608	0.00224	0.0	0.0027434285119171593	202001	0.013065326633165827
fam95	0.05623370871463875	0.06534004355626771	0.017000453860208566	0.0016400000000000002	0.0014	0.0010051865498503251	0.03086	0.0401	0.018147903460179634	147497	0.00726072607260726
fam127	nan	nan	nan	0.0016400000000000002	0.0	0.0020085815890822064	0.0	0.0	0.0	68490	0.041666666666666664
fam80	0.0	0.0	0.0	0.0	0.0	0.0	0.02156	0.0207	0.013870919219720083	217975	0.0030030030030030034
fam83	0.19201400737170718	0.19137039303551334	0.049564265140229824	0.0037400000000000003	0.0051	0.0024984795376388415	0.02138	0.0283	0.01501764295753498	198408	0.007046070460704606
fam8	nan	nan	nan	0.0024600000000000004	0.0041	0.0020085815890822064	0.0	0.0	0.0	4662	0.002105263157894737
fam111	0.0	0.0	0.0	0.0	0.0	0.0	0.01424	0.0141	0.009140590790534274	105929	0.0027548209366391185
fam85	nan	nan	nan	0.0	0.0	0.0	0.0	0.0	0.0	197814	0.0
fam46	0.0	0.0	0.0	0.0	0.0	0.0	0.00668	0.0	0.008181295740895815	392117	0.000980392156862745
fam110	nan	nan	nan	0.0	0.0	0.0	0.0	0.0	0.0	106303	0.0
fam87	0.06474820143884892	0.06474820143884892	0.06474820143884892	0.0010799999999999998	0.0018	0.000881816307401944	0.00558	0.0	0.006834149544749514	174016	0.0019525801952580194
fam76	0.2182347890749329	0.22559660019614253	0.11763057626334986	0.00436	0.0054	0.0021804586673450153	0.028680000000000004	0.0161	0.023322298343002135	239839	0.007870370370370371
fam21	nan	nan	nan	0.00324	0.0	0.003968173383308749	0.0	0.0	0.0	76334	0.002666666666666667
fam131	0.0	0.0	0.0	0.0	0.0	0.0	0.00636	0.0106	0.005192918254700338	50509	0.0009966777408637873
fam122	0.24360497623707017	0.24486301369863014	0.006637894654015956	0.0016400000000000002	0.0012	0.001180847153530041	0.0068000000000000005	0.0048	0.004981566018833836	85568	0.0037140204271123487
fam47	nan	nan	nan	0.00156	0.0026	0.0012737346662472526	0.0	0.0	0.0	392577	0.0012903225806451615
fam114	0.4401408450704225	0.4401408450704225	0.0880281690140845	0.0035000000000000005	0.0025	0.002549509756796392	0.00568	0.0	0.006956550869504226	102366	0.00379746835443038
fam96	nan	nan	nan	0.0	0.0	0.0	0.0	0.0	0.0	141886	0.0
fam27	0.11787791425939559	0.09090909090909091	0.06690743405564777	0.00282	0.0035	0.0017926516672237248	0.02616	0.0309	0.01429679684404867	167118	0.036772486772486776
fam50	0.5020661157024794	0.5020661157024794	0.0020661157024793875	0.0061200000000000004	0.0061	0.00388967864996583	0.012199999999999999	0.0121	0.007779717218511222	406795	0.0072992700729927005
fam29	0.1368421052631579	0.1368421052631579	0.1368421052631579	0.00156	0.0026	0.0012737346662472526	0.0038	0.0	0.004654030511288038	249767	0.00202020202020202
fam107	nan	nan	nan	0.00088	0.0	0.0010777754868245984	0.0	0.0	0.0	107783	0.0007407407407407408
fam92	0.2235723486474882	0.25441176470588234	0.09575961041769557	0.0020800000000000003	0.0021	0.0012967652061957864	0.0123	0.0068	0.01007015392136585	166785	0.0044233807266982625
fam75	0.06762510974539068	0.08674275680421421	0.039934072178582684	0.00078	0.0013	0.0006368673331236263	0.01212	0.0134	0.006259201226993745	240263	0.005555555555555556
fam79	0.40809968847352035	0.383177570093458	0.03524519781615188	0.0037600000000000003	0.0041	0.0019713954448562572	0.0064199999999999995	0.0107	0.005241908049556001	221508	0.0065826330532212885
fam61	0.07899807321772641	0.0	0.11172014654585144	0.0016400000000000002	0.0	0.0020085815890822064	0.010379999999999999	0.0173	0.008475234510029796	438872	0.022012578616352203
fam13	0.35325670498084294	0.35325670498084294	0.09118773946360156	0.0030399999999999997	0.0025	0.002082882617912013	0.00578	0.0	0.007079095987483148	26336	0.0034408602150537643
fam91	0.0	0.0	0.0	0.0	0.0	0.0	0.00808	0.0	0.00989593856084404	168229	0.0018779342723004694
fam113	nan	nan	nan	0.0013599999999999999	0.0	0.0016656530250925613	0.0	0.0	0.0	104027	0.0011799410029498525
fam99	0.0	0.0	0.0	0.0	0.0	0.0	0.01806	0.0301	0.01474592825155473	135004	0.0032258064516129032
fam103	0.0	0.0	0.0	0.0	0.0	0.0	0.01278	0.0159	0.006390430345446228	110524	0.002308802308802309
fam11	nan	nan	nan	0.0	0.0	0.0	0.0	0.0	0.0	18436	0.0
fam4	0.1339563862928349	0.20093457943925236	0.09472146913090823	0.00258	0.0043	0.002106561178793533	0.012820000000000002	0.0213	0.010467549856580573	19567	0.004301075268817204
fam28	0.18603904809787164	0.18645299145299146	0.10242416331363378	0.00452	0.0038	0.002800999821492318	0.02858	0.026	0.016731574940811757	170312	0.01487839771101574
fam32	0.31843575418994413	0.31843575418994413	0.044692737430167606	0.00292	0.0016	0.002397832354440151	0.00716	0.0	0.008769173279163777	286703	0.0038022813688212928
fam57	0.20196006594614396	0.2679978017952006	0.11664399523915256	0.0016799999999999999	0.0028	0.0013717142559585796	0.01046	0.0103	0.006673709613101248	430701	0.003508771929824561
fam39	0.3737200677255503	0.3740224139321132	0.18324245645647852	0.00266	0.003	0.00170833252032501	0.007880000000000002	0.0079	0.004964836351784417	365947	0.003482587064676617
fam104	nan	nan	nan	0.0029399999999999995	0.0021	0.0021415881957089697	0.0	0.0	0.0	109943	0.0024179620034542318
fam121	0.2728847519869192	0.27151769798828623	0.1454466211142351	0.0036	0.0026	0.0024754797514825286	0.014280000000000001	0.0154	0.007495705437115309	89602	0.009292929292929294
fam118	0.0	0.0	0.0	0.0	0.0	0.0	0.01524	0.0254	0.012443407893338544	92859	0.0027972027972027976
fam24	0.19145299145299144	0.28717948717948716	0.13537770853486036	0.0033599999999999997	0.0056	0.0027434285119171593	0.01166	0.0193	0.009520630231239948	101626	0.005194805194805195
fam54	nan	nan	nan	0.0	0.0	0.0	0.0	0.0	0.0	412108	0.0
fam101	0.17502448708427243	0.18540869243116434	0.0736455745412325	0.00222	0.0022	0.0014232357499725757	0.0162	0.0089	0.013337316071833942	118113	0.004991087344028519
fam20	0.1970873786407767	0.2	0.13733317714906798	0.0024400000000000003	0.004	0.0019925862591115098	0.012280000000000003	0.0103	0.007676040646062266	76097	0.00404040404040404
fam33	0.2303595711412904	0.20182952622673436	0.1324861353704405	0.0035600000000000007	0.002	0.002893164357584961	0.015439999999999999	0.0192	0.007722849215153691	294416	0.005501618122977345
fam22	0.0	0.0	0.0	0.0	0.0	0.0	0.036699999999999997	0.0481	0.018800319146227276	85429	0.0054363376251788265
fam37	1.148809523809524	1.2321428571428572	0.11785113019775798	0.0041400000000000005	0.0055	0.002889013672518702	0.0033599999999999997	0.0056	0.0027434285119171593	341424	0.00398671096345515
fam49	0.07432432432432433	0.07432432432432433	0.07432432432432433	0.0026400000000000004	0.0044	0.002155550973649197	0.01184	0.0	0.014500979277276414	397341	0.0038314176245210726
fam59	nan	nan	nan	0.00252	0.0	0.0030863570759068044	0.0	0.0	0.0	436732	0.002099737532808399
fam70	nan	nan	nan	0.0	0.0	0.0	0.0	0.0	0.0	292578	0.0
fam42	0.13493989136512502	0.09060228452751817	0.09020369553195977	0.0015	0.0015	0.0009486832980505138	0.015	0.0214	0.010459063055551391	370122	0.00447585394581861
fam1	0.07392929735895265	0.060410998606942844	0.045171075204253425	0.0018599999999999999	0.001	0.0015460918472070151	0.0251	0.0303	0.01271518776896354	47285	0.005305039787798409
fam56	0.547495682210708	0.6580310880829014	0.15632067010687056	0.0076	0.0063	0.004757310164368096	0.01158	0.0193	0.009455030407143069	423690	0.008130081300813009
fam120	0.036723163841807904	0.036723163841807904	0.036723163841807904	0.00052	0.0	0.0006368673331236263	0.0118	0.0118	0.00646312617856096	90705	0.002507836990595611
fam105	0.1166180758017493	0.11661807580174928	0.02332361516034985	0.0022400000000000002	0.0016	0.0016316862443496911	0.01372	0.0	0.0168034996354926	108690	0.004032258064516129
fam51	0.028760836308006115	0.016981132075471698	0.03323715644798606	0.00035999999999999997	0.0	0.00044090815370097204	0.013519999999999999	0.015	0.008503034752369297	408189	0.0028735632183908046
fam3	0.05921120246659815	0.0788540596094553	0.03418638256259253	0.0006600000000000001	0.0011	0.0005388877434122992	0.011179999999999999	0.0139	0.005590491928265348	21628	0.0020774315391879133
fam67	0.0	0.0	0.0	0.0	0.0	0.0	0.00996	0.0166	0.008132305946040152	330314	0.002631578947368421
fam132	0.20168067226890754	0.20168067226890754	0.0	0.0014399999999999999	0.0024	0.0011757550765359253	0.0071400000000000005	0.0119	0.0058297855878239645	50000	0.002366863905325444
fam108	0.0	0.0	0.0	0.0	0.0	0.0	0.00592	0.0	0.007250489638638207	107376	0.0010178117048346056
fam14	nan	nan	nan	0.0	0.0	0.0	0.0	0.0	0.0	28535	0.0
fam64	0.16609646810753823	0.150764364786505	0.03178384845463712	0.0029	0.0029	0.00158871016865884	0.01754	0.0203	0.0091687730913138	459885	0.005456702253855279
fam97	nan	nan	nan	0.0	0.0	0.0	0.0	0.0	0.0	137119	0.0
