fam	avg_dnds	med_dnds	SDdnds	dn	med_dn	SDdn	ds	med_ds	SDds	loc	Pi
fam98	0.07142857142857142	0.0	0.12371791482634836	0.00047999999999999996	0.0	0.0005878775382679626	0.0016799999999999999	0.0	0.0020575713839378696	206012	0.0007469654528478058
fam62	nan	nan	nan	0.0	0.0	0.0	0.0	0.0	0.0	236054	0.0
fam43	0.0	0.0	0.0	0.0	0.0	0.0	0.01992	0.0332	0.016264611892080304	191943	0.0056603773584905665
fam124	0.2494525374805528	0.22142857142857142	0.23901748453267663	0.004919999999999999	0.0031	0.0043815065902038765	0.01999	0.01425	0.01169978204925203	77245	0.007518796992481203
fam116	nan	nan	nan	0.0	0.0	0.0	0.0	0.0	0.0	119393	0.0
fam69	0.0	0.0	0.0	0.0	0.0	0.0	0.007000000000000001	0.0	0.008573214099741124	250805	0.002150537634408602
fam74	0.09917141739324839	0.10582010582010583	0.011515866159012286	0.0027	0.0015	0.002491987158875422	0.02269	0.0	0.027789474626196155	267820	0.007982740021574971
fam93	0.0	0.0	0.0	0.0	0.0	0.0	0.00558	0.0093	0.004556050921576711	235157	0.0012422360248447205
fam44	0.039838722309090364	0.06926406926406926	0.034501913770612194	0.00064	0.0	0.000783836717690617	0.01191	0.0091	0.009678786080909114	192800	0.003508771929824561
fam15	nan	nan	nan	0.00124	0.0	0.0015186836405255704	0.0	0.0	0.0	102880	0.000966183574879227
fam17	0.0	0.0	0.0	0.0	0.0	0.0	0.00612	0.0	0.007495438612916524	110933	0.0014109347442680775
fam90	0.19564348521183053	0.16606714628297362	0.11657738564261592	0.00279	0.0023	0.001420176045425355	0.00832	0.0138	0.006793349689218125	244573	0.004166666666666667
fam77	nan	nan	nan	0.0	0.0	0.0	0.0	0.0	0.0	279305	0.0
fam41	0.0	0.0	0.0	0.0	0.0	0.0	0.02233	0.0122	0.020734659389534227	190207	0.0056603773584905665
fam78	nan	nan	nan	0.00176	0.0	0.002155550973649197	0.0	0.0	0.0	279612	0.001282051282051282
fam16	0.0	0.0	0.0	0.0	0.0	0.0	0.012759999999999999	0.0	0.015627744558956675	109685	0.00291970802919708
fam126	nan	nan	nan	0.00092	0.0	0.0011267652816802619	0.0	0.0	0.0	72867	0.0007575757575757576
fam112	nan	nan	nan	0.0	0.0	0.0	0.0	0.0	0.0	123799	0.0
fam115	nan	nan	nan	0.0	0.0	0.0	0.0	0.0	0.0	119569	0.0
fam35	0.06908322643563956	0.03789839159594041	0.09010240622285677	0.0017500000000000003	0.0022	0.0009372833082905083	0.035800000000000005	0.058	0.02831628506707757	165396	0.009587513935340023
fam26	nan	nan	nan	0.0	0.0	0.0	0.0	0.0	0.0	135347	0.0
fam48	0.46192893401015234	0.46192893401015234	0.0	0.00364	0.0	0.004458071331865384	0.00788	0.0	0.00965098958656572	196288	0.0049382716049382715
fam2	0.12962962962962965	0.11111111111111112	0.07635380788180854	0.0006000000000000001	0.0005	0.0003	0.0027	0.0045	0.00220454076850486	7322	0.000956937799043062
fam68	0.0	0.0	0.0	0.0	0.0	0.0	0.0016	0.0	0.0019595917942265427	249212	0.0004329004329004329
fam88	0.0	0.0	0.0	0.0	0.0	0.0	0.0050799999999999994	0.0	0.006221703946669272	252576	0.0010416666666666667
fam25	0.0	0.0	0.0	0.0	0.0	0.0	0.00612	0.0	0.007495438612916525	131391	0.0017316017316017316
fam5	0.06145251396648046	0.06145251396648045	0.06145251396648045	0.00132	0.0022	0.0010777754868245984	0.01074	0.0179	0.008769173279163777	30123	0.003157894736842105
fam84	nan	nan	nan	0.0	0.0	0.0	0.0	0.0	0.0	264310	0.0
fam100	0.14516129032258066	0.14516129032258066	0.14516129032258066	0.0010700000000000002	0.0	0.0013107631364972087	0.00558	0.0093	0.004556050921576711	181221	0.00205761316872428
fam23	1.0344827586206897	0.9655172413793104	0.9801841657621997	0.0033599999999999997	0.0028	0.0027434285119171593	0.00232	0.0029	0.0017399999999999998	128721	0.0030747728860936407
fam102	nan	nan	nan	0.0	0.0	0.0	0.0	0.0	0.0	171059	0.0
fam40	0.0	0.0	0.0	0.0	0.0	0.0	0.011899999999999999	0.0109	0.007968437738979957	184704	0.002726146220570012
fam71	0.04545301520397013	0.05851063829787234	0.025279599249890903	0.0024300000000000003	0.0022	0.0018385048272985308	0.04722	0.0409	0.02792163319005534	258971	0.012153708668453977
fam31	0.2455403094115917	0.2832764505119454	0.05336696253574494	0.0053100000000000005	0.005	0.0027616842687027063	0.017599999999999998	0.0293	0.014370386216104284	156231	0.00797940797940798
fam137	0.0	0.0	0.0	0.0	0.0	0.0	0.01652	0.01735	0.007983583155450941	24459	0.0032148900169204743
fam129	0.4160805626598465	0.2753623188405797	0.24373114784683533	0.00228	0.0019	0.0018616122045152154	0.00275	0.0	0.0033681597349294466	68018	0.0023703703703703703
fam143	0.0	0.0	0.0	0.0	0.0	0.0	0.012039999999999999	0.0	0.014745928251554732	10047	0.0027777777777777775
fam6	0.024943310657596376	0.0	0.03527516822245816	0.00088	0.0	0.0010777754868245984	0.01764	0.0294	0.014402999687565086	31702	0.003942652329749104
fam73	0.0	0.0	0.0	0.0	0.0	0.0	0.015040000000000001	0.0	0.018420162865729502	266901	0.0037825059101654845
fam117	nan	nan	nan	0.0	0.0	0.0	0.0	0.0	0.0	119112	0.0
fam30	nan	nan	nan	0.00116	0.0	0.001420704050814243	0.0	0.0	0.0	155444	0.0009195402298850574
fam86	nan	nan	nan	0.0	0.0	0.0	0.0	0.0	0.0	257593	0.0
fam94	0.18323127777933076	0.19581496519721575	0.08612732390343021	0.0073999999999999995	0.0107	0.004328510136294011	0.04651999999999999	0.04	0.02904771247447895	230867	0.07872340425531912
fam53	0.0	0.0	0.0	0.0	0.0	0.0	0.00988	0.0	0.012100479329348898	199451	0.002666666666666667
fam89	0.15083798882681565	0.15083798882681565	0.027932960893854747	0.0017300000000000002	0.0022	0.0012853404218338424	0.01074	0.0179	0.008769173279163777	249023	0.0034722222222222216
fam142	nan	nan	nan	0.0	0.0	0.0	0.0	0.0	0.0	11670	0.0
fam123	nan	nan	nan	0.0	0.0	0.0	0.0	0.0	0.0	79349	0.0
fam109	0.0	0.0	0.0	0.0	0.0	0.0	0.010440000000000001	0.0	0.012786336457328192	151903	0.001568627450980392
fam10	0.11855209397344228	0.1348314606741573	0.02908801852135451	0.0025199999999999997	0.0027	0.001193984924527944	0.010620000000000001	0.0	0.013007136502704967	59749	0.003886397608370703
fam7	0.18641308983932808	0.23255813953488372	0.14585767015034493	0.0028	0.004	0.001833030277982336	0.010420000000000002	0.0088	0.008488321388825944	32324	0.004207119741100324
fam63	0.3364485981308411	0.3364485981308411	0.0	0.0014399999999999999	0.0	0.0017636326148038881	0.00428	0.0	0.005241908049556001	236431	0.002150537634408602
fam81	0.0	0.0	0.0	0.0	0.0	0.0	0.004	0.0	0.004898979485566357	293750	0.0008080808080808081
fam145	0.0	0.0	0.0	0.0	0.0	0.0	0.00292	0.0	0.00357625502446344	43	0.0004956629491945477
fam106	nan	nan	nan	0.0012599999999999998	0.0021	0.0010287856919689348	0.0	0.0	0.0	159970	0.0010471204188481676
fam45	nan	nan	nan	0.0	0.0	0.0	0.0	0.0	0.0	193063	0.0
fam12	0.07282913165266106	0.0	0.11515296801733593	0.00052	0.0	0.0006368673331236263	0.00408	0.0051	0.0030600000000000007	67221	0.0012048192771084338
fam52	0.043307086614173235	0.043307086614173235	0.0	0.00088	0.0	0.0010777754868245984	0.020319999999999998	0.0	0.024886815786677088	198993	0.00631911532385466
fam55	0.7973598778282087	0.84	0.3898315551199987	0.007519999999999999	0.0083	0.0037602659480414414	0.01266	0.0094	0.008572187585441654	201516	0.008722741433021807
fam134	nan	nan	nan	0.00201	0.0017	0.0009802550688468793	0.0	0.0	0.0	38831	0.0016460905349794236
fam95	0.2867647058823529	0.21323529411764705	0.10398629135096288	0.0029399999999999995	0.0029	0.0018661189672687002	0.008159999999999999	0.0136	0.006662612100370243	222118	0.0038647342995169072
fam127	nan	nan	nan	0.0	0.0	0.0	0.0	0.0	0.0	71937	0.0
fam80	nan	nan	nan	0.0	0.0	0.0	0.0	0.0	0.0	281769	0.0
fam8	0.0687593423019432	0.0	0.09724039442326214	0.00184	0.0	0.0022535305633605237	0.013420000000000001	0.0223	0.01095744495765322	49637	0.003787878787878787
fam111	0.0	0.0	0.0	0.0	0.0	0.0	0.00608	0.0	0.007446448818060861	128453	0.0009732360097323601
fam85	nan	nan	nan	0.0006000000000000001	0.0	0.0007348469228349535	0.0	0.0	0.0	259946	0.00046948356807511736
fam46	0.0	0.0	0.0	0.0	0.0	0.0	0.01202	0.0085	0.008837510961803668	193500	0.0032407407407407406
fam110	0.19805194805194803	0.25	0.16321950639648708	0.002	0.0025	0.0014999999999999998	0.007950000000000002	0.0099	0.005950168064853294	140822	0.0031746031746031746
fam87	0.0852015586467037	0.061611374407582936	0.07180974370037622	0.0012999999999999997	0.0013	0.0010069756700139285	0.016810000000000002	0.0168	0.007321126962428667	252955	0.004901960784313725
fam76	nan	nan	nan	0.0	0.0	0.0	0.0	0.0	0.0	279013	0.0
fam21	nan	nan	nan	0.0016400000000000002	0.0	0.0020085815890822064	0.0	0.0	0.0	118351	0.001282051282051282
fam131	0.0	0.0	0.0	0.0	0.0	0.0	0.009970000000000001	0.0142	0.0065270284203456635	48591	0.0027131782945736434
fam122	nan	nan	nan	0.0	0.0	0.0	0.0	0.0	0.0	83108	0.0
fam47	0.0	0.0	0.0	0.0	0.0	0.0	0.00872	0.0	0.010679775278534656	195962	0.002185792349726776
fam114	0.0	0.0	0.0	0.0	0.0	0.0	0.01172	0.0116	0.007527655677566557	119960	0.00205761316872428
fam96	0.09779179810725552	0.09779179810725552	0.0	0.0018599999999999999	0.0031	0.0015186836405255704	0.01902	0.0317	0.01552976496924535	215595	0.004651162790697674
fam27	nan	nan	nan	0.0008399999999999999	0.0	0.0010287856919689346	0.0	0.0	0.0	140035	0.0006379585326953748
fam50	0.36363636363636365	0.36363636363636365	0.0	0.00128	0.0	0.0015676734353812342	0.00352	0.0	0.004311101947298394	197443	0.0018912529550827422
fam133	0.5813953488372092	0.5348837209302325	0.0805605026776222	0.0016899999999999999	0.0023	0.001130884609498246	0.00172	0.0	0.002106561178793533	42508	0.0017094017094017096
fam29	0.13857677902621723	0.1348314606741573	0.11470706240534498	0.00123	0.0012	0.0009685556256612215	0.005339999999999999	0.0089	0.004360091742154057	154971	0.0021133525456292026
fam107	nan	nan	nan	0.0	0.0	0.0	0.0	0.0	0.0	159741	0.0
fam92	0.15677428843724084	0.1937799043062201	0.08854932874580977	0.0055	0.0081	0.004232729615744431	0.030040000000000004	0.0418	0.02131699791246413	238035	0.010566037735849057
fam75	0.08302808302808302	0.08262108262108261	0.036371356308911494	0.0017399999999999998	0.0029	0.001420704050814243	0.019230000000000004	0.0261	0.014551360761110969	276434	0.006100217864923747
fam79	nan	nan	nan	0.00268	0.0	0.003282316255329459	0.0	0.0	0.0	280892	0.001904761904761905
fam61	nan	nan	nan	0.00104	0.0	0.0012737346662472526	0.0	0.0	0.0	235872	0.0007366482504604051
fam58	nan	nan	nan	0.00516	0.0	0.006319683536380599	0.0	0.0	0.0	202601	0.0036036036036036037
fam144	nan	nan	nan	0.00035999999999999997	0.0	0.000440908153700972	0.0	0.0	0.0	1495	0.00030511060259344014
fam13	nan	nan	nan	0.0041400000000000005	0.0069	0.003380295845040786	0.0	0.0	0.0	73644	0.0029850746268656712
fam91	0.5242396910572592	0.29411764705882354	0.5469828810794588	0.00599	0.002	0.006187156051046393	0.010960000000000001	0.010199999999999999	0.0063329613925871995	238825	0.007033639143730887
fam113	0.34313725490196073	0.2745098039215686	0.11886623189198176	0.00112	0.0014	0.0008399999999999999	0.00204	0.0	0.002498479537638842	121793	0.0013029315960912053
fam140	nan	nan	nan	0.0	0.0	0.0	0.0	0.0	0.0	16767	0.0
fam99	nan	nan	nan	0.0	0.0	0.0	0.0	0.0	0.0	205218	0.0
fam103	nan	nan	nan	0.0	0.0	0.0	0.0	0.0	0.0	169411	0.05597014925373135
fam11	nan	nan	nan	0.0	0.0	0.0	0.0	0.0	0.0	61402	0.0
fam4	0.10699744761313751	0.05945945945945946	0.08565465449591066	0.0014899999999999998	0.0015999999999999999	0.0006847627326307997	0.021419999999999998	0.0162	0.016407120405482492	23557	0.0051413881748071984
fam28	0.13887248342217207	0.1370558375634518	0.12885338535627833	0.00108	0.0	0.0013227244611029162	0.00779	0.0097	0.0058803826406110685	142563	0.002547770700636943
fam32	0.2100238663484487	0.2100238663484487	0.0	0.00528	0.0088	0.004311101947298394	0.025140000000000003	0.0419	0.02052672404452303	158613	0.009900990099009901
fam57	nan	nan	nan	0.0	0.0	0.0	0.0	0.0	0.0	202477	0.0
fam39	0.0	0.0	0.0	0.0	0.0	0.0	0.0054399999999999995	0.0	0.006662612100370245	183031	0.0011904761904761904
fam104	0.19533352350803915	0.16564417177914112	0.09802481654963013	0.00162	0.0018	0.0006734983296193095	0.00892	0.0081	0.00508916496097346	165696	0.002976190476190476
fam34	0.031432748538011694	0.0	0.04445261928511922	0.00172	0.0	0.002106561178793533	0.027360000000000002	0.0456	0.022339346454182583	160109	0.007333333333333333
fam121	0.0	0.0	0.0	0.0	0.0	0.0	0.00566	0.0053	0.003266863939621606	83453	0.0009821976672805403
fam118	0.04545454545454545	0.0	0.07872958216222169	0.00047999999999999996	0.0	0.0005878775382679626	0.00264	0.0	0.003233326460473795	113655	0.0008130081300813009
fam128	0.0	0.0	0.0	0.0	0.0	0.0	0.019340000000000003	0.019	0.015185532588618681	70598	0.0037037037037037034
fam24	nan	nan	nan	0.00052	0.0	0.0006368673331236263	0.0	0.0	0.0	130304	0.0004232804232804233
fam101	0.13628273582506992	0.0	0.16070445738197756	0.0008	0.0	0.0009797958971132714	0.009149999999999998	0.00855	0.0052591349098497185	173874	0.002936857562408223
fam20	0.0	0.0	0.0	0.0	0.0	0.0	0.00352	0.0	0.004311101947298394	114807	0.0008602150537634409
fam22	0.0	0.0	0.0	0.0	0.0	0.0	0.00344	0.0	0.004213122357587066	118806	0.0008888888888888889
fam139	0.1028860028860029	0.08766233766233766	0.021529513828335012	0.004340000000000001	0.0054	0.0027810789273229916	0.03694	0.0615	0.030161405802780483	22346	0.008095238095238096
fam37	nan	nan	nan	0.0018800000000000002	0.0	0.0023025203582161874	0.0	0.0	0.0	180860	0.0014814814814814816
fam141	nan	nan	nan	0.0	0.0	0.0	0.0	0.0	0.0	15145	0.0
fam136	nan	nan	nan	0.0	0.0	0.0	0.0	0.0	0.0	30848	0.0
fam49	nan	nan	nan	0.0	0.0	0.0	0.0	0.0	0.0	197024	0.0
fam138	0.05223880597014925	0.0	0.09048026606703091	0.00056	0.0	0.0006858571279792898	0.00268	0.0	0.003282316255329459	22758	0.0009132420091324201
fam59	0.11990513798111836	0.0	0.14680354716810284	0.0012000000000000001	0.0	0.001469693845669907	0.00939	0.0085	0.0057305235362923	206436	0.003289473684210526
fam70	0.14959946412948383	0.0	0.2303350824336025	0.00172	0.0	0.002106561178793533	0.00894	0.00955	0.004227339588914049	254411	0.003542673107890499
fam125	0.13488760235748187	0.15151515151515152	0.05780577756175886	0.00167	0.0017	0.0008402975663418287	0.00993	0.0083	0.008107903551473708	75810	0.0030812324929971988
fam42	0.06388746346578612	0.09643916913946587	0.058871569707437975	0.00261	0.0	0.003196701424906618	0.031330000000000004	0.0231	0.026759411428504923	191619	0.010110584518167456
fam1	nan	nan	nan	0.0008699999999999999	0.0011	0.0006403905058634145	0.0	0.0	0.0	1828	0.0007017543859649122
fam56	0.16686777613759562	0.1921708185053381	0.15093908992129637	0.00216	0.0	0.0026454489222058324	0.011120000000000001	0.0111	0.008656650622498287	202265	0.004301075268817204
fam120	nan	nan	nan	0.0	0.0	0.0	0.0	0.0	0.0	100489	0.0
fam105	0.05743243243243243	0.0	0.09947589097523957	0.0006799999999999999	0.0	0.0008328265125462806	0.00296	0.0	0.0036252448193191036	163685	0.0011157601115760112
fam51	0.10250415987797691	0.12618296529968456	0.0917573241467525	0.00163	0.0	0.0019965219758369805	0.0125	0.0103	0.010288731700263157	198353	0.004637681159420289
fam3	nan	nan	nan	0.00076	0.0	0.0009308061022576076	0.0	0.0	0.0	9183	0.0006349206349206349
fam67	0.734375	0.734375	0.0	0.0018800000000000002	0.0	0.0023025203582161874	0.00256	0.0	0.0031353468707624684	248302	0.004081632653061224
fam132	0.0	0.0	0.0	0.0	0.0	0.0	0.010280000000000001	0.0	0.012590377277905535	46837	0.0020833333333333333
fam66	nan	nan	nan	0.00148	0.0	0.0018126224096595518	0.0	0.0	0.0	240004	0.001092896174863388
fam72	38.75165677654818	0.3391085139999128	66.53866255710187	0.02726	0.0378	0.016919763591729052	0.07196	0.1151	0.058949252751837315	265837	0.15626204238921002
fam108	nan	nan	nan	0.0	0.0	0.0	0.0	0.0	0.0	156902	0.0
fam14	0.09975545551020484	0.08178438661710037	0.027168076462642646	0.0033599999999999997	0.004	0.0015067846561469891	0.03222	0.0318	0.023681925597383337	84040	0.0090014064697609
fam97	nan	nan	nan	0.0	0.0	0.0	0.0	0.0	0.0	208048	0.0
fam135	0.26249999999999996	0.26666666666666666	0.18271676624400582	0.0022	0.0016	0.0012377398757412643	0.0024000000000000002	0.0	0.002939387691339814	32381	0.0022222222222222222
