fam	avg_dnds	med_dnds	SDdnds	dn	med_dn	SDdn	ds	med_ds	SDds	loc	Pi
fam98	nan	nan	nan	0.0012428571428571428	0.0	0.001435127811985641	0.0	0.0	0.0	171776	0.001027749229188078
fam119	nan	nan	nan	0.0018857142857142857	0.0	0.0021774353009437314	0.0	0.0	0.0	80203	0.0015698587127158554
fam43	0.09990009990009992	0.13986013986013987	0.06318237083253506	0.0032142857142857147	0.006	0.002992337152236202	0.010732142857142858	0.0	0.018588630426216158	477500	0.004092261904761905
fam124	nan	nan	nan	0.0012	0.0	0.0020784609690826525	0.0	0.0	0.0	31060	0.000980392156862745
fam116	nan	nan	nan	0.001025	0.0	0.0017753520777580994	0.0	0.0	0.0	85425	0.0008169934640522875
fam69	nan	nan	nan	0.0	0.0	0.0	0.0	0.0	0.0	301871	0.0
fam74	0.0	0.0	0.0	0.0	0.0	0.0	0.004425	0.0	0.007664324823492282	295486	0.0007861635220125787
fam93	0.0	0.0	0.0	0.0	0.0	0.0	0.010757142857142857	0.0	0.01242127864856538	202466	0.02057453416149068
fam44	0.02901785714285714	0.0	0.07107894342897615	0.00032500000000000004	0.0	0.000562916512459885	0.0016000000000000003	0.0	0.002771281292110204	451518	0.010353535353535353
fam17	0.15178571428571433	0.0	0.3717975502438753	0.00255	0.0	0.0044167295593006365	0.0024214285714285713	0.0	0.004194073807414554	152896	0.0024875621890547263
fam90	nan	nan	nan	0.001025	0.0	0.0017753520777580994	0.0	0.0	0.0	226840	0.0008771929824561404
fam77	nan	nan	nan	0.0	0.0	0.0	0.0	0.0	0.0	294531	0.0
fam41	nan	nan	nan	0.0014464285714285714	0.0027	0.0013465517185062908	0.0	0.0	0.0	486677	0.0012315270935960591
fam78	nan	nan	nan	0.0	0.0	0.0	0.0	0.0	0.0	293016	0.0
fam36	0.1851851851851852	0.17283950617283952	0.030240614108434285	0.00105	0.0	0.0012757350822173072	0.00405	0.0	0.007014805770653953	503085	0.0014775413711583926
fam16	0.06092841768436562	0.09268292682926829	0.056741090780189095	0.00095	0.0	0.0016454482671904333	0.010164285714285713	0.0	0.014077342847023833	152461	0.0021929824561403508
fam126	0.0	0.0	0.0	0.0	0.0	0.0	0.01984285714285714	0.0266	0.017472926579863664	27452	0.0026041666666666665
fam115	nan	nan	nan	0.000425	0.0	0.0007361215932167728	0.0	0.0	0.0	93363	0.00035919540229885057
fam35	0.16535433070866137	0.1653543307086614	2.7755575615628914e-17	0.000525	0.0	0.0009093266739736606	0.003175	0.0	0.005499261314031184	506020	0.0008818342151675485
fam26	0.024132730015082954	0.0	0.029786451973049015	0.0003	0.0	0.0005196152422706631	0.008042857142857145	0.0077	0.00846456599897599	189605	0.0013146362839614376
fam130	0.1623376623376623	0.16233766233766234	2.7755575615628914e-17	0.0006249999999999999	0.0	0.0010825317547305483	0.00385	0.0	0.006668395609140179	1819	0.0010893246187363835
fam65	0.0	0.0	0.0	0.0	0.0	0.0	0.006025000000000001	0.0	0.010435606115602486	319489	0.0016181229773462784
fam2	0.24397031539888686	0.2564935064935065	0.03067542813318452	0.0024357142857142863	0.0	0.0031392918088678046	0.007699999999999999	0.0	0.013336791218280358	54655	0.0031746031746031746
fam68	nan	nan	nan	0.0	0.0	0.0	0.0	0.0	0.0	302113	0.0
fam88	nan	nan	nan	0.0021000000000000003	0.002	0.0016015617378046967	0.0	0.0	0.0	258953	0.0017524776408025138
fam25	0.20437255052639666	0.23376623376623376	0.0469637127153563	0.0004285714285714286	0.0	0.0005731224893119289	0.0019464285714285712	0.0	0.002360460327813978	186574	0.0006651463321930824
fam5	nan	nan	nan	0.0024357142857142854	0.0031	0.0019176276798083996	0.0	0.0	0.0	75234	0.0020461309523809525
fam84	0.0935960591133005	0.0	0.1479883634068946	0.0016285714285714284	0.0	0.0018805123053604956	0.0029178571428571426	0.0	0.0050539272969097005	274631	0.00181796856673704
fam100	nan	nan	nan	0.0	0.0	0.0	0.0	0.0	0.0	153445	0.0
fam23	0.052493438320209966	0.0	0.07423693240803649	0.0005	0.0	0.0008660254037844386	0.006803571428571428	0.0127	0.0063337803055666265	174326	0.0013784461152882203
fam102	nan	nan	nan	0.0021	0.0	0.002424871130596428	0.0	0.0	0.0	147444	0.0017857142857142859
fam40	0.0	0.0	0.0	0.0	0.0	0.0	0.011575	0.0	0.020048488097609753	496684	0.0013440860215053765
fam71	nan	nan	nan	0.000525	0.0	0.0009093266739736605	0.0	0.0	0.0	296959	0.0004655493482309125
fam31	nan	nan	nan	0.0	0.0	0.0	0.0	0.0	0.0	577733	0.0
fam137	nan	nan	nan	0.0	0.0	0.0	0.0	0.0	0.0	49258	0.0
fam129	0.09344115004492362	0.08176100628930817	0.028610392323613038	0.0006499999999999999	0.0	0.0007370307223679931	0.003975	0.0	0.006884901960086287	13466	0.0011074197120708748
fam6	nan	nan	nan	0.0	0.0	0.0	0.0	0.0	0.0	77947	0.0
fam73	0.0	0.0	0.0	0.0	0.0	0.0	0.010249999999999999	0.0	0.01775352077758099	296374	0.001388888888888889
fam117	0.0	0.0	0.0	0.0	0.0	0.0	0.002025	0.0	0.0035074028853269764	81040	0.0003623188405797101
fam30	nan	nan	nan	0.0	0.0	0.0	0.0	0.0	0.0	609707	0.0
fam86	nan	nan	nan	0.002192857142857143	0.0021	0.002310987508686735	0.0	0.0	0.0	266791	0.0018865469685141814
fam94	nan	nan	nan	0.0	0.0	0.0	0.0	0.0	0.0	200170	0.0
fam53	nan	nan	nan	0.000575	0.0	0.0009959292143521044	0.0	0.0	0.0	372841	0.00047619047619047614
fam89	nan	nan	nan	0.0	0.0	0.0	0.0	0.0	0.0	232161	0.0
fam19	0.0948299844011422	0.09633027522935779	0.05262433598841562	0.0012749999999999999	0.0011	0.000867930625930766	0.010885714285714285	0.0163	0.008970296789393088	158088	0.0028195488721804505
fam123	0.4932522872935136	0.545816733067729	0.12875607075902315	0.005046428571428571	0.0	0.005763771219737073	0.006282142857142857	0.0	0.010881046876217793	32413	0.0051997810618500265
fam9	nan	nan	nan	0.0	0.0	0.0	0.0	0.0	0.0	108812	0.0
fam109	0.14830206267139248	0.1764705882352941	0.1192263120080877	0.0009428571428571429	0.0012	0.0007423074889580902	0.005078571428571428	0.0067	0.004296456774637274	121330	0.00158484446410143
fam10	nan	nan	nan	0.0	0.0	0.0	0.0	0.0	0.0	110452	0.0
fam7	0.04667813071174415	0.0	0.061255275392763736	0.00032500000000000004	0.0	0.000562916512459885	0.005760714285714286	0.0073	0.005324025013740899	82220	0.001977535200126562
fam81	nan	nan	nan	0.0	0.0	0.0	0.0	0.0	0.0	289488	0.0
fam38	nan	nan	nan	0.0009249999999999999	0.0	0.0016021469970012114	0.0	0.0	0.0	501353	0.0008169934640522876
fam106	nan	nan	nan	0.000675	0.0	0.0011691342951089922	0.0	0.0	0.0	137378	0.0006082725060827251
fam45	nan	nan	nan	0.0	0.0	0.0	0.0	0.0	0.0	441573	0.0
fam12	0.1107142857142857	0.12916666666666665	0.04519891787278483	0.0013285714285714285	0.0	0.0015341021438467198	0.005992857142857143	0.0	0.010379992037274282	118660	0.0018389469608981804
fam52	0.138755980861244	0.13875598086124402	2.7755575615628914e-17	0.000725	0.0	0.001255736835487436	0.005225	0.0	0.009049965469547384	373370	0.0012722646310432569
fam55	0.16300366300366304	0.14102564102564105	0.05383493940182809	0.0005535714285714286	0.0	0.0006332919338420376	0.00195	0.0	0.0033774990747593107	357101	0.0007462686567164179
fam82	0.23705264735600343	0.17475728155339806	0.08559199724364398	0.0009321428571428571	0.0009	0.0007787598068305104	0.0040464285714285715	0.0051	0.0037334857460992847	279779	0.0013643659711075444
fam95	nan	nan	nan	0.0031571428571428575	0.0034	0.0031384059388063065	0.0	0.0	0.0	185620	0.002691511387163561
fam80	0.026016260162601626	0.0	0.05203252032520325	0.0004000000000000001	0.0	0.000692820323027551	0.006546428571428571	0.0122	0.00609446365522824	289810	0.0011337868480725624
fam83	nan	nan	nan	0.0	0.0	0.0	0.0	0.0	0.0	275232	0.0
fam8	0.03694231315714692	0.04830917874396135	0.025016790084766996	0.0004285714285714287	0.0	0.0004948716593053935	0.009610714285714287	0.0069	0.009097854507116117	90920	0.0016321044546850996
fam111	nan	nan	nan	0.0	0.0	0.0	0.0	0.0	0.0	105842	0.0
fam85	nan	nan	nan	0.0023035714285714287	0.0043	0.0021445082924359446	0.0	0.0	0.0	270251	0.001984126984126984
fam46	0.0	0.0	0.0	0.0	0.0	0.0	0.01045	0.0	0.018099930939094767	438510	0.0013440860215053765
fam110	0.2132260448747607	0.24475524475524477	0.1829572445504526	0.0030928571428571433	0.0047	0.0027297211489491764	0.009589285714285715	0.014	0.008531343022965975	107426	0.008333333333333331
fam87	0.07110837179236632	0.07058823529411763	0.0683656976836189	0.0005142857142857143	0.0	0.0005938459911664722	0.00425	0.0	0.004819491674440365	262634	0.0009888939601399665
fam76	nan	nan	nan	0.0009	0.0	0.0015588457268119896	0.0	0.0	0.0	294740	0.0008333333333333334
fam21	0.0	0.0	0.0	0.0	0.0	0.0	0.0036285714285714285	0.0	0.00411997374669662	171302	0.0005847953216374269
fam131	0.3849350649350649	0.41414141414141414	0.2039291585109834	0.002882142857142858	0.0021	0.0019287400719915897	0.002485714285714286	0.0	0.004305454537619716	18972	0.002793974732750243
fam122	nan	nan	nan	0.00105	0.0	0.0018186533479473208	0.0	0.0	0.0	43143	0.0009259259259259261
fam47	nan	nan	nan	0.0	0.0	0.0	0.0	0.0	0.0	418817	0.0
fam114	0.0	0.0	0.0	0.0	0.0	0.0	0.00325	0.0	0.005629165124598851	96104	0.00040257648953301127
fam96	nan	nan	nan	0.002196428571428572	0.0041	0.002044763720694738	0.0	0.0	0.0	183539	0.0018221574344023318
fam27	nan	nan	nan	0.0	0.0	0.0	0.0	0.0	0.0	192252	0.0
fam50	nan	nan	nan	0.0	0.0	0.0	0.0	0.0	0.0	391097	0.0
fam92	0.0	0.0	0.0	0.0	0.0	0.0	0.021532142857142857	0.0	0.027603494260838846	202733	0.0031265031265031266
fam75	nan	nan	nan	0.0	0.0	0.0	0.0	0.0	0.0	295042	0.0
fam79	nan	nan	nan	0.0011	0.0	0.0012472827609304497	0.0	0.0	0.0	291385	0.0010162601626016261
fam13	0.0	0.0	0.0	0.0	0.0	0.0	0.0043	0.0	0.007447818472546172	128856	0.0005868544600938967
fam91	0.0	0.0	0.0	0.0	0.0	0.0	0.010875000000000001	0.0	0.012408741878208281	210311	0.00165016501650165
fam113	nan	nan	nan	0.00125	0.0	0.002165063509461096	0.0	0.0	0.0	103491	0.0010548523206751054
fam99	nan	nan	nan	0.0006285714285714285	0.0008	0.0004948716593053935	0.0	0.0	0.0	165050	0.0005513784461152881
fam11	nan	nan	nan	0.000575	0.0	0.0009959292143521044	0.0	0.0	0.0	118223	0.0005050505050505049
fam4	0.0	0.0	0.0	0.0	0.0	0.0	0.002275	0.0	0.003940415587219196	74346	0.0005112474437627812
fam28	nan	nan	nan	0.000875	0.0	0.0015155444566227678	0.0	0.0	0.0	200628	0.0007507507507507506
fam39	0.0	0.0	0.0	0.0	0.0	0.0	0.005828571428571429	0.0	0.00661512645073272	497350	0.0008417508417508416
fam104	0.0	0.0	0.0	0.0	0.0	0.0	0.0026249999999999997	0.0	0.004546633369868302	145703	0.0004816955684007707
fam34	nan	nan	nan	0.000875	0.0	0.001515544456622768	0.0	0.0	0.0	506621	0.0007645259938837921
fam121	nan	nan	nan	0.0019285714285714286	0.0036	0.0017954022913417213	0.0	0.0	0.0	47143	0.0014757969303423849
fam118	0.03594771241830066	0.0	0.08038152860293361	0.000825	0.0	0.0014289419162443237	0.006557142857142858	0.0	0.00757153638737252	80677	0.0018540202966432476
fam24	nan	nan	nan	0.00085	0.0	0.0009638094061735293	0.0	0.0	0.0	176601	0.0026990553306342783
fam54	0.07148175725986597	0.0	0.09678675686833609	0.0004000000000000001	0.0	0.000692820323027551	0.006189285714285714	0.0079	0.005697012957037491	372084	0.0013485863095238093
fam20	0.0	0.0	0.0	0.0	0.0	0.0	0.013507142857142856	0.0182	0.011876625560060299	162834	0.0019230769230769232
fam33	nan	nan	nan	0.0	0.0	0.0	0.0	0.0	0.0	509534	0.0
fam22	nan	nan	nan	0.0	0.0	0.0	0.0	0.0	0.0	173754	0.0
fam37	nan	nan	nan	0.00020000000000000004	0.0	0.0003464101615137755	0.0	0.0	0.0	501664	0.0001773049645390071
fam136	0.25	0.21666666666666665	0.18580583823930164	0.001214285714285714	0.0013	0.0012161750008337867	0.0015	0.0	0.0025980762113533163	43235	0.0012755102040816328
fam49	0.5274725274725274	0.5274725274725274	0.0	0.0012	0.0	0.0020784609690826525	0.002275	0.0	0.003940415587219196	400966	0.001310272536687631
fam70	nan	nan	nan	0.0024357142857142854	0.0031	0.0022472545608418484	0.0	0.0	0.0	297511	0.002129307007355788
fam42	nan	nan	nan	0.0	0.0	0.0	0.0	0.0	0.0	480060	0.0
fam1	0.0	0.0	0.0	0.0	0.0	0.0	0.006925	0.0	0.011994451842414475	52334	0.0011737089201877932
fam120	0.04244306418219462	0.0	0.10396385036657382	0.001025	0.0	0.0017753520777580992	0.0034499999999999995	0.0	0.005975575286112627	55731	0.0013440860215053765
fam105	0.23209283713485393	0.217687074829932	0.06607368528387449	0.0011714285714285713	0.0008	0.0011609285516520026	0.005074999999999999	0.0049	0.005316660135837159	141558	0.0016937669376693768
fam51	0.01655844155844156	0.0	0.0405597327538773	0.001275	0.0	0.0022083647796503187	0.011042857142857144	0.0	0.019126821641936465	388132	0.00228310502283105
fam3	nan	nan	nan	0.0	0.0	0.0	0.0	0.0	0.0	66842	0.0
fam67	nan	nan	nan	0.0017142857142857144	0.0032	0.0015959131478593075	0.0	0.0	0.0	302251	0.0014637002341920376
fam132	nan	nan	nan	0.002175	0.0	0.0037672105064623074	0.0	0.0	0.0	33150	0.007092198581560282
fam66	0.019674935842600515	0.0	0.04819355353636707	0.000575	0.0	0.0009959292143521044	0.004175	0.0	0.007231312121600063	303058	0.001001001001001001
fam72	nan	nan	nan	0.0	0.0	0.0	0.0	0.0	0.0	296561	0.0
fam14	0.0	0.0	0.0	0.0	0.0	0.0	0.006449999999999999	0.0	0.011171727708819258	141560	0.0009259259259259259
fam64	0.10945590357355064	0.10784313725490197	0.1107934827662776	0.0007464285714285714	0.0011	0.0006608880080495285	0.006014285714285714	0.0051	0.004329526061633923	342803	0.0016552075375604789
fam97	nan	nan	nan	0.0	0.0	0.0	0.0	0.0	0.0	180280	0.0
