fam	avg_dnds	med_dnds	SDdnds	dn	med_dn	SDdn	ds	med_ds	SDds	loc	Pi
fam966	0.016467966126067404	0.01696321788582168	0.012368166781863482	0.05069636363636364	0.0644	0.025777720920744106	11.992356363636365	3.8563	27.54745150020078	732170	0.19808418531822786
fam519	0.03679446204740709	0.047488731487443654	0.022186366263471594	0.15837636363636362	0.1954	0.0867149918120199	17.150816363636366	3.7299	33.78918989127501	546978	0.2783333333333334
fam1093	0.016586490234275122	0.013582813582813581	0.013364039700837263	0.09260363636363636	0.1157	0.048113770335193734	31.272083636363636	4.449	43.40128562667979	629168	0.24882894882894882
fam814	0.01128496123596156	0.007306611448010649	0.01148091678417019	0.07161272727272729	0.0951	0.03917238848774364	37.90153636363636	3.5236	46.19302873126426	875810	0.23178847296494354
fam321	0.033196456319856495	0.034477254588986435	0.02709213608165652	0.07600000000000001	0.1078	0.05176487752766876	2.054158181818182	3.0787	1.2286079631682072	369552	0.2234294161123429
fam594	0.018229439675904603	0.015548984008236344	0.012398078219211205	0.022750909090909096	0.0275	0.012700076917838265	1.4288199999999995	1.4455	1.0075250665774118	615628	0.1371413247519442
fam346	0.03293864067086289	0.039752034095311896	0.01885472057453311	0.11502545454545453	0.1511	0.06914560715207982	5.119903636363635	3.8715	12.83430660399857	389907	0.2647433747064743
fam1364	0.0291653477462299	0.022066198595787363	0.037446598086960964	0.11307818181818181	0.143	0.06163827232228392	37.49813454545455	3.3165	46.50177726371803	359598	0.29405505436039786
fam174	0.042901632096870174	0.04476240483066421	0.03179470614327214	0.09847999999999996	0.1161	0.056605548716133346	2.438643636363637	3.0063	1.037241260751306	233429	0.2389154704944178
fam1534	0.045437342915092736	0.04534855477289289	0.0384945951714566	0.13852	0.1799	0.07304648432831845	8.516165454545455	4.1322	21.78416190291568	203597	0.2637137031568586
fam317	0.033856848453132915	0.03458480224389491	0.024660777974809603	0.1348927272727273	0.154	0.061285967115558	17.20917818181818	3.6811	33.75778307800058	367288	0.28482471776589424
fam1715	0.03787347386615837	0.04481341178367051	0.016616518206218716	0.13849333333333333	0.1668	0.06737453326987382	9.706855555555554	3.7341	23.88608140859494	29502	0.27211851851851854
fam1699	0.014423113614149406	0.01570643752641217	0.007535399378578067	0.05818727272727272	0.0654	0.03462114464021008	5.1800690909090905	4.0734	12.839036747015973	43568	0.2245541125541125
fam1604	0.024137146637508586	0.029339363407373482	0.01997769211933163	0.10738181818181818	0.1203	0.0666585030814363	23.739383636363645	3.3889	39.771486249073945	124730	0.26492929292929296
fam565	0.022667408813835804	0.024830182919072942	0.008885604168402964	0.07604181818181821	0.095	0.039362218576188886	4.91772181818182	3.6904	12.85760488577856	588792	0.22968929804372845
fam1713	0.015627279677745028	0.014250309789343246	0.011373248213866196	0.0690309090909091	0.0814	0.035694032466492324	25.610194545454544	3.5258	40.842239528456176	31311	0.24862321848623212
fam1685	0.016357085133570974	0.018268445535073875	0.00906888306795381	0.03984909090909091	0.0385	0.02505868655577994	2.234298181818182	2.6372	0.9905406052878232	57380	0.19507575757575757
fam229	0.021110573229227447	0.012478379046207069	0.01974766905230812	0.1266581818181818	0.1653	0.07087342030539463	38.03072	4.3217	46.10810252038493	284339	0.26262159703268245
fam1501	0.010208603233204584	0.0007424242424242423	0.035969561569336714	0.045978181818181814	0.0481	0.023490723050206174	60.16959090909091	99.0	47.561946491562786	233243	0.2569541569541571
fam222	0.03317150169982287	0.027909547179565723	0.038503506371968935	0.07007636363636363	0.0891	0.042157030961681025	2.3754309090909094	3.245	1.2232986145325906	276993	0.2022206800832755
fam1393	0.021252977344510537	0.023763598487771005	0.009267522456823184	0.07160181818181818	0.0912	0.04259429962249149	3.3983200000000005	3.932	1.3539396001567896	325687	0.221239586194269
fam1242	0.03709561722898854	0.04652844744455159	0.026388775934986324	0.08547818181818181	0.1162	0.06245061085925593	5.422694545454545	2.3427	18.19698714403437	480795	0.23598484848484844
fam287	0.03139466586952577	0.027102696500286863	0.023496069544691387	0.0989381818181818	0.11	0.05946816869219453	3.134667272727274	4.3228	1.6604297364953495	337595	0.24495347172512533
fam225	0.017587845359995125	0.016280525986224172	0.01232026255931593	0.04521090909090909	0.0541	0.023963242099115604	2.6512072727272735	3.3928	1.1988724699565985	278940	0.20373952288845906
fam1362	0.03070099141170631	0.03308515100671141	0.019248665639319547	0.1163890909090909	0.1255	0.08285507319240633	3.350412727272727	3.8185	1.2136183679101622	361007	0.2587829514658783
fam1422	0.01085853104164156	0.011379869736810247	0.012600152746167216	0.04762363636363636	0.0496	0.02637815186603809	20.890400000000007	4.1554	36.84164064242328	299277	0.21667549279199766
fam1734	0.018014614880830143	0.013627683583125978	0.020907798173506197	0.09280181818181821	0.1243	0.04946581001389322	36.045030909090904	3.7789	45.749825620797814	5609	0.2702760942760942
fam1707	0.029990937974427548	0.034848166561632005	0.01162047068748846	0.11658	0.1489	0.06724694896762637	3.760878181818182	4.3142	1.403072412787012	36043	0.26903987240829347
fam796	0.0153496718541538	0.01971793915732678	0.011797942910003809	0.07811454545454545	0.1031	0.04732019141658748	19.339230909090908	4.3813	35.260530672812024	898032	0.2324848484848485
fam17	0.023013534217266943	0.018763213530655392	0.017176264397387574	0.1165	0.138	0.06116341152266532	27.66189818181818	4.1196	41.703842550011856	84337	0.2569696969696969
fam576	0.023934402232195125	0.0300096071193811	0.013236050432894312	0.09640666666666667	0.1209	0.05770598043338124	11.825546666666666	3.9532	27.257374074319372	600140	0.225765823460348
fam185	0.026417138489748124	0.03344210810412935	0.014435627133284876	0.1057509090909091	0.1374	0.05798187764756493	13.90150909090909	4.0971	29.810021777457035	242247	0.25297580117724006
fam803	0.02379719317561491	0.02781754385964912	0.02687538343731476	0.0916981818181818	0.1202	0.05017193525870121	22.21801636363636	3.592	38.4073575156956	886705	0.23552960800667225
fam460	0.014682752748356074	0.013764807094169811	0.01055902582320956	0.06126363636363638	0.0813	0.034022139121654645	15.760145454545455	4.332	31.82312016453	494914	0.20684326710816775
fam526	0.02370108224114496	0.0243117626027887	0.0157623867159616	0.08151090909090909	0.1014	0.041685121272909714	3.7025218181818187	4.208	1.2906732679554793	552525	0.24238234883396167
fam1577	0.008509550084397103	0.008336389194475003	0.0053997149642600415	0.028743636363636367	0.0338	0.01812333266198189	3.379172727272727	4.0969	1.3659374076508173	154921	0.18119541277436013
fam789	0.008042138450982905	0.004685942173479562	0.00877310712312272	0.06544545454545454	0.0794	0.03551598778620344	48.4383690909091	4.2901	47.888411551184184	905414	0.22228784363355125
fam216	0.03048415078536945	0.034159725140272386	0.013398070414494074	0.10868000000000003	0.1382	0.05512343306369146	6.987247272727271	4.0594	17.93025649410266	271669	0.2535228212647568
fam625	0.05141607814687483	0.04664536741214058	0.03488887562519183	0.11850727272727272	0.1481	0.06770899458053883	2.5469436363636357	3.2239	1.0932327965947661	642081	0.239266615737204
fam750	0.03322044609688327	0.03754132930670902	0.02500189371328325	0.12325818181818184	0.1442	0.07313693431044659	11.935616363636363	3.6519	27.55114715204012	766624	0.2800780078007801
fam791	0.012935021605469423	0.015259461371330402	0.006673982542938508	0.047018181818181806	0.0603	0.025798295157972186	3.4371890909090905	3.9568	1.3518062071536634	902954	0.20618762475049898
fam318	0.021278357327983874	0.021784799562577343	0.012839124359680648	0.05669636363636363	0.0728	0.030441078487861303	2.713245454545454	3.2711	1.1038892378261642	367655	0.21984848484848485
fam608	0.04056969076199952	0.04346024472285867	0.016042072590457295	0.13978000000000002	0.1699	0.06476831548611628	5.289541818181818	4.1044	12.826724997437484	627803	0.2642787619233016
fam352	0.01933383390152068	0.018777331950768673	0.009670469680779548	0.08053636363636361	0.0865	0.04695976755260871	12.133292727272725	4.2231	27.503242479287646	395966	0.23687786960514232
fam1519	0.026178208080137228	0.02760877469397649	0.016273314001297813	0.11100909090909092	0.1458	0.06947435700308233	13.739918181818181	3.9451	29.85970178984068	215529	0.2642500958956655
fam1552	0.025149407419964884	0.027154663518299878	0.012945246427917908	0.1047290909090909	0.1336	0.050763006117473426	7.763427272727273	4.9888	17.79701959359237	184529	0.2539209218454501
fam1400	0.009095914164540453	0.007847498014297061	0.005582052849898103	0.021819999999999996	0.0241	0.0157310278228613	2.18778	3.1142	1.27006858889947	322792	0.18541458541458544
fam928	0.03191823617326714	0.03868471953578337	0.02707700743685847	0.13318000000000002	0.1692	0.06995869274728546	34.205560000000006	3.2876	45.20083008589192	766172	0.25986394557823134
fam798	0.022253450305332774	0.028463792381749682	0.01138510083916763	0.09662181818181817	0.1172	0.047467560945858175	8.96609090909091	4.1066	21.64790970332637	895738	0.24630924630924628
fam1013	0.007224993539051176	0.001203030303030303	0.014972739514472953	0.06909272727272728	0.053	0.05343289029510996	56.60742181818181	99.0	48.184879830965805	692608	0.24036979969183356
fam1624	0.008642280289710206	0.005201627439872277	0.01211915383741291	0.050783636363636364	0.0594	0.024276054521698866	44.854458181818174	3.9328	47.6516376991206	114002	0.23045145330859618
fam26	0.03518063593318501	0.031710416047146604	0.018101860056030476	0.07683090909090909	0.0985	0.04521845509293452	2.6534163636363632	3.5822	1.452488675063175	92022	0.20657916058985576
fam1623	0.03228207291503956	0.030448433149694924	0.01736052852693174	0.1020163636363636	0.1038	0.051844634205168896	8.164176363636365	3.3966	21.845288012533327	114748	0.24632034632034638
fam659	0.03876769515670619	0.034554973821989535	0.03989754168454153	0.11454909090909093	0.1328	0.06674305376925962	3.3416454545454553	3.8469	1.2843004384868522	681980	0.26117906336088154
fam1608	0.01565661555897251	0.01333097386893175	0.010994508278715662	0.03106545454545455	0.0342	0.015867121159312342	4.172950909090909	3.3906	12.974190131822525	122015	0.19724941724941722
fam148	0.013090194684310254	0.006232731478506715	0.028084714163551686	0.0757290909090909	0.083	0.039256909861842486	48.37816181818181	3.9526	47.941442431796624	207648	0.2653550429669833
fam470	0.023330926668041433	0.025818718570963947	0.01101545726487762	0.08662727272727273	0.1027	0.055939410256407876	3.2483672727272728	4.0108	1.4548940400098553	503782	0.23257814740464586
fam1740	0.020652418742368155	0.007335344917282281	0.023207662556686125	0.11177636363636363	0.1589	0.06713463261140086	42.70363272727273	3.0922	47.73557483168008	1237	0.2498550724637681
fam1743	0.010950747570975444	0.0070577405001790005	0.013303432419052647	0.06467272727272728	0.0768	0.034505664644547615	43.16700181818181	4.265	47.35213887634756	3999	0.2213948530531445
fam1233	0.030826010705022663	0.03290639957454352	0.009912873864594749	0.11154909090909092	0.1443	0.052381960367103735	3.613303636363636	4.332	1.4851322979897215	486554	0.2583976410063366
fam1626	0.018367431004485294	0.01812038294630139	0.008315246965526674	0.049869090909090905	0.055	0.028223232678237217	2.451532727272727	3.0463	1.0066393182817488	113340	0.2072463768115942
fam597	0.01383978397088902	0.014208300290774516	0.009194528079361174	0.03373090909090909	0.0357	0.016542857538442084	11.278707272727274	2.8919	27.75708795937849	619824	0.22324342324342317
fam248	0.015020822766513137	0.019710334313405204	0.008072260832773159	0.06492545454545455	0.0897	0.038006139303978094	7.307316363636364	4.3779	17.862409005717858	305107	0.22999951045185296
fam1101	0.01228286539197907	0.008847605509533847	0.012220879509245337	0.11400545454545458	0.1474	0.06417760702125942	48.41025272727273	4.4265	47.91822318470901	620574	0.2471101548024625
fam771	0.007968582770659207	0.010667720268668511	0.005837416451210818	0.04118363636363636	0.0454	0.022897937689085084	29.242136363636362	3.8269	42.73507910797049	783711	0.20022222222222222
fam1647	0.026418263345196005	0.0316771264852529	0.014290696559553865	0.09623636363636363	0.127	0.04833518712128449	12.076572727272728	4.0723	27.521137045765414	96121	0.25554047942107644
fam100	0.03186265679651719	0.013863198546358872	0.038811114359323474	0.10316000000000002	0.1481	0.07109773679786001	36.463993333333335	2.6881	46.45723733903829	171121	0.24228395061728397
fam23	0.017558110535604955	0.018740399385560675	0.015503944247366641	0.07235454545454546	0.0889	0.03989717154787619	19.024727272727276	3.9325	35.392742122302444	89347	0.22085561497326206
fam1085	0.03951981937442461	0.04785855321911443	0.02725826676773066	0.10221454545454546	0.1323	0.06677041374790271	9.001656363636362	2.5242	25.222121335495547	639536	0.2560994560994561
fam350	0.005466337519584469	0.005465798569246846	0.002624462361025002	0.015185454545454549	0.0167	0.009171089321277106	2.6214872727272733	3.0382	1.3300060902190767	393994	0.1821795941061996
fam617	0.018837955233237832	0.015552049457449207	0.01272373400796188	0.06373777777777777	0.0521	0.04217885878488253	11.27236888888889	3.1909	27.421128118910403	635482	0.23547124360132493
fam1554	0.004717468638277774	0.004778554778554779	0.003798766564827331	0.03079454545454546	0.0364	0.015323332395483672	34.98941454545455	4.8105	44.668867350914624	179254	0.20090052760973456
fam931	0.010901029125283061	0.008535525171895993	0.011644227671745533	0.11153272727272728	0.1341	0.06126054953169797	50.27850909090909	4.6211	47.85876924091729	762811	0.25793466902912177
fam1392	0.009032328288631097	0.011489808319063138	0.006400788479946621	0.035445454545454544	0.0416	0.020708310305345517	11.78417818181818	3.5824	27.604326798757743	326792	0.20400059710404542
fam1508	0.009902939750761796	0.008758648000186353	0.012538599052856939	0.03117818181818182	0.0386	0.01550553790699065	7.16036909090909	4.2929	17.895416273213375	225244	0.21169895678092407
fam598	0.030648914000337556	0.035948771161952955	0.01586646709680678	0.0899709090909091	0.1172	0.04848197668010162	9.529436363636362	2.8993	25.07502628092786	620078	0.2276743336984301
fam1782	0.008581432385923446	0.009184525466184246	0.010943611664253373	0.05183090909090909	0.0524	0.023911069119683482	39.909014545454546	4.5139	46.457709246138016	49562	0.21319464234824737
fam577	0.0249965523556489	0.029890132196594858	0.009998492464069916	0.09879636363636363	0.121	0.04688098262868863	10.370234545454547	3.9612	24.851855293363133	601151	0.2577657168701945
fam1687	0.025216668646049697	0.026879415017265113	0.01573313249349189	0.09018909090909091	0.109	0.04641099663080359	3.8736581818181817	4.4376	1.4499436071404996	54080	0.23533242876526456
fam240	0.03209142616287795	0.03657828527191794	0.025820750538787175	0.09817636363636364	0.1111	0.06271184595545323	18.116834545454548	2.6884	35.78597307445382	295910	0.23373737373737372
fam351	0.010120319346163446	0.00861739360607041	0.00938579038546427	0.03232363636363637	0.0292	0.024206475194094534	4.837681818181819	3.4659	12.84863375769213	394520	0.20958333333333337
fam1368	0.008003990099186438	0.006544845279857585	0.008692424678013993	0.06367818181818181	0.0671	0.03536479343748571	44.931523636363636	3.9047	47.584402419742396	353766	0.22859908994094297
fam1385	0.04813289206585778	0.05105492027701723	0.021312481016496864	0.1315927272727273	0.1602	0.0759742393052838	2.615632727272728	3.3963	1.2343035810535643	333494	0.2644385026737968
fam1416	0.029747307918987137	0.0344360392909563	0.012420258874736514	0.09447636363636365	0.1027	0.04491465427446861	9.711699999999999	3.3898	25.028878537866476	308115	0.2682216905901117
fam1520	0.013689956346582034	0.013235261239911467	0.012902912157105264	0.04774727272727273	0.0577	0.027807107361872623	3.613770909090909	4.3024	1.418705996792689	213991	0.20870087008700872
fam1244	0.019095916450958587	0.02158273381294964	0.014544271760121566	0.07364727272727273	0.0783	0.050545611641351684	13.499114545454542	3.5271	29.940160688020956	479210	0.2612258953168044
fam181	0.020054187963720035	0.02238788082168796	0.009803301161641598	0.07259272727272727	0.0949	0.04081636861735054	3.476132727272727	4.1542	1.4644535370579883	237802	0.2429292929292929
fam639	0.0384405474377439	0.042397441662919096	0.012626872950689235	0.13366363636363635	0.1668	0.07324091346343707	3.394570909090909	3.9982	1.3246149230725306	660403	0.26939010356731874
fam306	0.02265261420192542	0.01969845000132027	0.013015786010073102	0.060196363636363624	0.0721	0.03682777096227229	2.9958090909090913	3.7908	1.4863262241051962	356097	0.20892773892773892
fam170	0.024713354435778098	0.029861802356536033	0.00914812595346008	0.0978981818181818	0.1283	0.05340252118974804	3.785223636363637	4.3535	1.4576080733939218	230029	0.2637545669460563
fam1553	0.00455967578334192	0.0006525252525252526	0.005972331620688763	0.04396363636363635	0.0563	0.021025364453754972	58.835325454545455	99.0	47.39042811132843	182586	0.21258888093533768
fam621	0.01903254693962232	0.010860791076539224	0.02020623450777379	0.08685454545454543	0.1137	0.04816624551085097	27.610623636363638	3.9564	41.73336428863586	637703	0.2454837766734873
fam164	0.025737610650010786	0.029528994312934428	0.019268250654826343	0.09841454545454545	0.1233	0.054371019747929614	8.896705454545454	4.1776	21.674652181421656	223419	0.2527772438977513
fam1775	0.00768583961627229	0.0014020202020202021	0.01125906477953557	0.09450909090909092	0.12	0.05177020298738814	56.89332181818181	99.0	47.86823810233364	39915	0.24154334038054967
fam1506	0.009206885062035451	0.008970879146156322	0.0069221865694023416	0.03146545454545454	0.039	0.016315572240061367	3.689581818181818	4.3486	1.449849051088474	227289	0.1967528495968863
fam869	0.018985403051112362	0.02062607638537129	0.007967169299686355	0.08337636363636362	0.1015	0.04727540572831564	4.317885454545454	4.9249	1.5585263023321605	829511	0.22615464219027692
fam1614	0.024728753684525196	0.02438323978592873	0.013870914267166282	0.09319818181818183	0.1065	0.05100271825522134	15.175283636363634	3.5612	32.030385779913665	118414	0.2661054994388328
fam336	0.034501281306404646	0.03984435072348953	0.013645148948248684	0.12663818181818182	0.1687	0.06421748980374595	13.623449090909089	4.1359	29.910870587134657	382582	0.2649598611412454
fam1694	0.01578336291863562	0.01462671406805485	0.017058470540119067	0.029903636363636358	0.0273	0.019550940118166497	4.191565454545455	2.9952	12.954212411317558	48451	0.21595262974573323
fam784	0.02856789833579534	0.03062766103557204	0.012814817473446118	0.10897454545454546	0.1313	0.05648563202083685	3.830900000000001	4.3686	1.3539278486214572	909929	0.25384073291050036
fam1576	0.003064947855275878	0.002542103590721322	0.003012982793236711	0.02201272727272727	0.019	0.014629174519002702	41.02639272727272	3.0206	47.34198973712584	156229	0.19982847341337912
fam936	0.028149072661346985	0.026467993333986868	0.022738685803693877	0.10577636363636364	0.1342	0.06617269957161367	20.09414	2.9186	37.20546870710176	757717	0.24951958610495195
fam653	0.027058628902530836	0.02908389309704159	0.016924992695120118	0.10153999999999998	0.1219	0.05495680816456104	10.496794545454543	4.2014	24.824329666433858	675271	0.24948890098590698
fam193	0.008994172066115642	0.00915534554046072	0.0057967054462225946	0.03410545454545455	0.0475	0.018834990823964927	15.296585454545452	4.0829	31.99821488701244	248689	0.1963329497506712
fam1247	0.017346984207217236	0.019460685923728075	0.01238631885449698	0.04578181818181818	0.0447	0.03615670485242155	2.404336363636364	2.2437	1.5573294834851845	476743	0.18205518875909935
fam1752	0.010201308973155677	0.004771576088286392	0.010177000923050699	0.06760363636363637	0.0907	0.03949634258619335	38.04209818181819	4.1968	46.09983258138991	13846	0.23631238388109427
fam1684	0.009468490194560935	0.009058567758086831	0.008514392739482358	0.02112	0.0215	0.013329207846611959	2.332290909090909	2.9541	0.9649130448383282	57758	0.17575757575757578
fam505	0.02998096556063732	0.03472738867042194	0.01451953985989667	0.1007018181818182	0.1307	0.06410607825644529	2.82358909090909	3.5323	1.2922576397597172	535911	0.24130064691862446
fam52	0.03363314957933811	0.03203946808812272	0.037789372539628115	0.11148909090909091	0.1344	0.05731679960845138	30.60494363636364	3.288	43.823726944956384	123262	0.2384192805245437
fam236	0.039657988027202995	0.04845117233142055	0.018386920345137777	0.13265777777777776	0.1855	0.0869532198340359	5.324888888888889	3.8584	14.195690148104376	291742	0.24820375931487046
fam1727	0.0059579924698220516	0.0014424242424242424	0.00899480129943918	0.09920909090909089	0.1274	0.05301874890580869	69.08755090909091	99.0	44.73541305374757	13786	0.23438211273262827
fam1612	0.015936368142260782	0.018258080434246236	0.006882608535218772	0.06293272727272727	0.0791	0.03644580561748413	7.039805454545455	4.2165	17.91951352567584	119529	0.234209981362601
fam1387	0.02432597587423316	0.0256882536408065	0.01005676120999022	0.09316545454545454	0.1049	0.051622561023370095	3.571859999999999	4.0769	1.304796211967078	331485	0.2555425722520838
fam324	0.03337505120691457	0.03869330796067238	0.02184362217108216	0.08669272727272727	0.0995	0.055585049836167785	5.933998181818182	2.8406	18.108198320685286	370036	0.25280073461891645
fam1630	0.0422069163387399	0.04711015886287625	0.05071755053287919	0.1269688888888889	0.1818	0.07848234004389415	13.61654222222222	3.6333	30.21417857085929	110844	0.26309764309764316
fam903	0.008862333715607193	0.0006262626262626262	0.01037905727850476	0.041096363636363646	0.056	0.028608739692213978	30.42063272727273	2.9188	43.93510798716694	797540	0.20531340805313408
fam1702	0.02179461125616569	0.02706877867699615	0.011590937054122452	0.09172909090909091	0.1157	0.04555734716806649	12.343820000000001	4.1559	27.42961270350913	40985	0.23420367193952102
fam449	0.019981082328427355	0.020966772110533057	0.009736065437385623	0.05455818181818182	0.0721	0.032707845547063755	2.495692727272728	3.6745	1.466664745586771	485357	0.19003900390039008
fam1580	0.008921277391526594	0.005816251623468293	0.007924195900735198	0.038341818181818185	0.0498	0.022529452972490687	30.59778	3.3808	43.82394380632329	151824	0.2278787878787879
fam1706	0.019731728415690205	0.007750123533848275	0.01937101573414866	0.12355454545454543	0.1632	0.07099289290467889	38.049752727272725	3.9093	46.08423143398442	37553	0.28625961103573044
fam941	0.02425728445521799	0.029076912375078257	0.011526345284711236	0.10688727272727275	0.1254	0.05476196773988131	10.81746909090909	4.3608	24.725827581670533	754305	0.2513363448146057
fam1532	0.02620047869762323	0.027983564713938862	0.01595233800984581	0.0706909090909091	0.0881	0.0422249743967941	2.497121818181818	3.061	1.0882676478431896	205996	0.21341991341991343
fam1625	0.02185592303545491	0.021001737553826394	0.016840153737710542	0.10077818181818184	0.1101	0.05232336759703273	28.96116909090909	3.3644	42.89957164050549	113616	0.28118393234672306
fam167	0.015277948549182338	0.00845129385907533	0.014565662458105338	0.09989272727272729	0.1347	0.05637694839864784	39.70217636363637	3.9571	46.616423472193745	225422	0.2655971479500891
fam1525	0.017314758923140817	0.018940685747265144	0.008274148651709399	0.05458909090909091	0.0719	0.037751520969852195	3.0141418181818183	3.842	1.4129990924131306	211244	0.21124104111655975
fam1655	0.026774423733436626	0.016039823008849558	0.023237924264180372	0.11133272727272728	0.1465	0.06612400486838883	23.78426	3.2861	39.74555962208792	86855	0.25249679897567223
fam1391	0.017181556063881356	0.021054525823285947	0.0072799556426214615	0.05946	0.0792	0.03510419607138414	2.969283636363637	3.7374	1.3239165036516927	327431	0.22881493506493508
fam662	0.00965892691364079	0.0018232323232323232	0.012425623101710912	0.12807090909090907	0.1664	0.06747515818359248	60.45486181818183	99.0	47.2181887587573	684861	0.2670794633642931
fam1686	0.03700735999781153	0.036297376093294455	0.01746322106716411	0.11231636363636363	0.1449	0.05762609813944424	3.2394763636363635	4.145	1.532796550570663	56129	0.2400146038700256
fam628	0.03620514080547363	0.035521562681175574	0.019312016636691638	0.1315109090909091	0.1585	0.0697193091102452	3.802834545454545	4.4846	1.523934005158799	646564	0.24147827481160813
fam1618	0.016656217903845284	0.021777549740607718	0.011763381185629971	0.06841272727272728	0.0782	0.03916742642250041	20.39648727272727	3.5126	37.07129813172575	116515	0.22739123074318607
fam487	0.017914770464619718	0.017083237789497822	0.007316306148054364	0.0631090909090909	0.07	0.03562519676616676	3.63064	4.3642	1.5194225531850158	519820	0.2261214293472358
fam1116	0.005489600942881816	0.0008606060606060606	0.005982530296401043	0.05539818181818181	0.0656	0.025316796371428925	53.861701818181814	99.0	47.684144371301116	602985	0.22873150105708248
fam917	0.03899796176340429	0.0462746643397979	0.016186168477679383	0.12336363636363633	0.161	0.06699377003229849	4.646878181818181	3.3753	12.891804776886056	779039	0.25181444070332965
fam180	0.02995407627635077	0.03631714889509249	0.022844044071867367	0.12006909090909092	0.1416	0.06028371670006382	22.222705454545455	3.5545	38.4029620884754	236614	0.274083298740833
fam8	0.012014099304170644	0.008059652393223312	0.010696880760908129	0.07713454545454544	0.0903	0.044906793242658095	32.698829090909086	3.7369	44.35871123051121	75286	0.24690909090909094
fam292	0.011710673719496969	0.001068126439467272	0.01487119778121092	0.059821818181818184	0.0687	0.039332617465587194	39.17501454545455	3.3437	47.02849498056343	342109	0.2055638350720318
fam1744	0.029510874269307697	0.03482892346963821	0.014230610209418081	0.11618727272727274	0.1377	0.06352028467575736	13.875643636363638	4.0748	29.81998218297598	5161	0.26029040404040404
fam1367	0.029916856272220276	0.031885397412199624	0.010374452536584255	0.09829636363636361	0.1242	0.051145855474626724	3.4352690909090904	3.9773	1.3441013426176043	354709	0.2577422577422578
fam224	0.02854017712499913	0.03342632643136854	0.016309828672131058	0.09843454545454546	0.1292	0.05327447015454902	10.111327272727273	3.6991	24.924627340731643	278448	0.24183107672469376
fam446	0.0202310699847112	0.022427998904737016	0.013520487507045896	0.06622363636363636	0.092	0.039384749995796664	3.1202581818181816	4.0173	1.5742252594606554	481952	0.21589061345158905
fam1410	0.027820558970954902	0.0301562146253113	0.013397599477091977	0.07105818181818181	0.0673	0.047290013133311354	2.168034545454545	2.5954	1.1684715874272655	313492	0.19500561167227834
fam537	0.016448784356026584	0.0164646281888909	0.01525249966108982	0.08104545454545453	0.1056	0.03858160568873023	37.783109090909086	3.7287	46.288709658821176	562574	0.2324786324786325
fam1276	0.016269912740061832	0.0013373737373737374	0.025799683290424945	0.07015090909090908	0.0794	0.044439494607744316	40.63327818181819	2.6848	47.66182074160976	451341	0.23016835016835016
fam593	0.002616257769905471	0.002556105339680604	0.001831606884835803	0.009250909090909091	0.01	0.006851698468323489	3.0237309090909092	4.1988	1.660976064834686	615193	0.15601878659203505
fam1735	0.02267441178050213	0.0289348391103342	0.017917815989497085	0.12198909090909092	0.1607	0.06649585816965602	31.116703636363635	4.1157	43.501038028931355	4140	0.2619218500797449
fam1602	0.04508819060348473	0.04209596702973212	0.019085347949872964	0.11313818181818182	0.1287	0.058877723803919084	2.4660654545454546	2.781	0.8511132128984062	125594	0.23597678916827852
fam1345	0.0067910322728369525	0.0021245002855511132	0.006577352845460574	0.04252	0.0516	0.025942337456892214	29.944792727272727	4.3858	42.29862564749422	375035	0.2211587878787879
fam816	0.03342184052022143	0.030753889680891818	0.02888417922537385	0.07253555555555556	0.0686	0.0685955008422744	1.8994866666666668	2.0272	0.7164360824711906	874866	0.1955106621773288
fam1617	0.01778436133142766	0.015355307972060266	0.013562476024428323	0.07756363636363635	0.0964	0.04079956489802028	25.58054181818182	3.3007	40.8579855256214	117062	0.22975620870357708
fam1791	0.0060895490456209745	0.0013050505050505052	0.009988904433048874	0.08644181818181818	0.1104	0.04470405184364913	65.75592	99.0	45.774852152696646	58665	0.24119747322164242
fam235	0.0244312260425073	0.019539145667699768	0.011234219309857687	0.08793090909090909	0.0747	0.05938055351322679	3.5609309090909096	4.4375	1.536540314398519	290513	0.24869455803711857
fam554	0.041209201454871676	0.047922971114167816	0.015780469460884676	0.12553454545454548	0.1412	0.06527763703995926	3.0145690909090903	3.4303	1.1062875410986435	577909	0.2693017127799736
fam813	0.021716920333657328	0.02636981614124732	0.00965487577204496	0.09056545454545453	0.1194	0.04588744814783953	7.426545454545453	4.4054	17.828728348827838	876397	0.24571022727272723
fam1716	0.013374304340389049	0.0015494949494949497	0.015869192581554458	0.11328181818181816	0.1405	0.04887083194376819	55.540781818181806	99.0	47.62249505670839	26678	0.2574960966128158
fam1239	0.013968873623957762	0.0021490626428898037	0.03548377615074521	0.06317818181818181	0.0727	0.03299578315156535	49.78141636363636	3.2198	48.33812845171083	482285	0.26755980861244016
fam1423	0.01994287277497177	0.019258639013236288	0.022091431178493107	0.06456181818181818	0.0691	0.036621446726345736	20.164285454545453	3.1029	37.17443717087135	298889	0.2618479880774962
fam154	0.015634959063574993	0.01878527277613545	0.0095118689879953	0.052556363636363644	0.0699	0.03261465238835489	8.259836363636364	3.742	21.83296799635703	214401	0.21798631476050825
fam687	0.03548497422250887	0.03813850298452274	0.016591051364834457	0.11115818181818182	0.1397	0.06008626129735661	8.312249090909091	3.8084	21.82551219592565	708433	0.2408529741863075
fam804	0.004948335926166294	0.0024489341570657318	0.005646090092108865	0.02973454545454545	0.0364	0.017233342082685035	37.85342363636363	3.8249	46.235091778014684	885959	0.2116901229871941
fam267	0.016809674001631473	0.016377461493468512	0.012383979527598727	0.07778909090909092	0.0872	0.03919696033079036	25.648161818181816	3.519	40.82195730661042	321498	0.22365789878480233
fam244	0.030902313110491065	0.031104921077065927	0.0176025288285801	0.040470909090909085	0.0309	0.034376686987905955	1.5103163636363632	1.0531	1.422152846121763	299423	0.14883838383838385
fam1097	0.034698618713466314	0.03865809846683196	0.016823076501481286	0.11677272727272729	0.1505	0.065838906581403	5.042596363636362	3.9362	12.850312948873535	625299	0.2654387007328184
fam226	0.01645734994037477	0.015091363218088603	0.015917255322791233	0.07274363636363636	0.0989	0.04650022390419745	27.18380909090909	3.7783	41.98297104661396	279615	0.2669384427231961
fam517	0.0	0.0	0.0	0.0	0.0	0.0	2.0520781818181817	2.3583	1.097176728565542	545073	0.19062500000000004
fam1505	0.05109672352808642	0.0551494121214163	0.01607686734327672	0.12842888888888887	0.1591	0.06801322296998893	2.373548888888889	2.9186	0.9472628387147238	229019	0.2658869395711501
fam1561	0.024154963981768522	0.023736232023471693	0.01781770713537102	0.07991090909090907	0.0942	0.03567129058361677	7.103496363636363	4.1759	17.90238011169529	172542	0.24418023291262725
fam1672	0.02572043845018689	0.030565693430656935	0.02044144155088825	0.12554000000000004	0.1642	0.06871168909422776	27.690623636363636	4.1478	41.6921017909626	70176	0.25307505434087707
fam1258	0.015360948815037283	0.0019202020202020202	0.017133199416261926	0.12713999999999998	0.1459	0.05913248176763766	55.327114545454556	99.0	47.85002867792593	464575	0.26753535353535357
fam1507	0.019514501700928163	0.016643037662577822	0.012275189580528034	0.03591272727272727	0.0446	0.02494978268839925	2.0961327272727273	2.6056	1.5269464093774687	226926	0.1852897911150338
fam1628	0.025221090685553674	0.023225848017266373	0.01944226154425525	0.0959509090909091	0.1315	0.05640089255492094	30.33004181818182	3.2696	43.997215764036255	112123	0.25654604295380995
fam1677	0.007256426312729534	0.0013525252525252525	0.00823495347919897	0.07960363636363638	0.0981	0.04485565116373091	52.0812290909091	99.0	47.795740262144975	62930	0.23731305992790092
fam1089	0.03882522517688151	0.04147095329650271	0.014417137081841737	0.13296	0.1605	0.06494909783123172	3.5972327272727265	4.1187	1.3531397998130188	636627	0.2643802364732597
fam1688	0.007512513146805295	0.0010525252525252526	0.012645201711251207	0.06324727272727274	0.0733	0.03391468898465117	53.572087272727266	99.0	47.99131527446514	52702	0.2166925666925667
fam1767	0.016377968450842228	0.010716326919413221	0.01464851836154493	0.0959272727272727	0.1155	0.04992265091499214	39.838767272727274	4.4953	46.51535698576841	30998	0.2572173346366895
fam1579	0.011269610190035197	0.013318133793026746	0.008152361586593642	0.04277454545454546	0.0541	0.028035608644474186	9.945721818181815	3.3793	24.962179975742142	152228	0.2040792540792541
fam1226	0.029702200103509723	0.033984706881903144	0.01752114482849031	0.12870181818181814	0.1603	0.0725887631947863	18.913227272727273	3.9502	35.44862967562269	496996	0.2558811253026129
fam1634	0.016379618229862183	0.015137285232860063	0.01064172691174465	0.07367090909090909	0.0923	0.043094655533339514	22.218065454545457	4.2681	38.41793298814887	106890	0.24739745742384261
fam569	0.03904944688490437	0.04286897694325556	0.013710087674123834	0.1467872727272727	0.1861	0.07548896862105796	3.7745018181818177	4.3379	1.413907420460427	593955	0.26619653533650167
fam476	0.03785619025455854	0.0467588769611891	0.022284724522153507	0.13749111111111112	0.1763	0.07837710499663994	15.809946666666665	3.6514	32.652310864117005	507590	0.25573622402890694
fam1425	0.01635534298180339	0.001308080808080808	0.044906568347740504	0.07022181818181818	0.0809	0.03784742427123598	49.80661272727273	3.2116	48.312832884648984	298036	0.2538047138047138
fam1607	0.01652948976466117	0.016539072656362848	0.005549937743342069	0.0540490909090909	0.0588	0.03138645841602436	3.1594709090909094	3.9589	1.4175551245555564	122456	0.21361693861693865
fam1524	0.00666140283574988	0.007314499224756688	0.005192758114909223	0.017574545454545454	0.0228	0.014049460917277778	1.9514345454545456	2.4797	1.4283027961653945	212132	0.17427937915742792
fam182	0.022505639517822616	0.027228885866205022	0.011846705170706106	0.08547818181818183	0.1102	0.04728092712100184	6.970999999999999	4.0508	17.92847288823005	239023	0.247842056932966
fam788	0.025891645138803626	0.030045364938365435	0.016007754914840397	0.1133490909090909	0.1499	0.06379841512060333	13.961789090909091	4.1772	29.788141268642597	906808	0.24649460708782736
fam79	0.02471737259361534	0.028419971042921866	0.011618945751802128	0.09230000000000002	0.1204	0.04929985063595297	8.760701818181818	4.1556	21.71717798804767	152915	0.22287878787878787
fam1279	0.03301965661335138	0.0355087308555263	0.016924124377689944	0.12141636363636364	0.1456	0.06975217367388206	3.6573781818181814	4.1136	1.1918014490968794	449319	0.26660353535353537
fam711	0.030111709492165458	0.03617282327680645	0.012961816202741217	0.11988222222222222	0.1643	0.07486843063783853	3.865264444444444	4.5485	1.5686463031906144	729472	0.24640441683919947
fam1676	0.01552817792843147	0.01537855802858003	0.010553354556757192	0.05472363636363637	0.0664	0.033285513986151906	3.326052727272728	4.3004	1.5295212807642604	65630	0.22521052980571585
fam515	0.03822078459074261	0.04371076493838642	0.012939049686523795	0.13522727272727272	0.1855	0.07789760284453957	3.4426690909090905	4.314	1.5632686065796102	543207	0.294205715108328
fam649	0.0456923371363756	0.04068479355488419	0.028953611337280416	0.10992727272727273	0.122	0.07175078702018904	2.3449127272727273	2.979	1.0755483961140342	670434	0.23578892371995822
fam1616	0.026040756174826738	0.02777777777777778	0.019139033361316986	0.12605454545454545	0.1613	0.05787271242109883	34.219432727272725	3.5338	45.196300237274265	117476	0.2660910783815812
fam223	0.04808253829988039	0.04926081649260817	0.020551804286217543	0.12126	0.1723	0.07322673282347099	2.440485454545455	3.5331	1.3941212146879394	277549	0.23345454545454544
fam772	0.03808336371026913	0.037055543867031346	0.044879129666313265	0.1126418181818182	0.1367	0.05946163527369128	6.7746	3.8003	17.96115073380727	919405	0.2471861471861472
fam1264	0.03982639319647035	0.043969017247833225	0.02105194618015374	0.12463636363636363	0.1527	0.08133564881769273	2.8094200000000003	3.4667	1.106931288070353	460073	0.2462904911180773
fam586	0.009512107825978989	0.005576356249502111	0.01491418655834921	0.042505454545454555	0.0539	0.026280393093654913	27.547672727272733	3.9916	41.77159139746209	608053	0.20591728091728087
fam91	0.01636985243200321	0.01229175132060138	0.013775970614396978	0.08350909090909091	0.101	0.04969009146784342	30.90131272727273	3.889	43.63356169882434	165752	0.2345180197032049
fam894	0.025469167268805614	0.029936178128845768	0.016758536399457923	0.10144	0.1215	0.057961562812232414	16.99672909090909	3.5358	33.84786177510223	805751	0.24500000000000002
fam539	0.010929321863271307	0.0013737373737373738	0.014653840251181839	0.0951509090909091	0.1167	0.04499580939165244	58.72306181818181	99.0	47.52044855662375	564821	0.2737329628159323
fam1609	0.023046171268264984	0.021189634181691692	0.028901859867243987	0.06029454545454545	0.0689	0.03067078217683473	11.490587272727272	3.2844	27.69453741478505	121603	0.22649636864512898
fam726	0.02659809003477935	0.03418026341655199	0.015358690827975625	0.10410909090909094	0.14	0.06276316601530282	8.504489090909091	4.0639	21.782945341299985	743321	0.23896316102198453
fam297	0.03693351181908528	0.043865851810697506	0.014886099668308886	0.12912909090909092	0.1706	0.0704975194218073	8.374665454545454	3.9381	21.81133739601927	346630	0.2575213209943749
fam99	0.0264905338376385	0.03147161858107146	0.01364952981319448	0.0763218181818182	0.1042	0.0413269961995308	8.060189090909093	3.2848	21.867834737312847	170903	0.23402529229300884
fam4	0.006708734445163142	0.0016292929292929294	0.009468257358471273	0.11643272727272728	0.1485	0.05892572845862972	69.09713090909091	99.0	44.71716607254117	70064	0.2360019952612545
fam1083	0.01980414592915647	0.026190592966795823	0.012728611511093875	0.09063636363636364	0.1182	0.049633190374756886	19.055934545454548	4.0238	35.38449476684909	641090	0.24997078220218721
fam269	0.023917970245689757	0.031707866857014044	0.015808067828345373	0.10502363636363636	0.134	0.058065899752346786	22.299419999999998	3.7844	38.36899473301753	323003	0.2629408842523597
fam276	0.03720137711676559	0.009441800740237177	0.05228493422566947	0.062179999999999985	0.0125	0.07080206828001052	1.7888145454545454	1.6647	0.7677643538620148	326176	0.23318903318903308
fam232	0.027504253293211045	0.03209236089919642	0.010793771183432107	0.09692909090909092	0.1262	0.05528310171776896	5.132050909090909	3.9296	12.84214466045114	287547	0.2331427482370878
fam282	0.02932631419208675	0.03464444498432982	0.026933282747637573	0.12193636363636362	0.1538	0.06518922488665066	22.537154545454552	4.2784	38.254358552685055	332776	0.2671611217065763
fam1065	0.026365864402684604	0.03044027555958142	0.02101475844670327	0.0958	0.1277	0.05346958429279626	16.076248888888887	4.1753	32.5571015074856	656217	0.23611916264090177
fam588	0.032874908924964315	0.03810636786508101	0.017528707308684652	0.13319818181818183	0.1581	0.06973379118517686	12.322750909090907	4.1573	27.437999232993867	611085	0.27859984089101036
fam288	0.022352034003270693	0.025391833367704682	0.016885439943160278	0.12138181818181817	0.132	0.05320048903025095	29.667210909090908	4.2225	42.4688364600623	338885	0.26017316017316017
fam241	0.03596872608330828	0.034272966943824784	0.018744666394461408	0.08731090909090909	0.1007	0.052903856785776186	2.25894	2.8676	1.0545845868225254	296179	0.21154791154791153
fam549	0.019598948020559687	0.02409362618235119	0.009641371603971478	0.0815327272727273	0.1017	0.04331363024833241	13.895703636363637	4.2084	29.813455236599367	574136	0.23689064558629774
fam638	0.027902820704141663	0.029037453778271816	0.011499668249322947	0.10202909090909092	0.1281	0.05870437082295499	3.494950909090909	4.3959	1.555725784656354	659377	0.2648667122351333
fam590	0.02234595569365559	0.02757806080525883	0.011592112262581972	0.08261272727272728	0.1074	0.04775933247038247	3.3695999999999997	3.7672	1.0931802971979592	612478	0.2323702137655626
fam522	0.018326593712020434	0.01640850616959832	0.014706585998861437	0.09495090909090909	0.1207	0.05121377610379767	32.45387636363637	3.4787	44.52233368861055	549506	0.2539112050739957
fam1119	0.037197607650451846	0.04316748781048171	0.012656717024424618	0.1329690909090909	0.1649	0.06899886658549287	3.41503090909091	3.9033	1.192439734764247	600008	0.30463576158940403
fam564	0.01140582674452686	0.0020616161616161615	0.016586608262571353	0.12628727272727272	0.1682	0.07477850214781702	55.14392363636363	99.0	48.04985167773519	588061	0.2596403596403597
fam592	0.007152591800303718	0.006696110557059411	0.00903981273685248	0.008656363636363637	0.0091	0.0057676452934802575	1.305530909090909	1.3253	0.8785543244698236	613711	0.14616063548102384
fam178	0.025701171735179572	0.031206097743237186	0.014559916544829849	0.08276363636363637	0.1044	0.049682268150669624	11.307638181818183	3.1341	27.749097012384453	235374	0.24870725604670554
fam152	0.011526654321632584	0.0017979797979797978	0.018370856025311924	0.10709090909090911	0.14	0.06429721971290764	56.86504545454546	99.0	47.89265261117663	212186	0.23734454370292515
fam525	0.02920919680951127	0.03965564842004869	0.016835602588200514	0.11544363636363635	0.157	0.06583427061019861	8.590296363636364	3.7952	21.74288208874522	551221	0.26677931733693816
fam54	0.013797136020584312	0.00201010101010101	0.015698208218187792	0.13018909090909092	0.164	0.06616595574140491	57.01161818181818	99.0	47.73559709315885	125933	0.25813782991202344
fam1592	0.014237518079546341	0.013497964241458667	0.00869708383596352	0.06245454545454546	0.0605	0.04204648431171394	4.191796363636364	4.5481	1.1537299743895704	138429	0.21569769794068858
fam1284	0.021058153460937302	0.02345458159411648	0.012482543572124484	0.08651818181818181	0.1045	0.045617241919372754	4.172676363636364	4.5537	1.1518816137028913	442613	0.249054076678386
fam1578	0.01253037836518748	0.012585686261544226	0.005086162037061526	0.045596363636363636	0.0555	0.025765522866711656	3.516309090909091	4.528	1.649890702635974	152802	0.1995790027627944
fam1248	0.027350831244181823	0.020347160312549163	0.023760854963644808	0.08226181818181814	0.0607	0.06415533561289588	2.927490909090909	4.2481	1.597563943039268	475377	0.2106905969566914
fam337	0.015503864394451217	0.01422947276329671	0.014425585641945385	0.10196363636363635	0.1158	0.048283271575666725	44.93937818181818	4.1562	47.57981256268132	383794	0.25859127467706555
fam1107	0.02074080091106671	0.023637275266814698	0.010406879198403744	0.08152363636363635	0.0989	0.045089293079546316	6.997354545454546	3.9681	17.906944807144402	615181	0.23729463307776555
fam1601	0.02861459101425713	0.03127250036000576	0.014134361756681186	0.11368727272727273	0.1325	0.06119781949337576	12.080394545454546	3.9447	27.5160684835502	125889	0.24677459526774595
fam37	0.02419488447259502	0.026161074776285036	0.01434890309658223	0.11699090909090909	0.1537	0.05526261360820638	24.326141818181817	4.1953	39.46977205221826	100804	0.24589072543618
fam1711	0.0064757063714756865	0.0012060606060606061	0.007960788143862996	0.08234545454545454	0.113	0.04116231205707835	62.29559090909091	99.0	46.71586361935613	33006	0.23276227318780512
fam1052	0.04772561383020662	0.05162907268170426	0.03190754053334663	0.11805777777777779	0.159	0.0640208281694807	6.846373333333333	3.1232	19.89902210023174	666018	0.24684303350970024
fam1376	0.03620210211166567	0.03750620376716376	0.020269432427221706	0.1226290909090909	0.1538	0.06853585040022955	3.605210909090909	4.2381	1.5087389580432247	344751	0.25362830761603766
fam912	0.017364787410689402	0.0018595959595959597	0.020325094489739935	0.11830727272727275	0.1417	0.06245409035165665	51.716499999999996	99.0	48.16496040102559	786582	0.24848484848484848
fam1606	0.010924764226074631	0.008974358974358974	0.009900288075188833	0.0626090909090909	0.0676	0.034193754202284966	37.62191636363636	3.1794	46.406055420797145	123409	0.23657262277951932
fam472	0.045079591043164606	0.05087909115499053	0.02522675637811133	0.15845454545454546	0.1939	0.0783778675118332	15.374443636363635	3.7824	31.961514177874296	504849	0.2921825256455607
fam756	0.033519944632712184	0.03362988201148338	0.03704507634817412	0.12474000000000003	0.1447	0.06298934570804235	32.07693272727272	2.8274	44.770334370786415	770419	0.2841458058849363
fam627	0.03911608212502484	0.04302637180996269	0.019036590937536128	0.11982545454545454	0.1536	0.06986065668218498	3.421696363636364	3.9671	1.3781412501776886	644172	0.2584882920110193
fam1141	0.019717249148000392	0.019488710964652576	0.01058086570610638	0.0667	0.0745	0.03765649044623347	3.2557599999999995	3.8889	1.249544126559035	577457	0.26625187233552255
fam1088	0.013805706935202541	0.014350945857795172	0.007320483840494865	0.040149090909090905	0.0462	0.027095077531652884	2.520798181818182	3.2219	1.1573800740529778	637999	0.2030586236193713
fam172	0.016166291708954034	0.0202020202020202	0.007784707515878851	0.0666109090909091	0.0863	0.03428041939240254	10.53625818181818	4.0101	24.80311793867633	232200	0.2192331478045764
fam169	0.03036019555165786	0.03389643125635696	0.012816269227887091	0.11719636363636364	0.1519	0.06428921856066144	3.890692727272727	4.5305	1.5173070043342096	228304	0.2598373111647448
fam1154	0.03734276137439913	0.03656746634274724	0.011392822460999062	0.1312090909090909	0.1366	0.057161497762447416	3.5446763636363636	3.9557	0.9905537448525054	561262	0.26359963269054176
fam1627	0.01109013745855085	0.006260307630170644	0.01024182526747186	0.06455090909090909	0.0778	0.03938703465829274	31.024047272727277	4.1103	43.55800472995585	112438	0.23663815858937814
fam686	0.01992286302075421	0.02425222312045271	0.012405955468499392	0.07761818181818181	0.1031	0.044281036741205974	10.453080000000002	4.1149	24.838679431727957	707528	0.22294467857381764
fam340	0.02225583198049511	0.017695723001245726	0.01662587799823024	0.07332545454545454	0.0595	0.051155098273181356	3.202009090909091	4.3695	1.4499797055975052	386127	0.21911242947711274
fam955	0.01206220000462214	0.016276654833490303	0.008315647546252828	0.056796363636363645	0.0722	0.03128963211170675	20.88084	4.1786	36.847335571559675	740960	0.21180088410532383
fam1090	0.010330593030088254	0.0016343434343434344	0.012436966371658125	0.1096690909090909	0.1407	0.052903881530486356	58.922847272727275	99.0	47.287331593290034	633857	0.270532796753001
fam477	0.029912280050475085	0.03791372299584289	0.011248564144195918	0.11208666666666668	0.1668	0.07155309636906008	3.4878577777777777	4.3841	1.5816437486908483	509125	0.26607294317217983
fam1139	0.042764668796604594	0.050181281483620506	0.01774929843843487	0.1254581818181818	0.1539	0.06763689872711114	2.7711254545454547	3.0916	0.9775678279593478	578602	0.24950438969130556
fam1603	0.006359982089116868	0.0013333333333333333	0.009951670362367116	0.08511090909090908	0.0972	0.04909327179499438	65.45678909090908	99.0	46.17699176412692	125171	0.24643493761140825
fam1350	0.02722323954570184	0.03077721551835993	0.011513881055638598	0.09133999999999998	0.1186	0.05264950176747769	3.3744018181818185	3.8837	1.2886047863682795	370816	0.23812381238123811
fam1696	0.017515864803418994	0.01656686626746507	0.024332106911120494	0.07338545454545455	0.0935	0.04210638655156426	25.762305454545455	3.8059	40.76336038006956	46088	0.2605224660397074
fam1234	0.029365969111737666	0.02832870136432542	0.010308938758049379	0.0753618181818182	0.0843	0.034638635764176764	2.636885454545454	3.1597	1.0681703763348518	486251	0.25106510651065106
fam1739	0.01108308786485309	0.0008282828282828283	0.015669249867383023	0.04732909090909091	0.0562	0.029595089720039543	47.59188909090909	2.9397	48.68265709471597	859	0.20997668997669
fam1283	0.010130947422375336	0.0008161616161616161	0.039804510205275805	0.05327272727272728	0.0588	0.029023479238496505	65.50329454545455	99.0	46.11240002376966	444971	0.21975757575757573
fam1434	0.032877804462663925	0.03771614250899385	0.010408561232277238	0.12669454545454545	0.1627	0.06742577445722835	3.7568090909090914	4.322	1.4511324586207868	290044	0.26676997245179057
fam458	0.013060813247240144	0.016910513780197346	0.010515501144553482	0.043539999999999995	0.0521	0.029229235675635075	11.255763636363634	2.9441	27.76529256169464	491486	0.19962588851477742
fam66	0.024877967132557147	0.028387096774193547	0.01126948066897552	0.09032363636363636	0.1163	0.05077607870439623	5.304185454545455	4.1157	12.830021562788062	140987	0.23653872053872055
fam1593	0.023274291665201112	0.024886046963772654	0.010249147288727134	0.10361272727272727	0.1145	0.053641754613514725	4.201221818181818	4.5878	1.151323833236554	136118	0.24850030921459496
fam1620	0.009272703663657697	0.007670964582993309	0.011966081520033962	0.037310909090909096	0.0433	0.020472470852584388	27.211758181818183	3.4301	41.96107935512142	115717	0.2135737540696218
fam713	0.01625972522012572	0.009458359273981132	0.014988354337909317	0.11099090909090908	0.1585	0.06393761241234877	38.08414545454546	4.2636	46.06767125331966	731968	0.24725088725088726
fam333	0.033588637382336736	0.03462873592413851	0.012042325673386872	0.09181555555555557	0.1292	0.054723368786634696	2.7449111111111106	3.756	1.4309057698957637	379192	0.23811939793674952
fam862	0.01603095323877797	0.018068447530645505	0.0068124239766343625	0.052652727272727275	0.0633	0.02593915856591031	6.601987272727274	3.5855	17.985831300413356	840735	0.21012006861063467
fam190	0.019363593034062078	0.011409154949031743	0.02153653931966425	0.1067781818181818	0.1369	0.05850230979405573	41.28116545454546	3.6995	47.13979049337182	245349	0.2521412471825695
