fam	avg_dnds	med_dnds	SDdnds	dn	med_dn	SDdn	ds	med_ds	SDds	loc	Pi
fam393	nan	nan	nan	0.0	0.0	0.0	0.0	0.0	0.0	486182	0.0025974025974025974
fam158	nan	nan	nan	0.0	0.0	0.0	0.0	0.0	0.0	194375	0.0
fam680	nan	nan	nan	0.0	0.0	0.0	0.0	0.0	0.0	241557	0.0
fam425	nan	nan	nan	0.00096	0.0	0.001292439553712281	0.0	0.0	0.0	527798	0.0007797270955165692
fam98	0.09294617945889698	0.0755750273822563	0.0840474663048467	0.00027777777777777783	0.0005	0.0002484519974999766	0.0034222222222222223	0.0028	0.002411720353135577	116453	0.0007453416149068323
fam657	nan	nan	nan	0.0	0.0	0.0	0.0	0.0	0.0	276060	0.0
fam265	nan	nan	nan	0.000568888888888889	0.0	0.0007658901059035739	0.0	0.0	0.0	333816	0.0004684526423656859
fam355	0.0	0.0	0.0	0.0	0.0	0.0	0.0021688888888888886	0.0	0.0029199560287573754	440477	0.00038108848398237465
fam519	nan	nan	nan	0.0	0.0	0.0	0.0	0.0	0.0	453200	0.0
fam814	0.0	0.0	0.0	0.0	0.0	0.0	0.0031288888888888885	0.0	0.0042123955824696566	68697	0.006319811875367431
fam321	nan	nan	nan	0.00056	0.001	0.0005908186410961208	0.0	0.0	0.0	402314	0.00047728140511645674
fam594	nan	nan	nan	0.0	0.0	0.0	0.0	0.0	0.0	343398	0.0
fam346	nan	nan	nan	0.00038	0.0	0.0007600000000000002	0.0	0.0	0.0	433186	0.00030721966205837174
fam643	nan	nan	nan	0.0	0.0	0.0	0.0	0.0	0.0	292627	0.0
fam62	nan	nan	nan	0.0002488888888888888	0.0	0.0003350769213328136	0.0	0.0	0.0	74821	0.00020576131687242798
fam651	nan	nan	nan	0.0	0.0	0.0	0.0	0.0	0.0	283077	0.0
fam870	0.08208955223880597	0.08208955223880597	0.0	0.0003911111111111111	0.0	0.0005265494478087071	0.004764444444444444	0.0	0.006414329636942432	1378	0.0010276172125883109
fam150	0.0	0.0	0.0	0.0	0.0	0.0	0.00352	0.0	0.004738945030278364	185023	0.0006371963361210673
fam508	nan	nan	nan	0.0	0.0	0.0	0.0	0.0	0.0	465875	0.0
fam155	0.1359073359073359	0.10204081632653061	0.0442998406678106	0.00028222222222222223	0.0005	0.0003013221892400144	0.0022422222222222223	0.0025	0.0024183087652222194	191752	0.000636574074074074
fam179	nan	nan	nan	0.0	0.0	0.0	0.0	0.0	0.0	224542	0.0
fam119	0.04761904761904762	0.0	0.08247860988423227	0.0002844444444444445	0.0	0.00038294505295178693	0.0014933333333333333	0.0	0.0020104615279968813	148394	0.0004620605010468558
fam43	nan	nan	nan	0.0	0.0	0.0	0.0	0.0	0.0	52758	0.006716417910447761
fam174	0.0	0.0	0.0	0.0	0.0	0.0	0.002286666666666667	0.0	0.0024445494926923082	213956	0.00038791909116098644
fam839	nan	nan	nan	0.0	0.0	0.0	0.0	0.0	0.0	37318	0.0
fam317	nan	nan	nan	0.0	0.0	0.0	0.0	0.0	0.0	396018	0.0
fam568	0.0	0.0	0.0	0.0	0.0	0.0	0.002275555555555556	0.0	0.0030635604236142954	378706	0.0004144004144004143
fam645	nan	nan	nan	0.0	0.0	0.0	0.0	0.0	0.0	291417	0.0
fam124	0.0	0.0	0.0	0.0	0.0	0.0	0.0017999999999999997	0.0	0.0036	152990	0.00030581039755351685
fam732	0.0	0.0	0.0	0.0	0.0	0.0	0.0013599999999999999	0.0	0.0027199999999999993	175457	0.0002380952380952381
fam622	nan	nan	nan	0.0	0.0	0.0	0.0	0.0	0.0	302753	0.0
fam507	0.11428571428571428	0.0	0.18070158058105026	0.0004977777777777776	0.0	0.0006701538426656272	0.0016333333333333336	0.0	0.001746106780494506	466784	0.0006911841418883672
fam157	nan	nan	nan	0.0	0.0	0.0	0.0	0.0	0.0	193695	0.021839080459770115
fam646	nan	nan	nan	0.0	0.0	0.0	0.0	0.0	0.0	290139	0.0
fam504	0.0	0.0	0.0	0.0	0.0	0.0	0.006017777777777777	0.0108	0.00630313110512506	471400	0.0010010010010010012
fam233	nan	nan	nan	0.0015977777777777778	0.0	0.0021267073025259694	0.0	0.0	0.0	298618	0.0012461059190031153
fam565	nan	nan	nan	0.0	0.0	0.0	0.0	0.0	0.0	383620	0.0
fam231	0.0	0.0	0.0	0.0	0.0	0.0	0.00202	0.0	0.00404	297330	0.00035460992907801415
fam530	nan	nan	nan	0.00236	0.0	0.003146666666666667	0.0	0.0	0.0	436566	0.0019047619047619048
fam229	nan	nan	nan	0.000888888888888889	0.0	0.0011967032904743342	0.0	0.0	0.0	295307	0.0007361398665746492
fam488	0.19230769230769232	0.19230769230769232	0.13598207330510528	0.00045555555555555567	0.0005	0.0003303570832737446	0.0009244444444444442	0.0	0.0012445714220933074	617486	0.0320616754093149
fam116	nan	nan	nan	0.0	0.0	0.0	0.0	0.0	0.0	144685	0.0
fam69	nan	nan	nan	0.0	0.0	0.0	0.0	0.0	0.0	82778	0.0
fam222	nan	nan	nan	0.00031999999999999997	0.0	0.0004308131845707603	0.0	0.0	0.0	287985	0.0002687494750986815
fam498	nan	nan	nan	0.0	0.0	0.0	0.0	0.0	0.0	482302	0.0
fam74	0.0	0.0	0.0	0.0	0.0	0.0	0.00086	0.0	0.0017199999999999997	87925	0.0001594896331738437
fam868	0.0	0.0	0.0	0.0	0.0	0.0	0.0035733333333333337	0.0067	0.0033425472655180546	3494	0.0006371963361210673
fam835	0.0	0.0	0.0	0.0	0.0	0.0	0.00336	0.0063	0.003142992204890111	42420	0.0005679801206957757
fam93	nan	nan	nan	0.0	0.0	0.0	0.0	0.0	0.0	109631	0.0
fam817	nan	nan	nan	0.0	0.0	0.0	0.0	0.0	0.0	66624	0.0
fam225	nan	nan	nan	0.001288888888888889	0.0018	0.0011329846958311723	0.0	0.0	0.0	291323	0.0026936026936026937
fam262	nan	nan	nan	0.0009244444444444442	0.0	0.0012445714220933074	0.0	0.0	0.0	330877	0.0007797270955165692
fam271	nan	nan	nan	0.0	0.0	0.0	0.0	0.0	0.0	341464	0.0
fam256	nan	nan	nan	0.0	0.0	0.0	0.0	0.0	0.0	325279	0.0
fam44	nan	nan	nan	0.0007266666666666665	0.0011	0.0006413180871368661	0.0	0.0	0.0	54150	0.0005727376861397479
fam258	nan	nan	nan	0.0002844444444444445	0.0	0.00038294505295178693	0.0	0.0	0.0	328161	0.0002453799555248831
fam846	nan	nan	nan	0.0	0.0	0.0	0.0	0.0	0.0	24527	0.007467532467532467
fam581	nan	nan	nan	0.0	0.0	0.0	0.0	0.0	0.0	360708	0.0
fam833	nan	nan	nan	0.0	0.0	0.0	0.0	0.0	0.0	45345	0.0
fam794	0.0	0.0	0.0	0.0	0.0	0.0	0.0017066666666666664	0.0032	0.0015964404850235482	89426	0.0003091787439613526
fam162	nan	nan	nan	0.0	0.0	0.0	0.0	0.0	0.0	197448	0.0
fam254	0.0	0.0	0.0	0.0	0.0	0.0	0.0019199999999999998	0.0	0.0025848791074245623	321780	0.00036355373778686667
fam475	nan	nan	nan	0.0	0.0	0.0	0.0	0.0	0.0	599827	0.0
fam796	nan	nan	nan	0.0	0.0	0.0	0.0	0.0	0.0	88734	0.0
fam559	nan	nan	nan	0.0	0.0	0.0	0.0	0.0	0.0	392182	0.0
fam462	nan	nan	nan	0.0	0.0	0.0	0.0	0.0	0.0	583651	0.000823045267489712
fam17	nan	nan	nan	0.0	0.0	0.0	0.0	0.0	0.0	21067	0.0
fam90	0.26004728132387706	0.2127659574468085	0.1337317789478104	0.0009111111111111113	0.001	0.0006607141665474892	0.0009400000000000001	0.0	0.0018800000000000002	107686	0.0009167583425009169
fam603	nan	nan	nan	0.00031999999999999997	0.0006	0.00029933259094191533	0.0	0.0	0.0	327096	0.00026733500417710945
fam300	nan	nan	nan	0.0006622222222222221	0.0008	0.0007430534267882279	0.0	0.0	0.0	378231	0.0005673758865248227
fam576	nan	nan	nan	0.0	0.0	0.0	0.0	0.0	0.0	367434	0.0
fam200	nan	nan	nan	0.0002488888888888888	0.0	0.0003350769213328136	0.0	0.0	0.0	249514	0.00019461168886456242
fam698	nan	nan	nan	0.0	0.0	0.0	0.0	0.0	0.0	214718	0.0
fam274	0.0	0.0	0.0	0.0	0.0	0.0	0.0006222222222222223	0.0	0.0011640711869963373	347593	0.00014439390657714244
fam563	nan	nan	nan	0.0	0.0	0.0	0.0	0.0	0.0	384565	0.0
fam463	nan	nan	nan	0.0	0.0	0.0	0.0	0.0	0.0	584158	0.0
fam360	0.2368421052631579	0.2105263157894737	0.06962503450169977	0.00044444444444444436	0.0008	0.0004635877265921884	0.0013511111111111109	0.0	0.001818989001520988	445396	0.000612305854241338
fam77	1.4113577023498696	1.4000000000000001	0.03004965588284844	0.019773333333333334	0.003	0.025674218802353287	0.013679999999999998	0.0	0.0184173058712602	90558	0.027059712773998483
fam647	nan	nan	nan	0.0	0.0	0.0	0.0	0.0	0.0	288875	0.004838709677419354
fam802	nan	nan	nan	0.0	0.0	0.0	0.0	0.0	0.0	83380	0.0
fam444	nan	nan	nan	0.0	0.0	0.0	0.0	0.0	0.0	551950	0.0
fam705	nan	nan	nan	0.0007466666666666666	0.0014	0.0006984427121978024	0.0	0.0	0.0	207792	0.0006130268199233716
fam185	nan	nan	nan	0.0	0.0	0.0	0.0	0.0	0.0	231273	0.0140625
fam803	0.056712962962962965	0.0	0.09112332541020132	0.0002488888888888888	0.0	0.0003350769213328136	0.002346666666666666	0.0032	0.0021755816591329216	81491	0.0006215119228817859
fam526	nan	nan	nan	0.0004266666666666667	0.0	0.0005744175794276803	0.0	0.0	0.0	443254	0.0003591470258136925
fam789	0.07711230417180073	0.07826086956521738	0.08279828730016446	0.00055	0.0	0.0007123903424387502	0.005088888888888889	0.0038	0.004234630888924334	98500	0.001412087468732349
fam216	nan	nan	nan	0.0	0.0	0.0	0.0	0.0	0.0	279282	0.0391713747645951
fam864	nan	nan	nan	0.0	0.0	0.0	0.0	0.0	0.0	8637	0.0
fam625	nan	nan	nan	0.0	0.0	0.0	0.0	0.0	0.0	300281	0.0
fam348	nan	nan	nan	0.0	0.0	0.0	0.0	0.0	0.0	434212	0.0
fam750	nan	nan	nan	0.0	0.0	0.0	0.0	0.0	0.0	153993	0.0
fam484	nan	nan	nan	0.0	0.0	0.0	0.0	0.0	0.0	611856	0.0
fam791	nan	nan	nan	0.00017777777777777779	0.0	0.00023934065809486687	0.0	0.0	0.0	93668	0.00015059532213280625
fam556	nan	nan	nan	0.0	0.0	0.0	0.0	0.0	0.0	396616	0.0
fam41	nan	nan	nan	0.0	0.0	0.0	0.0	0.0	0.0	50464	0.0
fam578	nan	nan	nan	0.0	0.0	0.0	0.0	0.0	0.0	364029	0.0
fam399	0.0	0.0	0.0	0.0	0.0	0.0	0.0025955555555555554	0.0	0.0034943736081850555	494515	0.00042177408725451435
fam457	nan	nan	nan	0.000568888888888889	0.0	0.0007658901059035739	0.0	0.0	0.0	574637	0.00984970477724101
fam524	0.0	0.0	0.0	0.0	0.0	0.0	0.0007000000000000002	0.0	0.0014000000000000002	445853	0.00014556040756914118
fam821	nan	nan	nan	0.0	0.0	0.0	0.0	0.0	0.0	63714	0.0
fam318	nan	nan	nan	0.0	0.0	0.0	0.0	0.0	0.0	397316	0.0
fam608	0.07894736842105263	0.0	0.11164843913471803	0.00032	0.0	0.00043081318457076026	0.0020266666666666666	0.0038	0.0018957730759654636	317843	0.0006304176516942476
fam352	nan	nan	nan	0.0	0.0	0.0	0.0	0.0	0.0	437129	0.0
fam283	nan	nan	nan	0.0	0.0	0.0	0.0	0.0	0.0	355087	0.0
fam294	0.0	0.0	0.0	0.0	0.0	0.0	0.0051199999999999996	0.0057	0.0039038214895435754	371199	0.0010078105316200553
fam611	0.0	0.0	0.0	0.0	0.0	0.0	0.001137777777777778	0.0	0.0015317802118071477	312047	0.0002154882154882155
fam709	nan	nan	nan	0.0	0.0	0.0	0.0	0.0	0.0	199639	0.0
fam798	nan	nan	nan	0.0	0.0	0.0	0.0	0.0	0.0	86170	0.0
fam126	nan	nan	nan	0.0	0.0	0.0	0.0	0.0	0.0	154057	0.0
fam785	nan	nan	nan	0.0007822222222222221	0.0009	0.0005778461498007114	0.0	0.0	0.0	103286	0.0006250976715111736
fam112	nan	nan	nan	0.00035999999999999997	0.0	0.0007199999999999998	0.0	0.0	0.0	139957	0.0002962962962962963
fam295	0.0	0.0	0.0	0.0	0.0	0.0	0.0016711111111111108	0.0	0.0022498021860917483	372700	0.0002675361591840147
fam769	nan	nan	nan	0.0	0.0	0.0	0.0	0.0	0.0	128774	0.0
fam513	0.546875	0.546875	0.10937499999999994	0.0006377777777777777	0.0	0.0008582382183905428	0.001137777777777778	0.0	0.0015317802118071477	458269	0.0007205157375805839
fam491	nan	nan	nan	0.0	0.0	0.0	0.0	0.0	0.0	490686	0.0
fam703	nan	nan	nan	0.0	0.0	0.0	0.0	0.0	0.0	209666	0.0
fam115	nan	nan	nan	0.0008533333333333332	0.0012	0.000742847374783153	0.0	0.0	0.0	143729	0.0006695961498221384
fam497	nan	nan	nan	0.0	0.0	0.0	0.0	0.0	0.0	483684	0.0
fam35	0.4166666666666667	0.4166666666666667	0.0	0.0007111111111111111	0.0	0.0009573626323794675	0.0017066666666666669	0.0	0.0022976703177107214	44023	0.0009001406469760902
fam619	nan	nan	nan	0.0	0.0	0.0	0.0	0.0	0.0	304591	0.0
fam213	nan	nan	nan	0.0	0.0	0.0	0.0	0.0	0.0	272748	0.0
fam26	0.0	0.0	0.0	0.0	0.0	0.0	0.002666666666666667	0.005	0.002494438257849294	28187	0.0004938271604938273
fam277	nan	nan	nan	0.0	0.0	0.0	0.0	0.0	0.0	350992	0.0
fam510	0.0	0.0	0.0	0.0	0.0	0.0	0.0014444444444444444	0.0	0.002702308112670068	463208	0.00024286581663630845
fam422	nan	nan	nan	0.00064	0.0	0.0008616263691415206	0.0	0.0	0.0	525242	0.0005267489711934157
fam610	nan	nan	nan	0.0	0.0	0.0	0.0	0.0	0.0	314591	0.0
fam659	nan	nan	nan	0.0	0.0	0.0	0.0	0.0	0.0	272183	0.0
fam775	nan	nan	nan	0.0	0.0	0.0	0.0	0.0	0.0	118052	0.0
fam130	nan	nan	nan	0.0	0.0	0.0	0.0	0.0	0.0	157895	0.0
fam148	nan	nan	nan	0.0	0.0	0.0	0.0	0.0	0.0	183602	0.0
fam786	0.0	0.0	0.0	0.0	0.0	0.0	0.0011799999999999998	0.0	0.00236	102311	0.00023148148148148146
fam470	nan	nan	nan	0.0007288888888888888	0.0008	0.0005285713332379913	0.0	0.0	0.0	593079	0.0006061950173726621
fam246	0.2	0.2	0.0	0.0008177777777777777	0.0	0.0011009670272363876	0.0040888888888888884	0.0	0.005504835136181938	310410	0.0013544973544973545
fam48	nan	nan	nan	0.0	0.0	0.0	0.0	0.0	0.0	57570	0.0
fam65	0.20454545454545453	0.20454545454545453	0.0	0.00032	0.0	0.00043081318457076026	0.0015644444444444443	0.0	0.0021061977912348287	79555	0.0005387205387205387
fam853	nan	nan	nan	0.0	0.0	0.0	0.0	0.0	0.0	18741	0.0
fam2	nan	nan	nan	0.0	0.0	0.0	0.0	0.0	0.0	1298	0.0
fam68	nan	nan	nan	0.0	0.0	0.0	0.0	0.0	0.0	81953	0.0
fam60	nan	nan	nan	0.0	0.0	0.0	0.0	0.0	0.0	71681	0.0
fam320	0.0	0.0	0.0	0.0	0.0	0.0	0.0015555555555555557	0.0	0.0019499920860871383	399876	0.00028999917143093877
fam88	nan	nan	nan	0.000568888888888889	0.0	0.0007658901059035739	0.0	0.0	0.0	105070	0.00047218533274310154
fam778	0.0	0.0	0.0	0.0	0.0	0.0	0.004266666666666668	0.008	0.00399110121255887	113516	0.0009024252679075015
fam400	nan	nan	nan	0.0007288888888888889	0.0008	0.0006708608805018031	0.0	0.0	0.0	496466	0.0005687335275350256
fam248	nan	nan	nan	0.0008311111111111111	0.0	0.0010666296289866032	0.0	0.0	0.0	313495	0.0006610284825507924
fam630	nan	nan	nan	0.0	0.0	0.0	0.0	0.0	0.0	298195	0.0
fam671	0.3125	0.25	0.10825317547305482	0.0003555555555555556	0.0005	0.00030951973949298043	0.0007111111111111111	0.0	0.0009573626323794675	254450	0.0004368004368004368
fam771	nan	nan	nan	0.0004333333333333333	0.0	0.0005834761729877617	0.0	0.0	0.0	122465	0.00036118239711054083
fam631	nan	nan	nan	0.0	0.0	0.0	0.0	0.0	0.0	297871	0.0
fam5	0.2197802197802198	0.20512820512820515	0.035889959601218706	0.0004	0.0004	0.0004	0.0015166666666666666	0.0	0.0019012422839349598	5878	0.0005849877518189463
fam153	nan	nan	nan	0.0	0.0	0.0	0.0	0.0	0.0	187819	0.0
fam655	nan	nan	nan	0.0	0.0	0.0	0.0	0.0	0.0	278043	0.026666666666666665
fam84	nan	nan	nan	0.00031999999999999997	0.0	0.00043081318457076026	0.0	0.0	0.0	101115	0.0002570900618622962
fam100	nan	nan	nan	0.0004266666666666666	0.0	0.0005744175794276803	0.0	0.0	0.0	121917	0.00035273368606701937
fam23	nan	nan	nan	0.0	0.0	0.0	0.0	0.0	0.0	24300	0.0
fam18	nan	nan	nan	0.0	0.0	0.0	0.0	0.0	0.0	21702	0.0
fam758	0.06666666666666668	0.0	0.09428090415820635	0.0006066666666666666	0.0	0.0006485539470408165	0.0013	0.0	0.0025999999999999994	146380	0.0007010164738871363
fam736	nan	nan	nan	0.0	0.0	0.0	0.0	0.0	0.0	172871	0.0
fam847	nan	nan	nan	0.0	0.0	0.0	0.0	0.0	0.0	23908	0.0
fam679	nan	nan	nan	0.0	0.0	0.0	0.0	0.0	0.0	242050	0.0
fam328	0.0	0.0	0.0	0.0	0.0	0.0	0.0020622222222222222	0.0	0.002776351633900455	410352	0.00034756163788421846
fam431	nan	nan	nan	0.0	0.0	0.0	0.0	0.0	0.0	533241	0.0
fam350	nan	nan	nan	0.0010266666666666666	0.0	0.0010975528334536894	0.0	0.0	0.0	436251	0.0007896221094190637
fam102	nan	nan	nan	0.00018666666666666666	0.0	0.00019955506062794355	0.0	0.0	0.0	127667	0.0001751751751751752
fam706	nan	nan	nan	0.0007177777777777778	0.0013	0.0007424550533014369	0.0	0.0	0.0	206852	0.0005698005698005697
fam445	0.044444444444444446	0.0	0.08314794192830981	0.00017777777777777779	0.0	0.00023934065809486687	0.0005	0.0	0.001	554404	0.00023620559334845047
fam455	nan	nan	nan	0.0	0.0	0.0	0.0	0.0	0.0	572866	0.0
fam293	nan	nan	nan	0.0007599999999999998	0.0	0.0010133333333333333	0.0	0.0	0.0	369609	0.000634920634920635
fam708	nan	nan	nan	0.0	0.0	0.0	0.0	0.0	0.0	201595	0.0
fam617	nan	nan	nan	0.0	0.0	0.0	0.0	0.0	0.0	306613	0.0
fam40	nan	nan	nan	0.0	0.0	0.0	0.0	0.0	0.0	49434	0.0
fam71	nan	nan	nan	0.0	0.0	0.0	0.0	0.0	0.0	84820	0.0
fam407	0.0	0.0	0.0	0.0	0.0	0.0	0.00175	0.0	0.0021937410968480304	504352	0.0003367003367003367
fam536	nan	nan	nan	0.0	0.0	0.0	0.0	0.0	0.0	431193	0.0
fam682	0.0	0.0	0.0	0.0	0.0	0.0	0.003342222222222223	0.0047	0.0029094855512340157	238493	0.0005711735832217761
fam489	nan	nan	nan	0.0	0.0	0.0	0.0	0.0	0.0	619535	0.0
fam31	nan	nan	nan	0.00031999999999999997	0.0	0.00043081318457076036	0.0	0.0	0.0	36093	0.00026936026936026934
fam589	nan	nan	nan	0.0005866666666666667	0.0011	0.0005487764167268447	0.0	0.0	0.0	346824	0.0004870624048706239
fam661	nan	nan	nan	0.0	0.0	0.0	0.0	0.0	0.0	269903	0.0
fam137	nan	nan	nan	0.00030000000000000003	0.0	0.0006000000000000002	0.0	0.0	0.0	172409	0.0002525252525252526
fam481	nan	nan	nan	0.0	0.0	0.0	0.0	0.0	0.0	605216	0.0
fam664	0.25373134328358204	0.25373134328358204	0.0	0.0006044444444444445	0.0	0.0008137582375225471	0.002382222222222222	0.0	0.003207164818471216	265713	0.013724668064290705
fam542	nan	nan	nan	0.0	0.0	0.0	0.0	0.0	0.0	421429	0.0
fam386	0.0	0.0	0.0	0.0	0.0	0.0	0.00214	0.0	0.00428	480317	0.0003129890453834116
fam249	0.24691358024691354	0.22222222222222218	0.06983770678385653	0.00024	0.0	0.00031999999999999997	0.00054	0.0	0.00108	315962	0.00029282576866764275
fam766	nan	nan	nan	0.00019444444444444446	0.0	0.00024374901076089229	0.0	0.0	0.0	132235	0.00015524506542470616
fam129	0.09633027522935779	0.09633027522935779	0.09633027522935779	0.00042	0.0	0.0008399999999999999	0.0038577777777777785	0.0	0.005193777853842204	157325	0.0009645061728395063
fam527	nan	nan	nan	0.0	0.0	0.0	0.0	0.0	0.0	440615	0.0
fam143	0.0	0.0	0.0	0.0	0.0	0.0	0.0024533333333333334	0.0	0.0033029010817091625	177991	0.0005021971123666039
fam453	nan	nan	nan	0.0	0.0	0.0	0.0	0.0	0.0	570757	0.027480916030534354
fam827	0.0658119658119658	0.0	0.08385819807723921	0.0002133333333333333	0.0	0.00028720878971384017	0.0021399999999999995	0.0032	0.0019231224609992986	53829	0.0005486968449931412
fam717	nan	nan	nan	0.0	0.0	0.0	0.0	0.0	0.0	194413	0.0
fam741	0.0	0.0	0.0	0.0	0.0	0.0	0.012506666666666664	0.0174	0.01100844928023723	167231	0.002257495590828924
fam851	nan	nan	nan	0.0	0.0	0.0	0.0	0.0	0.0	20844	0.0
fam574	0.052287581699346414	0.0	0.09782110815095273	0.0002844444444444445	0.0	0.00038294505295178693	0.0006799999999999999	0.0	0.0013599999999999997	368851	0.00036525677551318573
fam512	nan	nan	nan	0.0008200000000000002	0.0009	0.0008863407922464133	0.0	0.0	0.0	460049	0.0006918079811018308
fam6	nan	nan	nan	0.0	0.0	0.0	0.0	0.0	0.0	7022	0.0
fam465	0.0	0.0	0.0	0.0	0.0	0.0	0.001955555555555556	0.0	0.0026327472390435354	586372	0.00035484586382789974
fam406	nan	nan	nan	0.0003911111111111111	0.0	0.0005265494478087071	0.0	0.0	0.0	503198	0.0003143727281658316
fam598	nan	nan	nan	0.0002488888888888888	0.0	0.0003350769213328136	0.0	0.0	0.0	334765	0.0008627595982005302
fam430	nan	nan	nan	0.0	0.0	0.0	0.0	0.0	0.0	532812	0.0
fam404	nan	nan	nan	0.0	0.0	0.0	0.0	0.0	0.0	500503	0.0
fam805	nan	nan	nan	0.0	0.0	0.0	0.0	0.0	0.0	78276	0.0
fam73	nan	nan	nan	0.0	0.0	0.0	0.0	0.0	0.0	86682	0.0
fam117	nan	nan	nan	0.0003911111111111111	0.0	0.0005265494478087071	0.0	0.0	0.0	145818	0.0003445305770887166
fam397	nan	nan	nan	0.00026	0.0	0.0005199999999999998	0.0	0.0	0.0	490624	0.00021030494216614092
fam849	nan	nan	nan	0.0	0.0	0.0	0.0	0.0	0.0	22678	0.0
fam30	nan	nan	nan	0.0020622222222222222	0.0	0.002776351633900455	0.0	0.0	0.0	34515	0.0016309887869520897
fam738	0.0	0.0	0.0	0.0	0.0	0.0	0.0015288888888888889	0.0	0.002058329659615855	170995	0.00026573658860654375
fam187	nan	nan	nan	0.0	0.0	0.0	0.0	0.0	0.0	233066	0.0
fam577	0.13084886128364387	0.13333333333333333	0.12076340295525091	0.00031999999999999997	0.0006	0.00029933259094191533	0.0016266666666666665	0.0023	0.0014054497105513554	365070	0.0005729486392469818
fam858	0.0	0.0	0.0	0.0	0.0	0.0	0.0032355555555555558	0.0045	0.0028168663089449485	13691	0.0006584362139917697
fam767	nan	nan	nan	0.0	0.0	0.0	0.0	0.0	0.0	130960	0.0
fam86	nan	nan	nan	0.00035555555555555557	0.0	0.00047868131618973374	0.0	0.0	0.0	103131	0.0002876663070837829
fam263	nan	nan	nan	0.0	0.0	0.0	0.0	0.0	0.0	331427	0.0
fam448	nan	nan	nan	0.0	0.0	0.0	0.0	0.0	0.0	566092	0.0
fam94	nan	nan	nan	0.0	0.0	0.0	0.0	0.0	0.0	111607	0.0
fam166	0.08494968576986384	0.0	0.10967030060044776	0.0020599999999999998	0.0037	0.00215524167245037	0.005799999999999999	0.0	0.007808513871979027	202435	0.0027609427609427612
fam770	nan	nan	nan	0.0	0.0	0.0	0.0	0.0	0.0	126087	0.0
fam428	nan	nan	nan	0.0005333333333333334	0.001	0.0004988876515698588	0.0	0.0	0.0	531358	0.00046056419113413917
fam648	nan	nan	nan	0.0	0.0	0.0	0.0	0.0	0.0	287142	0.0
fam351	nan	nan	nan	0.0	0.0	0.0	0.0	0.0	0.0	436753	0.0
fam764	0.08972648008337782	0.0	0.15703111142827988	0.00015555555555555556	0.0	0.0002910177967490843	0.002258333333333334	0.0031	0.0016188773544925782	136420	0.0005326815817509558
fam752	nan	nan	nan	0.0	0.0	0.0	0.0	0.0	0.0	152473	0.030434782608695653
fam53	0.07207207207207206	0.0	0.08057902621620862	0.00031999999999999997	0.0006	0.00029933259094191533	0.0007400000000000002	0.0	0.0014799999999999998	64624	0.00039363034532116664
fam89	nan	nan	nan	0.0007111111111111113	0.0	0.0009573626323794675	0.0	0.0	0.0	105689	0.0005955704448166759
fam474	nan	nan	nan	0.0003888888888888889	0.0	0.00048749802152178457	0.0	0.0	0.0	599325	0.0003021669688336355
fam142	nan	nan	nan	0.00014	0.0	0.00028000000000000003	0.0	0.0	0.0	177241	0.00010893246187363834
fam19	nan	nan	nan	0.0	0.0	0.0	0.0	0.0	0.0	22178	0.0
fam209	nan	nan	nan	0.0	0.0	0.0	0.0	0.0	0.0	267586	0.0
fam212	nan	nan	nan	0.0004977777777777776	0.0	0.0006701538426656272	0.0	0.0	0.0	271371	0.0004058853373921867
fam620	nan	nan	nan	0.0004266666666666667	0.0	0.0005744175794276803	0.0	0.0	0.0	303556	0.0003485838779956427
fam123	nan	nan	nan	0.00014	0.0	0.00028	0.0	0.0	0.0	152214	0.00011185682326621923
fam322	nan	nan	nan	0.0	0.0	0.0	0.0	0.0	0.0	403944	0.0
fam247	nan	nan	nan	0.0	0.0	0.0	0.0	0.0	0.0	312124	0.0
fam436	0.0	0.0	0.0	0.0	0.0	0.0	0.0044444444444444444	0.0036	0.0037643683581448915	539804	0.0007407407407407406
fam426	nan	nan	nan	0.0003	0.0	0.0006000000000000001	0.0	0.0	0.0	528756	0.0002506265664160401
fam9	nan	nan	nan	0.0	0.0	0.0	0.0	0.0	0.0	10687	0.008211143695014663
fam109	nan	nan	nan	0.0	0.0	0.0	0.0	0.0	0.0	136887	0.0033970276008492574
fam330	nan	nan	nan	0.0	0.0	0.0	0.0	0.0	0.0	412593	0.0
fam416	0.10265700483091789	0.10869565217391305	0.08603748097086358	0.0001777777777777778	0.0	0.00023934065809486685	0.0017377777777777775	0.0023	0.0018876544986233153	520163	0.00044730721059223466
fam181	nan	nan	nan	0.000888888888888889	0.0	0.0011967032904743342	0.0	0.0	0.0	227709	0.0007548950224109461
fam214	nan	nan	nan	0.0009444444444444444	0.0017	0.0009851239190084003	0.0	0.0	0.0	273592	0.0007846829880728186
fam867	nan	nan	nan	0.00035555555555555557	0.0	0.00047868131618973374	0.0	0.0	0.0	4317	0.00028018562297522107
fam433	nan	nan	nan	0.0	0.0	0.0	0.0	0.0	0.0	534683	0.023893805309734513
fam347	nan	nan	nan	0.0	0.0	0.0	0.0	0.0	0.0	433710	0.0
fam748	nan	nan	nan	0.0012377777777777775	0.0017	0.001020520322382196	0.0	0.0	0.0	155719	0.0010142923005993546
fam461	0.0	0.0	0.0	0.0	0.0	0.0	0.002372222222222222	0.0	0.0029737379312828865	582845	0.00039281705948372616
fam10	0.16880341880341884	0.21153846153846156	0.17290537029182831	0.0010244444444444441	0.0011	0.000831105169319224	0.00104	0.0	0.0020799999999999994	11784	0.014673143088443634
fam639	nan	nan	nan	0.0	0.0	0.0	0.0	0.0	0.0	294678	0.0
fam306	nan	nan	nan	0.0	0.0	0.0	0.0	0.0	0.0	383470	0.0
fam583	0.10784313725490197	0.0	0.1607962692829091	0.000225	0.0	0.0002832107577994405	0.00085	0.00085	0.00085	355676	0.0003306878306878308
fam7	nan	nan	nan	0.0	0.0	0.0	0.0	0.0	0.0	7469	0.0
fam63	nan	nan	nan	0.00064	0.0	0.0008616263691415206	0.0	0.0	0.0	75552	0.0005338672005338672
fam81	nan	nan	nan	0.0	0.0	0.0	0.0	0.0	0.0	97453	0.0
fam257	nan	nan	nan	0.0	0.0	0.0	0.0	0.0	0.0	326607	0.0
fam575	nan	nan	nan	0.0	0.0	0.0	0.0	0.0	0.0	368124	0.0
fam170	nan	nan	nan	0.001431111111111111	0.002	0.0012567722718177213	0.0	0.0	0.0	209132	0.0011881555741204864
fam616	nan	nan	nan	0.0004266666666666667	0.0	0.0005744175794276803	0.0	0.0	0.0	307293	0.00033765959691885617
fam621	nan	nan	nan	0.0	0.0	0.0	0.0	0.0	0.0	303154	0.0
fam500	0.05894678415319503	0.0	0.0812545138993852	0.0004266666666666667	0.0	0.0005744175794276803	0.0051533333333333336	0.007	0.004300470258523414	477562	0.0011202560585276634
fam164	0.10775627992876949	0.16556291390728475	0.07505790474463081	0.0017777777777777779	0.0	0.002393406580948668	0.016862222222222223	0.0302	0.017714003109767132	198529	0.030041152263374487
fam309	0.0	0.0	0.0	0.0	0.0	0.0	0.0025666666666666667	0.0	0.0032174869420437784	388311	0.0004446985579061051
fam145	nan	nan	nan	0.0	0.0	0.0	0.0	0.0	0.0	179627	0.0
fam607	nan	nan	nan	0.0	0.0	0.0	0.0	0.0	0.0	319370	0.0
fam411	nan	nan	nan	0.00035555555555555557	0.0	0.00047868131618973374	0.0	0.0	0.0	511990	0.0002815166710653646
fam349	nan	nan	nan	0.0	0.0	0.0	0.0	0.0	0.0	435448	0.0
fam869	nan	nan	nan	0.0	0.0	0.0	0.0	0.0	0.0	2444	0.0
fam848	nan	nan	nan	0.0	0.0	0.0	0.0	0.0	0.0	23149	0.0
fam38	nan	nan	nan	0.0	0.0	0.0	0.0	0.0	0.0	46019	0.0
fam818	nan	nan	nan	0.0	0.0	0.0	0.0	0.0	0.0	66033	0.0
fam336	0.0	0.0	0.0	0.0	0.0	0.0	0.00132	0.0	0.0026400000000000004	419064	0.0001955034213098729
fam626	nan	nan	nan	0.0	0.0	0.0	0.0	0.0	0.0	300076	0.0
fam658	nan	nan	nan	0.00021333333333333336	0.0	0.00028720878971384017	0.0	0.0	0.0	273741	0.00016669271240297965
fam666	nan	nan	nan	0.0	0.0	0.0	0.0	0.0	0.0	262779	0.0
fam701	0.0	0.0	0.0	0.0	0.0	0.0	0.00528	0.0	0.01056	212506	0.0011695906432748538
fam784	nan	nan	nan	0.0	0.0	0.0	0.0	0.0	0.0	104824	0.0
fam629	nan	nan	nan	0.0	0.0	0.0	0.0	0.0	0.0	298602	0.0
fam106	nan	nan	nan	0.0	0.0	0.0	0.0	0.0	0.0	134994	0.0
fam612	nan	nan	nan	0.0	0.0	0.0	0.0	0.0	0.0	311739	0.0
fam281	nan	nan	nan	0.0	0.0	0.0	0.0	0.0	0.0	353845	0.0
fam45	0.0	0.0	0.0	0.0	0.0	0.0	0.0012444444444444447	0.0	0.0016753846066640678	55981	0.00021164021164021165
fam653	nan	nan	nan	0.0	0.0	0.0	0.0	0.0	0.0	281127	0.0
fam376	0.15517241379310345	0.15517241379310345	0.15517241379310345	0.00017999999999999998	0.0	0.00035999999999999997	0.0010311111111111111	0.0	0.0013881758169502275	469868	0.0038925199709513433
fam207	nan	nan	nan	0.0	0.0	0.0	0.0	0.0	0.0	263974	0.0
fam402	nan	nan	nan	0.0	0.0	0.0	0.0	0.0	0.0	499500	0.0
fam323	nan	nan	nan	0.0	0.0	0.0	0.0	0.0	0.0	404961	0.0
fam327	nan	nan	nan	0.0	0.0	0.0	0.0	0.0	0.0	409294	0.0
fam193	0.0	0.0	0.0	0.0	0.0	0.0	0.0019911111111111106	0.0	0.002680615370662509	241713	0.0003338549817423057
fam388	nan	nan	nan	0.0004977777777777776	0.0	0.0006701538426656272	0.0	0.0	0.0	481917	0.0004202784344628316
fam865	0.08408408408408408	0.0	0.09400886391891007	0.0003733333333333332	0.0007	0.0003492213560989012	0.0007400000000000001	0.0	0.0014799999999999998	6712	0.0004108309990662933
fam557	nan	nan	nan	0.0	0.0	0.0	0.0	0.0	0.0	396222	0.0
fam12	0.031111111111111107	0.0	0.08799551054765924	0.00028	0.0	0.0005600000000000001	0.001	0.0	0.002	13157	0.0004459308807134894
fam652	nan	nan	nan	0.0	0.0	0.0	0.0	0.0	0.0	281768	0.0
fam307	nan	nan	nan	0.0	0.0	0.0	0.0	0.0	0.0	384749	0.0
fam808	0.5	0.5	0.0	0.00039111111111111106	0.0	0.0005265494478087072	0.0007822222222222221	0.0	0.0010530988956174144	73101	0.0004778972520908005
fam595	nan	nan	nan	0.0	0.0	0.0	0.0	0.0	0.0	343134	0.0
fam505	nan	nan	nan	0.0	0.0	0.0	0.0	0.0	0.0	470833	0.0
fam52	nan	nan	nan	0.0015466666666666665	0.0029	0.0014467741895525905	0.0	0.0	0.0	62755	0.00126984126984127
fam514	nan	nan	nan	0.0	0.0	0.0	0.0	0.0	0.0	457096	0.0
fam467	nan	nan	nan	0.0	0.0	0.0	0.0	0.0	0.0	587856	0.0
fam236	nan	nan	nan	0.0004266666666666667	0.0	0.0005744175794276803	0.0	0.0	0.0	301307	0.00033862433862433863
fam55	nan	nan	nan	0.0008000000000000001	0.0015	0.0007483314773547883	0.0	0.0	0.0	65947	0.0006971677559912854
fam731	nan	nan	nan	0.0	0.0	0.0	0.0	0.0	0.0	176503	0.0
fam800	nan	nan	nan	0.0	0.0	0.0	0.0	0.0	0.0	84689	0.0
fam324	nan	nan	nan	0.000568888888888889	0.0	0.0007658901059035739	0.0	0.0	0.0	406966	0.0004558404558404558
fam715	nan	nan	nan	0.0	0.0	0.0	0.0	0.0	0.0	195659	0.0
fam82	nan	nan	nan	0.0	0.0	0.0	0.0	0.0	0.0	98537	0.0
fam755	0.0	0.0	0.0	0.0	0.0	0.0	0.00112	0.0	0.0022400000000000002	149922	0.00019267822736030826
fam641	nan	nan	nan	0.0	0.0	0.0	0.0	0.0	0.0	293544	0.0
fam197	0.0	0.0	0.0	0.0	0.0	0.0	0.0036977777777777777	0.0	0.004978285688373231	245169	0.0006140855881788524
fam449	nan	nan	nan	0.0	0.0	0.0	0.0	0.0	0.0	566850	0.0
fam793	0.0	0.0	0.0	0.0	0.0	0.0	0.00212	0.0	0.00424	91122	0.0003992015968063873
fam273	0.3387096774193548	0.3870967741935484	0.1280202247289318	0.00046666666666666666	0.0	0.0005849976258261414	0.0006888888888888887	0.0	0.001288793099888802	345965	0.0004873294346978557
fam797	nan	nan	nan	0.0	0.0	0.0	0.0	0.0	0.0	86851	0.0
fam332	0.0	0.0	0.0	0.0	0.0	0.0	0.0019199999999999998	0.0	0.0025848791074245623	415057	0.00029409061667126185
fam251	0.0	0.0	0.0	0.0	0.0	0.0	0.00224	0.0	0.0030156922919953224	318612	0.0003911502261337245
fam820	nan	nan	nan	0.0	0.0	0.0	0.0	0.0	0.0	64504	0.0
fam485	nan	nan	nan	0.0011533333333333335	0.0015	0.001343560774790465	0.0	0.0	0.0	612685	0.0009125067096081586
fam134	nan	nan	nan	0.0003800000000000001	0.0	0.0005075431016179807	0.0	0.0	0.0	164755	0.0003072941937570758
fam95	nan	nan	nan	0.0	0.0	0.0	0.0	0.0	0.0	111840	0.0
fam809	nan	nan	nan	0.006444444444444444	0.0116	0.005764086341999457	0.0	0.0	0.0	72544	0.004748338081671415
fam192	0.0	0.0	0.0	0.0	0.0	0.0	0.00134	0.0	0.0026800000000000005	240641	0.00021299254526091594
fam203	nan	nan	nan	0.0	0.0	0.0	0.0	0.0	0.0	255175	0.0
fam747	0.0	0.0	0.0	0.0	0.0	0.0	0.0018133333333333328	0.0	0.002441274712567642	156446	0.0003485838779956427
fam857	nan	nan	nan	0.0	0.0	0.0	0.0	0.0	0.0	14857	0.0
fam167	nan	nan	nan	0.0005333333333333334	0.0	0.0007180219742846006	0.0	0.0	0.0	203355	0.0004405892881729313
fam127	0.18749999999999997	0.18749999999999997	0.0	0.00021333333333333336	0.0	0.00028720878971384017	0.001137777777777778	0.0	0.0015317802118071477	156168	0.0003391087797382504
fam765	0.0	0.0	0.0	0.0	0.0	0.0	0.0025066666666666666	0.0047	0.002344771962378337	134988	0.00040962621607782903
fam642	nan	nan	nan	0.0	0.0	0.0	0.0	0.0	0.0	293247	0.0
fam746	nan	nan	nan	0.0002444444444444445	0.0	0.00045731368060570395	0.0	0.0	0.0	158946	0.002283785125608182
fam301	nan	nan	nan	0.0	0.0	0.0	0.0	0.0	0.0	379562	0.0014423076923076924
fam654	nan	nan	nan	0.0	0.0	0.0	0.0	0.0	0.0	280889	0.0
fam558	nan	nan	nan	0.0007399999999999999	0.0009	0.0005782732917920385	0.0	0.0	0.0	394307	0.0005945207680565598
fam228	nan	nan	nan	0.0	0.0	0.0	0.0	0.0	0.0	293776	0.0
fam237	0.0	0.0	0.0	0.0	0.0	0.0	0.010702222222222222	0.0	0.01440830761731098	301900	0.0017429193899782135
fam825	nan	nan	nan	0.0	0.0	0.0	0.0	0.0	0.0	57709	0.0
fam838	0.072	0.072	0.072	0.00035999999999999997	0.0	0.0007199999999999998	0.0044444444444444444	0.0	0.00598351645237167	38587	0.0008860535176324649
fam662	0.1744186046511628	0.10465116279069767	0.18785458629538968	0.0008200000000000002	0.0009	0.0008863407922464133	0.002293333333333333	0.0043	0.0021452169017503932	268557	0.0010771397796006295
fam523	nan	nan	nan	0.0	0.0	0.0	0.0	0.0	0.0	447718	0.0
fam585	nan	nan	nan	0.001137777777777778	0.0	0.0015317802118071477	0.0	0.0	0.0	354834	0.0009635651912074676
fam605	0.24193548387096775	0.22580645161290322	0.04267340824297727	0.00032888888888888887	0.0004	0.0003506325853033959	0.001102222222222222	0.0	0.0014839120801881747	321313	0.00046939300411522625
fam80	0.0	0.0	0.0	0.0	0.0	0.0	0.0024000000000000002	0.0045	0.0022449944320643645	96155	0.0003890104546559689
fam171	nan	nan	nan	0.0	0.0	0.0	0.0	0.0	0.0	211658	0.0
fam856	nan	nan	nan	0.0	0.0	0.0	0.0	0.0	0.0	15531	0.0
fam628	0.0	0.0	0.0	0.0	0.0	0.0	0.00896	0.0	0.01206276916798129	299151	0.001004394224733208
fam866	nan	nan	nan	0.0	0.0	0.0	0.0	0.0	0.0	6563	0.0
fam487	nan	nan	nan	0.0	0.0	0.0	0.0	0.0	0.0	614591	0.0
fam180	nan	nan	nan	0.0	0.0	0.0	0.0	0.0	0.0	224744	0.0
fam159	nan	nan	nan	0.0	0.0	0.0	0.0	0.0	0.0	195572	0.0
fam83	nan	nan	nan	0.0	0.0	0.0	0.0	0.0	0.0	98994	0.0
fam314	0.06976744186046512	0.0	0.09866606249114615	0.00031999999999999997	0.0	0.00043081318457076036	0.002293333333333333	0.0043	0.0021452169017503932	392342	0.0006584362139917695
fam315	nan	nan	nan	0.0	0.0	0.0	0.0	0.0	0.0	394144	0.0
fam424	0.0	0.0	0.0	0.0	0.0	0.0	0.003782222222222222	0.0068	0.0039516122666796195	527343	0.0006298815822625345
fam260	nan	nan	nan	0.00046666666666666666	0.0	0.0005849976258261413	0.0	0.0	0.0	329702	0.0003724989357173265
fam8	nan	nan	nan	0.0	0.0	0.0	0.0	0.0	0.0	8700	0.0
fam375	0.0	0.0	0.0	0.0	0.0	0.0	0.006006666666666666	0.0079	0.005071550277994118	467529	0.007527853056308343
fam111	nan	nan	nan	0.0	0.0	0.0	0.0	0.0	0.0	139280	0.0
fam292	nan	nan	nan	0.0	0.0	0.0	0.0	0.0	0.0	368753	0.0
fam826	nan	nan	nan	0.0	0.0	0.0	0.0	0.0	0.0	55852	0.0
fam479	nan	nan	nan	0.0	0.0	0.0	0.0	0.0	0.0	602987	0.0
fam85	nan	nan	nan	0.0	0.0	0.0	0.0	0.0	0.0	101768	0.0
fam224	nan	nan	nan	0.0	0.0	0.0	0.0	0.0	0.0	290664	0.02986666666666667
fam46	nan	nan	nan	0.0	0.0	0.0	0.0	0.0	0.0	56526	0.0
fam446	0.6944444444444444	0.625	0.19641855032959654	0.00028666666666666673	0.0002	0.0001973153144926499	0.00016	0.0	0.0003200000000000001	561958	0.0007767358150989866
fam217	nan	nan	nan	0.0009111111111111113	0.001	0.0008385761006272537	0.0	0.0	0.0	280531	0.000763074632421366
fam636	nan	nan	nan	0.0	0.0	0.0	0.0	0.0	0.0	296110	0.0
fam537	nan	nan	nan	0.0	0.0	0.0	0.0	0.0	0.0	430166	0.0
fam593	nan	nan	nan	0.0	0.0	0.0	0.0	0.0	0.0	343772	0.0
fam110	0.19323671497584544	0.2173913043478261	0.06831949576681619	0.00035555555555555557	0.0	0.00047868131618973374	0.00092	0.0	0.0018400000000000003	138316	0.0004398697985396323
fam692	nan	nan	nan	0.0022944444444444444	0.0	0.002876238326978529	0.0	0.0	0.0	220058	0.0018004115226337447
fam361	0.0	0.0	0.0	0.0	0.0	0.0	0.0020266666666666666	0.0	0.002728483502281482	448153	0.0003911502261337245
fam87	nan	nan	nan	0.0	0.0	0.0	0.0	0.0	0.0	104310	0.0
fam640	nan	nan	nan	0.0	0.0	0.0	0.0	0.0	0.0	294390	0.0
fam245	nan	nan	nan	0.0011666666666666668	0.0	0.0012472191289246471	0.0	0.0	0.0	309899	0.0009543285616905251
fam359	0.0	0.0	0.0	0.0	0.0	0.0	0.0047666666666666664	0.0085	0.004982904106375451	443830	0.0007095217823187173
fam721	0.0928030303030303	0.0	0.09876671494342744	0.0007466666666666666	0.0	0.0010052307639984407	0.006053333333333334	0.0048	0.0047921973619160915	186179	0.0016817838246409676
fam613	nan	nan	nan	0.0	0.0	0.0	0.0	0.0	0.0	311072	0.0
fam533	nan	nan	nan	0.00031999999999999997	0.0	0.00043081318457076036	0.0	0.0	0.0	433210	0.0002645502645502646
fam667	nan	nan	nan	0.0	0.0	0.0	0.0	0.0	0.0	261127	0.0
fam384	0.17567567567567566	0.17567567567567566	0.0	0.0004622222222222222	0.0	0.0006222857110466538	0.0026311111111111114	0.0	0.0035422417398040295	478630	0.0007746308399903172
fam816	nan	nan	nan	0.003911111111111111	0.0	0.005265494478087071	0.0	0.0	0.0	67321	0.006464646464646465
fam242	0.05241935483870968	0.0	0.09079298588062663	0.0004622222222222222	0.0	0.0006222857110466538	0.002204444444444444	0.0	0.0029678241603763493	307066	0.0007384331371870311
fam196	nan	nan	nan	0.0	0.0	0.0	0.0	0.0	0.0	244382	0.0
fam76	0.07547169811320754	0.0	0.10673309904702602	0.00056	0.0	0.0005986651818838307	0.00106	0.0	0.00212	90114	0.0006516780710329096
fam781	0.07500000000000001	0.06666666666666667	0.022047927592204922	0.0003333333333333333	0.0006	0.0003476907949441413	0.0032000000000000006	0.0	0.004308131845707603	108484	0.0008010973936899863
fam768	nan	nan	nan	0.0	0.0	0.0	0.0	0.0	0.0	130029	0.0
fam440	nan	nan	nan	0.0006933333333333333	0.0013	0.0006485539470408165	0.0	0.0	0.0	544387	0.0005734767025089607
fam419	nan	nan	nan	0.0006399999999999999	0.0	0.0008616263691415206	0.0	0.0	0.0	522486	0.0005198180636777127
fam175	nan	nan	nan	0.00026388888888888886	0.0	0.00035130927951954706	0.0	0.0	0.0	216791	0.00021763216207660652
fam546	nan	nan	nan	0.0003888888888888889	0.0	0.00048749802152178457	0.0	0.0	0.0	408298	0.000338458563001644
fam554	nan	nan	nan	0.0	0.0	0.0	0.0	0.0	0.0	398210	0.0
fam21	0.0	0.0	0.0	0.0	0.0	0.0	0.0024888888888888894	0.0	0.0033507692133281355	23177	0.0004897459442913989
fam131	nan	nan	nan	0.000568888888888889	0.0	0.0007658901059035739	0.0	0.0	0.0	158614	0.0004979769685652038
fam259	nan	nan	nan	0.0	0.0	0.0	0.0	0.0	0.0	328572	0.0
fam584	0.0	0.0	0.0	0.0	0.0	0.0	0.00814222222222222	0.0	0.010961802140744902	355401	0.0013622818220519368
fam501	0.0	0.0	0.0	0.0	0.0	0.0	0.0013611111111111113	0.0	0.0017062430753262462	475574	0.00021355787418390386
fam154	nan	nan	nan	0.0	0.0	0.0	0.0	0.0	0.0	188205	0.0
fam806	nan	nan	nan	0.003966666666666666	0.0	0.004972479819522203	0.0	0.0	0.0	77533	0.0029461279461279457
fam687	0.32919254658385094	0.35714285714285715	0.16914778094591576	0.0004066666666666666	0.0005	0.0002694851057521031	0.0007777777777777777	0.0014	0.0008112785215363296	225589	0.00046437185816370236
fam822	nan	nan	nan	0.0	0.0	0.0	0.0	0.0	0.0	59827	0.0
fam441	nan	nan	nan	0.0010355555555555554	0.0014	0.0008741104826064432	0.0	0.0	0.0	546536	0.0008730158730158733
fam804	0.1111111111111111	0.0	0.16629588385661961	0.0007333333333333333	0.0008	0.0007974960814950755	0.0008000000000000001	0.0	0.0015999999999999999	79964	0.0007527853056308339
fam834	nan	nan	nan	0.0	0.0	0.0	0.0	0.0	0.0	43327	0.0
fam267	0.0	0.0	0.0	0.0	0.0	0.0	0.0021688888888888886	0.0	0.0029199560287573754	336140	0.021060705676090294
fam244	0.27358490566037735	0.27358490566037735	0.08490566037735847	0.0005377777777777779	0.0	0.0007433524329052626	0.0018844444444444444	0.0	0.0025370109758055884	309281	0.0007389384518338289
fam562	0.21590909090909088	0.20454545454545453	0.030065355807552156	0.00040000000000000013	0.0004	0.0004381780460041328	0.0015644444444444443	0.0	0.0021061977912348283	385638	0.0005968440847028045
fam688	0.0	0.0	0.0	0.0	0.0	0.0	0.0030400000000000006	0.0057	0.002843659613948195	223277	0.0011992945326278661
fam744	0.0	0.0	0.0	0.0	0.0	0.0	0.0011377777777777777	0.0014	0.0008754145402516173	161901	0.0001733548855623492
fam561	nan	nan	nan	0.0	0.0	0.0	0.0	0.0	0.0	389247	0.0
fam860	nan	nan	nan	0.0	0.0	0.0	0.0	0.0	0.0	11807	0.0
fam184	nan	nan	nan	0.00028	0.0	0.00056	0.0	0.0	0.0	230760	0.0002398081534772182
fam696	nan	nan	nan	0.0016711111111111113	0.0	0.0022498021860917483	0.0	0.0	0.0	216995	0.0013168724279835392
fam334	0.1791044776119403	0.1791044776119403	0.0	0.0004266666666666666	0.0	0.0005744175794276803	0.002382222222222222	0.0	0.0032071648184712155	417034	0.0007453994875378525
fam863	nan	nan	nan	0.0	0.0	0.0	0.0	0.0	0.0	8812	0.0
fam122	nan	nan	nan	0.0	0.0	0.0	0.0	0.0	0.0	150290	0.0
fam239	nan	nan	nan	0.00035555555555555557	0.0	0.00047868131618973374	0.0	0.0	0.0	303417	0.00029120029120029123
fam414	nan	nan	nan	0.0	0.0	0.0	0.0	0.0	0.0	516743	0.0
fam790	0.0	0.0	0.0	0.0	0.0	0.0	0.0048000000000000004	0.0	0.006462197768561405	97819	0.0008288008288008286
fam226	nan	nan	nan	0.0007444444444444445	0.001	0.0006166416411338494	0.0	0.0	0.0	292597	0.0006068719321731371
fam675	0.14141414141414138	0.0	0.2680100840691232	0.00076	0.0	0.0010150862032359616	0.00066	0.0	0.0013200000000000002	248445	0.0007452574525745257
fam396	nan	nan	nan	0.0019399999999999997	0.0015	0.0022086094167044464	0.0	0.0	0.0	489555	0.0017094017094017094
fam520	0.4204545454545454	0.3939393939393939	0.07015249688428839	0.0006022222222222222	0.0007	0.000645837574657519	0.0011733333333333333	0.0	0.0015796483434261212	451232	0.0007060572277963582
fam114	nan	nan	nan	0.0	0.0	0.0	0.0	0.0	0.0	141403	0.0
fam466	nan	nan	nan	0.0006399999999999999	0.0	0.0008616263691415205	0.0	0.0	0.0	587060	0.0005130671797338464
fam456	nan	nan	nan	0.0	0.0	0.0	0.0	0.0	0.0	573832	0.010676156583629894
fam280	nan	nan	nan	0.0	0.0	0.0	0.0	0.0	0.0	353216	0.01214574898785425
fam842	nan	nan	nan	0.0	0.0	0.0	0.0	0.0	0.0	33767	0.0
fam279	nan	nan	nan	0.0	0.0	0.0	0.0	0.0	0.0	352516	0.0
fam819	nan	nan	nan	0.0	0.0	0.0	0.0	0.0	0.0	65105	0.0
fam96	0.0	0.0	0.0	0.0	0.0	0.0	0.0031644444444444446	0.0	0.0042602637140886305	112977	0.0005538248528902734
fam604	nan	nan	nan	0.0	0.0	0.0	0.0	0.0	0.0	325459	0.0
fam418	nan	nan	nan	0.0	0.0	0.0	0.0	0.0	0.0	521803	0.0
fam370	nan	nan	nan	0.0004000000000000001	0.0	0.0005333333333333334	0.0	0.0	0.0	459942	0.00032840722495894916
fam673	0.6632882882882882	0.4054054054054054	0.3536591882633119	0.003524444444444445	0.003	0.002968288362418506	0.003946666666666667	0.0074	0.003691768621616955	252751	0.003592314118629908
fam745	0.0	0.0	0.0	0.0	0.0	0.0	0.0014577777777777779	0.0	0.0019625933963779083	160481	0.00026633374947981697
fam483	nan	nan	nan	0.0006044444444444443	0.0	0.0008137582375225472	0.0	0.0	0.0	610212	0.0005130671797338464
fam841	nan	nan	nan	0.0007111111111111111	0.0	0.0009573626323794675	0.0	0.0	0.0	35493	0.0005590496156533893
fam725	nan	nan	nan	0.0	0.0	0.0	0.0	0.0	0.0	181141	0.014444444444444442
fam759	0.0	0.0	0.0	0.0	0.0	0.0	0.0073999999999999995	0.0	0.014799999999999995	146169	0.0010256410256410256
fam815	0.0	0.0	0.0	0.0	0.0	0.0	0.003093333333333333	0.0	0.004164527450850683	67807	0.0005338672005338672
fam840	nan	nan	nan	0.0	0.0	0.0	0.0	0.0	0.0	36138	0.0
fam495	nan	nan	nan	0.0	0.0	0.0	0.0	0.0	0.0	486136	0.0
fam27	nan	nan	nan	0.0	0.0	0.0	0.0	0.0	0.0	30807	0.0
fam712	0.0	0.0	0.0	0.0	0.0	0.0	0.0056	0.0	0.011200000000000002	198197	0.0006666666666666666
fam50	0.10810810810810811	0.0	0.16513786288129154	0.0003555555555555556	0.0	0.0006651835354264786	0.0028777777777777777	0.0037	0.0023255956359024233	60808	0.0008180871634686897
fam133	nan	nan	nan	0.0	0.0	0.0	0.0	0.0	0.0	159777	0.0
fam29	nan	nan	nan	0.0	0.0	0.0	0.0	0.0	0.0	33798	0.0
fam387	nan	nan	nan	0.0	0.0	0.0	0.0	0.0	0.0	481036	0.0
fam700	0.0	0.0	0.0	0.0	0.0	0.0	0.007324444444444444	0.0	0.009860835113508513	213747	0.004430598823122188
fam509	nan	nan	nan	0.0	0.0	0.0	0.0	0.0	0.0	464125	0.0
fam571	nan	nan	nan	0.0	0.0	0.0	0.0	0.0	0.0	371580	0.0
fam434	0.09643564356435644	0.0	0.11460892937852155	0.00040222222222222227	0.0	0.0005401600128722719	0.0027822222222222224	0.005	0.002908553583934338	535942	0.0008146253670550345
fam326	nan	nan	nan	0.0	0.0	0.0	0.0	0.0	0.0	407683	0.0
fam534	nan	nan	nan	0.0	0.0	0.0	0.0	0.0	0.0	432893	0.0
fam555	nan	nan	nan	0.0004977777777777776	0.0	0.0006701538426656272	0.0	0.0	0.0	397065	0.0010375196042948487
fam761	nan	nan	nan	0.0	0.0	0.0	0.0	0.0	0.0	144511	0.0
fam807	nan	nan	nan	0.0	0.0	0.0	0.0	0.0	0.0	76164	0.0
fam587	nan	nan	nan	0.0002844444444444445	0.0	0.00038294505295178693	0.0	0.0	0.0	350320	0.00023991602938971355
fam496	nan	nan	nan	0.0	0.0	0.0	0.0	0.0	0.0	485303	0.011023622047244093
fam831	nan	nan	nan	0.00031999999999999997	0.0	0.0004308131845707603	0.0	0.0	0.0	47666	0.00027183146449201494
fam191	nan	nan	nan	0.0009244444444444444	0.0	0.0012445714220933079	0.0	0.0	0.0	239695	0.0008008008008008006
fam146	nan	nan	nan	0.0	0.0	0.0	0.0	0.0	0.0	180337	0.0
fam476	0.0	0.0	0.0	0.0	0.0	0.0	0.00893888888888889	0.0145	0.008690616835855458	600226	0.0015549901046084255
fam757	0.0	0.0	0.0	0.0	0.0	0.0	0.0030199999999999997	0.0	0.006039999999999999	147649	0.00043010752688172043
fam234	0.20370370370370372	0.20238095238095238	0.09824044776522298	0.0009488888888888888	0.0017	0.000996353846609888	0.00168	0.0	0.0033599999999999997	299346	0.0010902677569344236
fam343	nan	nan	nan	0.001282222222222222	0.0023	0.0013440054379666587	0.0	0.0	0.0	428987	0.0011223344556677889
fam850	nan	nan	nan	0.0	0.0	0.0	0.0	0.0	0.0	21552	0.0
fam268	nan	nan	nan	0.0004977777777777776	0.0	0.0006701538426656272	0.0	0.0	0.0	338210	0.00039506172839506165
fam107	nan	nan	nan	0.0	0.0	0.0	0.0	0.0	0.0	135427	0.0
fam92	nan	nan	nan	0.0008888888888888887	0.0016	0.0009271754531843769	0.0	0.0	0.0	109378	0.000734861845972957
fam602	nan	nan	nan	0.0	0.0	0.0	0.0	0.0	0.0	329248	0.0
fam75	nan	nan	nan	0.0	0.0	0.0	0.0	0.0	0.0	88481	0.0
fam204	nan	nan	nan	0.0	0.0	0.0	0.0	0.0	0.0	256219	0.0
fam417	nan	nan	nan	0.0	0.0	0.0	0.0	0.0	0.0	521354	0.0
fam362	nan	nan	nan	0.0008000000000000001	0.0015	0.0007483314773547884	0.0	0.0	0.0	449006	0.0006349206349206349
fam177	nan	nan	nan	0.0006044444444444445	0.0	0.0008137582375225471	0.0	0.0	0.0	220940	0.00047218533274310154
fam182	nan	nan	nan	0.0008622222222222221	0.0012	0.0007616616014095291	0.0	0.0	0.0	228682	0.0007384331371870312
fam788	nan	nan	nan	0.0	0.0	0.0	0.0	0.0	0.0	99998	0.0
fam551	0.027027027027027025	0.0	0.06620242548062644	0.00015555555555555556	0.0	0.0002910177967490843	0.001438888888888889	0.0	0.0018037426796306032	401359	0.0003429355281207134
fam580	nan	nan	nan	0.0	0.0	0.0	0.0	0.0	0.0	362224	0.0
fam61	nan	nan	nan	0.0	0.0	0.0	0.0	0.0	0.0	73082	0.0
fam266	nan	nan	nan	0.0019444444444444446	0.0	0.0024374901076089227	0.0	0.0	0.0	334836	0.0015905476028175416
fam199	0.0	0.0	0.0	0.0	0.0	0.0	0.004059999999999999	0.0	0.008119999999999999	247586	0.0007017543859649123
fam413	0.2178921568627451	0.2	0.1610379918327761	0.0005777777777777779	0.0005	0.0004210510071443648	0.0022400000000000002	0.0025	0.001714565056605708	515593	0.0008361735969097932
fam699	nan	nan	nan	0.0	0.0	0.0	0.0	0.0	0.0	214173	0.03468834688346884
fam832	0.0	0.0	0.0	0.0	0.0	0.0	0.002808888888888889	0.0	0.003781582397898896	46303	0.0004593741027849556
fam567	0.02666666666666667	0.0	0.06798692684790379	0.00011111111111111112	0.0	0.00020786985482077453	0.0011111111111111113	0.0	0.0013749298523071758	379681	0.00027536830510808204
fam711	nan	nan	nan	0.0	0.0	0.0	0.0	0.0	0.0	198525	0.0
fam515	nan	nan	nan	0.00035555555555555557	0.0	0.00047868131618973374	0.0	0.0	0.0	455690	0.00029048656499636893
fam511	0.0	0.0	0.0	0.0	0.0	0.0	0.0020533333333333337	0.0	0.002195105666907379	461696	0.0003403841478239728
fam649	nan	nan	nan	0.0007999999999999999	0.0009	0.0007155417527999327	0.0	0.0	0.0	285422	0.0006555227794165847
fam532	nan	nan	nan	0.0	0.0	0.0	0.0	0.0	0.0	434649	0.0
fam454	0.0	0.0	0.0	0.0	0.0	0.0	0.0029133333333333333	0.0043	0.002601503838594558	572263	0.003098523359961269
fam144	0.0	0.0	0.0	0.0	0.0	0.0	0.0018599999999999999	0.0	0.0037199999999999998	178901	0.0002789400278940028
fam545	nan	nan	nan	0.0	0.0	0.0	0.0	0.0	0.0	409548	0.0
fam650	nan	nan	nan	0.0	0.0	0.0	0.0	0.0	0.0	284343	0.0
fam672	0.6666666666666666	0.711864406779661	0.260132529564324	0.002457777777777778	0.0014	0.0019833180827300368	0.0027533333333333333	0.0	0.0029434371442621675	253594	0.0024940765681506424
fam380	0.0	0.0	0.0	0.0	0.0	0.0	0.003093333333333333	0.0	0.004164527450850683	473476	0.0005955704448166759
fam223	nan	nan	nan	0.00044444444444444447	0.0008	0.0004635877265921884	0.0	0.0	0.0	289684	0.00037260600640882333
fam772	nan	nan	nan	0.0	0.0	0.0	0.0	0.0	0.0	120798	0.0
fam810	nan	nan	nan	0.000568888888888889	0.0	0.0007658901059035739	0.0	0.0	0.0	71469	0.0004576004576004576
fam582	nan	nan	nan	0.0008888888888888889	0.0008	0.000840693423370711	0.0	0.0	0.0	359159	0.0007407407407407409
fam218	nan	nan	nan	0.00031999999999999997	0.0	0.0004308131845707603	0.0	0.0	0.0	282106	0.0002599090318388564
fam663	0.0661764705882353	0.0	0.11462100932441101	0.00035	0.0	0.00043874821936960607	0.0007555555555555555	0.0	0.0014135150127812669	266456	0.00042174679855839283
fam377	nan	nan	nan	0.0	0.0	0.0	0.0	0.0	0.0	470433	0.0
fam823	nan	nan	nan	0.0	0.0	0.0	0.0	0.0	0.0	59262	0.0
fam91	0.02857142857142857	0.0	0.07559289460184544	0.00032	0.0	0.0006400000000000002	0.00252	0.0	0.003392711141386619	108617	0.000715000715000715
fam539	nan	nan	nan	0.0	0.0	0.0	0.0	0.0	0.0	425534	0.0
fam313	0.0	0.0	0.0	0.0	0.0	0.0	0.0021999999999999997	0.0	0.004399999999999999	390993	0.0003663003663003663
fam544	0.21794871794871798	0.11538461538461538	0.24991780371305036	0.0006311111111111112	0.0006	0.00069660198175691	0.0013866666666666665	0.0026	0.0012971078940816328	410804	0.0007613168724279838
fam427	0.06557377049180327	0.0	0.10368123475961899	0.0005444444444444443	0.0	0.0006824972301304984	0.002372222222222222	0.0	0.0029737379312828865	530035	0.0008878741755454084
fam779	nan	nan	nan	0.0009244444444444444	0.0	0.0012445714220933077	0.0	0.0	0.0	111680	0.0007453994875378523
fam486	nan	nan	nan	0.0	0.0	0.0	0.0	0.0	0.0	613674	0.0014035087719298247
fam113	nan	nan	nan	0.0	0.0	0.0	0.0	0.0	0.0	140841	0.0
fam304	nan	nan	nan	0.0013533333333333333	0.0	0.0014467741895525905	0.0	0.0	0.0	381386	0.0010878010878010876
fam726	nan	nan	nan	0.0	0.0	0.0	0.0	0.0	0.0	180145	0.0
fam291	nan	nan	nan	0.0005	0.0009	0.00044721359549995795	0.0	0.0	0.0	368110	0.00041567942802510696
fam297	nan	nan	nan	0.0008177777777777777	0.0	0.0011009670272363874	0.0	0.0	0.0	374356	0.0006658343736995423
fam403	nan	nan	nan	0.0	0.0	0.0	0.0	0.0	0.0	500233	0.0
fam714	nan	nan	nan	0.0	0.0	0.0	0.0	0.0	0.0	197261	0.0
fam99	0.15789473684210525	0.10526315789473685	0.16643566632465154	0.00032888888888888887	0.0004	0.0003506325853033959	0.0010133333333333333	0.0019	0.0009478865379827318	119912	0.013049618075614607
fam305	nan	nan	nan	0.0	0.0	0.0	0.0	0.0	0.0	382136	0.0
fam538	0.0	0.0	0.0	0.0	0.0	0.0	0.0013333333333333333	0.0024	0.0011925695879998878	427259	0.00022284619155858628
fam854	0.0	0.0	0.0	0.0	0.0	0.0	0.0016000000000000003	0.0	0.0031999999999999993	17938	0.0002886002886002886
fam103	nan	nan	nan	0.0003088888888888889	0.0003	0.00033981839739760487	0.0	0.0	0.0	131261	0.0002629469296135963
fam730	nan	nan	nan	0.0	0.0	0.0	0.0	0.0	0.0	177046	0.0
fam11	nan	nan	nan	0.0	0.0	0.0	0.0	0.0	0.0	12270	0.0
fam4	nan	nan	nan	0.0	0.0	0.0	0.0	0.0	0.0	2840	0.0
fam202	nan	nan	nan	0.0	0.0	0.0	0.0	0.0	0.0	254051	0.0
fam690	0.0	0.0	0.0	0.0	0.0	0.0	0.007466666666666668	0.0	0.010052307639984409	222277	0.0012475633528265106
fam632	nan	nan	nan	0.0	0.0	0.0	0.0	0.0	0.0	297314	0.0
fam186	0.0	0.0	0.0	0.0	0.0	0.0	0.0030222222222222226	0.0	0.0040687911876127365	232159	0.0005725532295580604
fam270	0.0654761904761905	0.0	0.10352694720789339	0.00042777777777777774	0.0	0.0005362478236739631	0.0018666666666666666	0.0	0.0023399905033045657	341192	0.0006988120195667367
fam149	nan	nan	nan	0.0	0.0	0.0	0.0	0.0	0.0	183907	0.0
fam161	0.05273069679849341	0.0	0.09865010059290995	0.0009955555555555553	0.0	0.0013403076853312544	0.0023444444444444446	0.0	0.004688925750250054	197212	0.0012683916793505834
fam737	nan	nan	nan	0.0	0.0	0.0	0.0	0.0	0.0	172586	0.0
fam28	nan	nan	nan	0.002695555555555556	0.0021	0.003061731939464297	0.0	0.0	0.0	33213	0.002210587550901687
fam32	nan	nan	nan	0.0	0.0	0.0	0.0	0.0	0.0	37363	0.0
fam665	nan	nan	nan	0.00031999999999999997	0.0	0.0004308131845707603	0.0	0.0	0.0	264205	0.0002801856229752211
fam599	nan	nan	nan	0.0023466666666666666	0.0	0.0031592966868522424	0.0	0.0	0.0	334331	0.0017957351290684629
fam742	nan	nan	nan	0.0	0.0	0.0	0.0	0.0	0.0	167025	0.0
fam373	nan	nan	nan	0.0004266666666666666	0.0008	0.00039911012125588705	0.0	0.0	0.0	464791	0.00035064650449265835
fam269	0.0	0.0	0.0	0.0	0.0	0.0	0.0017800000000000001	0.0	0.00356	340054	0.00029239766081871346
fam861	nan	nan	nan	0.0	0.0	0.0	0.0	0.0	0.0	10470	0.0
fam573	nan	nan	nan	0.0	0.0	0.0	0.0	0.0	0.0	370445	0.0
fam151	0.2552552552552553	0.22972972972972971	0.13015515274936537	0.001208888888888889	0.0017	0.0010523671142761335	0.0014800000000000002	0.0	0.0029599999999999995	185955	0.0012549739822467095
fam499	0.4383116883116883	0.3863636363636363	0.3670123895915211	0.0007644444444444443	0.0004	0.0007969819614731441	0.0015644444444444438	0.0022	0.001361886853769114	478602	0.0019415204678362573
fam282	nan	nan	nan	0.0	0.0	0.0	0.0	0.0	0.0	354627	0.0
fam676	nan	nan	nan	0.0	0.0	0.0	0.0	0.0	0.0	245692	0.0
fam57	nan	nan	nan	0.00038888888888888876	0.0	0.000543332197226715	0.0	0.0	0.0	68633	0.00033366700033366696
fam195	0.24305555555555555	0.21875	0.19138213582667596	0.0007466666666666666	0.0007	0.0005600000000000001	0.00064	0.0	0.0012800000000000003	243891	0.0007120104927862095
fam529	nan	nan	nan	0.0	0.0	0.0	0.0	0.0	0.0	437363	0.0
fam420	nan	nan	nan	0.0	0.0	0.0	0.0	0.0	0.0	523126	0.0
fam749	nan	nan	nan	0.0	0.0	0.0	0.0	0.0	0.0	155307	0.0
fam429	nan	nan	nan	0.0007111111111111111	0.0	0.0009573626323794675	0.0	0.0	0.0	532151	0.0005590496156533893
fam550	nan	nan	nan	0.001013888888888889	0.0012	0.0008000530460808271	0.0	0.0	0.0	403370	0.0008494733265375469
fam39	nan	nan	nan	0.0	0.0	0.0	0.0	0.0	0.0	47470	0.0
fam724	nan	nan	nan	0.0007266666666666667	0.0013	0.0007646059260967196	0.0	0.0	0.0	181661	0.0006111722283339445
fam727	0.0	0.0	0.0	0.0	0.0	0.0	0.0028666666666666667	0.0043	0.0025640246141997586	178890	0.0005291005291005291
fam588	0.4347826086956522	0.4347826086956522	0.0	0.0007111111111111111	0.0	0.0009573626323794675	0.0016355555555555555	0.0	0.002201934054472775	348886	0.0008736008736008736
fam241	nan	nan	nan	0.00124	0.0014	0.0013350655414622909	0.0	0.0	0.0	305985	0.010657108721624852
fam549	nan	nan	nan	0.0	0.0	0.0	0.0	0.0	0.0	404510	0.0
fam493	0.0	0.0	0.0	0.0	0.0	0.0	0.0019555555555555554	0.0	0.0026327472390435354	487150	0.00037153140601416465
fam104	nan	nan	nan	0.0	0.0	0.0	0.0	0.0	0.0	132753	0.0
fam335	nan	nan	nan	0.00088	0.0012	0.0008158431221748455	0.0	0.0	0.0	418026	0.000723208415516108
fam638	nan	nan	nan	0.0	0.0	0.0	0.0	0.0	0.0	295039	0.0
fam34	nan	nan	nan	0.0	0.0	0.0	0.0	0.0	0.0	42712	0.0
fam310	0.0	0.0	0.0	0.0	0.0	0.0	0.004231111111111112	0.0	0.00569630766265783	389335	0.0007012930089853167
fam634	nan	nan	nan	0.0	0.0	0.0	0.0	0.0	0.0	296621	0.0
fam590	nan	nan	nan	0.00042	0.0	0.0008399999999999999	0.0	0.0	0.0	345895	0.00036036036036036037
fam855	nan	nan	nan	0.0006044444444444445	0.0	0.0008137582375225472	0.0	0.0	0.0	16284	0.0004938271604938271
fam194	nan	nan	nan	0.0012799999999999999	0.0	0.001723252738283041	0.0	0.0	0.0	242064	0.001058201058201058
fam121	nan	nan	nan	0.0	0.0	0.0	0.0	0.0	0.0	149754	0.0
fam606	0.0	0.0	0.0	0.0	0.0	0.0	0.0012	0.0	0.0024000000000000002	320203	0.0002635046113306983
fam147	nan	nan	nan	0.0	0.0	0.0	0.0	0.0	0.0	181953	0.0
fam522	nan	nan	nan	0.00031999999999999997	0.0	0.00043081318457076026	0.0	0.0	0.0	449185	0.000273714823368403
fam541	0.0	0.0	0.0	0.0	0.0	0.0	0.007926666666666665	0.0067	0.006858325030371644	422808	0.0015641139147115242
fam118	0.050724637681159424	0.0	0.08785764965929088	0.0004977777777777776	0.0	0.0006701538426656272	0.0024533333333333334	0.0	0.0033029010817091625	146822	0.0008288008288008289
fam128	nan	nan	nan	0.0	0.0	0.0	0.0	0.0	0.0	156731	0.0
fam623	nan	nan	nan	0.0	0.0	0.0	0.0	0.0	0.0	302054	0.0
fam390	nan	nan	nan	0.00024	0.0	0.00047999999999999996	0.0	0.0	0.0	483655	0.0002002002002002002
fam564	nan	nan	nan	0.0	0.0	0.0	0.0	0.0	0.0	384004	0.0
fam592	nan	nan	nan	0.0	0.0	0.0	0.0	0.0	0.0	344152	0.007692307692307694
fam637	nan	nan	nan	0.0	0.0	0.0	0.0	0.0	0.0	295707	0.0
fam339	nan	nan	nan	0.0	0.0	0.0	0.0	0.0	0.0	421884	0.0
fam24	0.0	0.0	0.0	0.0	0.0	0.0	0.008528888888888888	0.0115	0.007171815893473322	24996	0.025096738529574353
fam824	nan	nan	nan	0.0	0.0	0.0	0.0	0.0	0.0	58316	0.0
fam178	nan	nan	nan	0.0	0.0	0.0	0.0	0.0	0.0	222536	0.0
fam152	nan	nan	nan	0.0	0.0	0.0	0.0	0.0	0.0	186276	0.0
fam525	0.0	0.0	0.0	0.0	0.0	0.0	0.0015944444444444446	0.0	0.001998741888239317	444325	0.0002526893365099993
fam54	nan	nan	nan	0.0007111111111111111	0.0	0.0009573626323794675	0.0	0.0	0.0	65183	0.000620515803761877
fam695	nan	nan	nan	0.0	0.0	0.0	0.0	0.0	0.0	217475	0.0
fam579	nan	nan	nan	0.0	0.0	0.0	0.0	0.0	0.0	363674	0.0
fam560	nan	nan	nan	0.0012266666666666667	0.0023	0.0011474415986106753	0.0	0.0	0.0	391534	0.0068753836709637825
fam734	nan	nan	nan	0.0	0.0	0.0	0.0	0.0	0.0	174071	0.0
fam615	nan	nan	nan	0.0	0.0	0.0	0.0	0.0	0.0	308483	0.0
fam844	nan	nan	nan	0.0	0.0	0.0	0.0	0.0	0.0	28331	0.006324110671936757
fam369	0.19148936170212766	0.19148936170212766	0.0	0.00031999999999999997	0.0	0.00043081318457076026	0.0016711111111111113	0.0	0.0022498021860917483	458270	0.0005130671797338465
fam437	0.4333333333333333	0.4333333333333333	0.0	0.0009244444444444444	0.0	0.0012445714220933077	0.0021333333333333334	0.0	0.0028720878971384024	540812	0.0011251758087201128
fam220	nan	nan	nan	0.0009177777777777777	0.0007	0.000883248773031544	0.0	0.0	0.0	284368	0.0007483510908168442
fam383	nan	nan	nan	0.0029944444444444445	0.0	0.0037537347657177413	0.0	0.0	0.0	477162	0.002400548696844993
fam459	0.0	0.0	0.0	0.0	0.0	0.0	0.0004222222222222222	0.0	0.0007899054483189431	579332	8.042787630192625e-05
fam547	nan	nan	nan	0.0	0.0	0.0	0.0	0.0	0.0	408060	0.0
fam502	nan	nan	nan	0.0004266666666666667	0.0	0.0005744175794276803	0.0	0.0	0.0	473070	0.00035484586382789974
fam548	nan	nan	nan	0.0	0.0	0.0	0.0	0.0	0.0	406245	0.0
fam478	0.0	0.0	0.0	0.0	0.0	0.0	0.0064911111111111116	0.0055	0.0056195224084227505	602732	0.0010441292356185973
fam20	nan	nan	nan	0.0	0.0	0.0	0.0	0.0	0.0	22415	0.0
fam618	nan	nan	nan	0.0	0.0	0.0	0.0	0.0	0.0	305021	0.0
fam635	nan	nan	nan	0.0	0.0	0.0	0.0	0.0	0.0	296327	0.0
fam33	0.0	0.0	0.0	0.0	0.0	0.0	0.0008177777777777777	0.0	0.0011009670272363874	40966	0.0001381334714668048
fam365	nan	nan	nan	0.0	0.0	0.0	0.0	0.0	0.0	451386	0.0
fam208	nan	nan	nan	0.0	0.0	0.0	0.0	0.0	0.0	267139	0.013921901528013583
fam677	0.0	0.0	0.0	0.0	0.0	0.0	0.00242	0.0	0.004839999999999999	245026	0.00036429872495446266
fam22	nan	nan	nan	0.0018133333333333328	0.0	0.002441274712567642	0.0	0.0	0.0	23430	0.0014453477868112015
fam633	nan	nan	nan	0.0	0.0	0.0	0.0	0.0	0.0	296986	0.0
fam238	nan	nan	nan	0.0	0.0	0.0	0.0	0.0	0.0	302139	0.0
fam378	0.0	0.0	0.0	0.0	0.0	0.0	0.0018844444444444444	0.0	0.0025370109758055884	471873	0.0002743484224965706
fam139	nan	nan	nan	0.0002488888888888888	0.0	0.0003350769213328136	0.0	0.0	0.0	174832	0.00019589837771655957
fam37	nan	nan	nan	0.0	0.0	0.0	0.0	0.0	0.0	45492	0.0
fam836	nan	nan	nan	0.0005333333333333334	0.0006	0.00040442002368274935	0.0	0.0	0.0	40265	0.0004462293618920123
fam473	0.3977272727272727	0.42424242424242425	0.07015249688428839	0.0004277777777777777	0.0	0.0005540813774523614	0.0007333333333333333	0.0	0.001371941041817112	597953	0.00047001316036849043
fam201	0.09375	0.0	0.12103072956898178	0.00017777777777777779	0.0	0.00023934065809486687	0.00176	0.002	0.0013189895122150642	253382	0.0004583589113975854
fam308	0.06060606060606059	0.06060606060606061	2.0816681711721685e-17	0.0003111111111111112	0.0	0.0003899984172174276	0.0051333333333333335	0.0	0.006434973884087557	386412	0.0010147133434804667
fam591	nan	nan	nan	0.0	0.0	0.0	0.0	0.0	0.0	345054	0.0
fam795	0.15789473684210525	0.15789473684210525	0.0	0.0012799999999999999	0.0	0.0017232527382830415	0.008106666666666667	0.0	0.01091393400912593	89103	0.002194787379972565
fam528	nan	nan	nan	0.0	0.0	0.0	0.0	0.0	0.0	439983	0.0
fam777	nan	nan	nan	0.00032	0.0	0.0004308131845707603	0.0	0.0	0.0	114466	0.0002413819114430112
fam472	nan	nan	nan	0.0	0.0	0.0	0.0	0.0	0.0	595908	0.0
fam773	nan	nan	nan	0.0006399999999999999	0.0007	0.0005017303392593807	0.0	0.0	0.0	119049	0.0005357980041524346
fam516	nan	nan	nan	0.0	0.0	0.0	0.0	0.0	0.0	455007	0.0
fam729	0.0	0.0	0.0	0.0	0.0	0.0	0.00292	0.0	0.005839999999999999	177737	0.0006230529595015577
fam756	nan	nan	nan	0.0	0.0	0.0	0.0	0.0	0.0	148626	0.0
fam627	0.0	0.0	0.0	0.0	0.0	0.0	0.004231111111111112	0.0	0.005696307662657831	299524	0.0006772486772486774
fam325	nan	nan	nan	0.0	0.0	0.0	0.0	0.0	0.0	407472	0.0
fam837	0.0	0.0	0.0	0.0	0.0	0.0	0.00408888888888889	0.0	0.005504835136181938	39403	0.0008201973599897474
fam678	nan	nan	nan	0.0	0.0	0.0	0.0	0.0	0.0	244346	0.0
fam172	0.0	0.0	0.0	0.0	0.0	0.0	0.00206	0.0	0.004120000000000001	212145	0.0004474272930648769
fam740	nan	nan	nan	0.0006755555555555555	0.0	0.000909494500760494	0.0	0.0	0.0	167870	0.006659711354547035
fam290	0.0	0.0	0.0	0.0	0.0	0.0	0.0027733333333333334	0.0	0.0037337142662799225	365320	0.00045236075770426924
fam169	0.10319779577523587	0.10169491525423728	0.09577645830974787	0.00023777777777777775	0.0	0.00031360901977454443	0.002071111111111111	0.0029	0.0018138506887248613	207698	0.009869703498512362
fam338	0.0	0.0	0.0	0.0	0.0	0.0	0.0017555555555555562	0.0	0.003284343706168238	420682	0.00029394473838918284
fam395	nan	nan	nan	0.0	0.0	0.0	0.0	0.0	0.0	488740	0.0
fam452	nan	nan	nan	0.0013377777777777776	0.0024	0.0014019492602783674	0.0	0.0	0.0	568535	0.0011361054305839586
fam845	nan	nan	nan	0.0	0.0	0.0	0.0	0.0	0.0	26327	0.0
fam286	0.0	0.0	0.0	0.0	0.0	0.0	0.001851111111111111	0.0	0.0025945774412735167	359699	0.0003133421069123269
fam506	nan	nan	nan	0.0	0.0	0.0	0.0	0.0	0.0	468643	0.0
fam686	nan	nan	nan	0.0003377777777777777	0.0006	0.0003591897603643752	0.0	0.0	0.0	232431	0.0002763957987838585
fam787	0.13680357053307257	0.11594202898550725	0.06010727558192487	0.0005688888888888889	0.0008	0.0004952315831887687	0.002602222222222222	0.0	0.003339693192088751	100686	0.0009548611111111108
fam723	nan	nan	nan	0.0	0.0	0.0	0.0	0.0	0.0	183352	0.0
fam830	nan	nan	nan	0.0	0.0	0.0	0.0	0.0	0.0	49285	0.0
fam614	nan	nan	nan	0.0	0.0	0.0	0.0	0.0	0.0	309231	0.0
fam624	0.031914893617021274	0.0	0.07136387162233372	0.00017999999999999998	0.0	0.00035999999999999997	0.002506666666666666	0.0047	0.0023447719623783366	300737	0.0005645368231973313
fam398	0.06578947368421052	0.0	0.10049508102973334	0.00019444444444444446	0.0	0.00024374901076089229	0.0017944444444444446	0.0019	0.0014815428228041432	493326	0.0005108556832694764
fam136	0.0	0.0	0.0	0.0	0.0	0.0	0.0015999999999999999	0.0	0.0021540659228538018	171523	0.00023703703703703699
fam342	0.26718670263177074	0.23255813953488372	0.26727744205629567	0.0005555555555555556	0.001	0.0005794846582402354	0.0016044444444444441	0.0022	0.0013259722731399034	427822	0.004089598580616545
fam340	nan	nan	nan	0.0	0.0	0.0	0.0	0.0	0.0	423742	0.0
fam442	0.29032258064516125	0.29032258064516125	0.0967741935483871	0.0003333333333333333	0.0	0.00046571331190861285	0.001102222222222222	0.0	0.0014839120801881749	548533	0.00046155578070471685
fam49	nan	nan	nan	0.0	0.0	0.0	0.0	0.0	0.0	58935	0.0
fam871	nan	nan	nan	0.0	0.0	0.0	0.0	0.0	0.0	384	0.0
fam683	nan	nan	nan	0.0	0.0	0.0	0.0	0.0	0.0	237835	0.0
fam451	nan	nan	nan	0.0009333333333333332	0.0014	0.0010224154406763102	0.0	0.0	0.0	568038	0.0007662835249042146
fam303	0.0	0.0	0.0	0.0	0.0	0.0	0.0025599999999999998	0.0	0.003446505476566083	380955	0.0004917780851390809
fam219	nan	nan	nan	0.0	0.0	0.0	0.0	0.0	0.0	282521	0.0
fam138	nan	nan	nan	0.0	0.0	0.0	0.0	0.0	0.0	172942	0.0
fam553	0.0	0.0	0.0	0.0	0.0	0.0	0.001322222222222222	0.0	0.0016574932731740675	398726	0.00023106885851983892
fam660	nan	nan	nan	0.0	0.0	0.0	0.0	0.0	0.0	270295	0.0
fam59	nan	nan	nan	0.0	0.0	0.0	0.0	0.0	0.0	69809	0.0
fam492	0.2074910820451843	0.1724137931034483	0.14300153661110523	0.0005022222222222223	0.0005	0.00048327074946033163	0.002191111111111111	0.0029	0.0018499035677236103	488294	0.0007655978125776785
fam206	nan	nan	nan	0.00046666666666666666	0.0	0.0005849976258261414	0.0	0.0	0.0	262240	0.0003631082062454611
fam435	0.0	0.0	0.0	0.0	0.0	0.0	0.00156	0.0	0.0031200000000000004	538035	0.000261437908496732
fam189	nan	nan	nan	0.0027999999999999995	0.0	0.0035099857549568485	0.0	0.0	0.0	236868	0.002400548696844993
fam710	nan	nan	nan	0.0	0.0	0.0	0.0	0.0	0.0	199346	0.0
fam684	0.0	0.0	0.0	0.0	0.0	0.0	0.003722222222222223	0.0067	0.003329256766499687	236661	0.0005805178218971323
fam205	nan	nan	nan	0.0	0.0	0.0	0.0	0.0	0.0	257127	0.0
fam160	nan	nan	nan	0.0007466666666666666	0.0	0.0010052307639984407	0.0	0.0	0.0	196672	0.0006441223832528182
fam125	nan	nan	nan	0.0	0.0	0.0	0.0	0.0	0.0	153541	0.0
fam852	0.2894736842105263	0.2894736842105263	0.10526315789473685	0.00040666666666666667	0.0	0.0005767341001035245	0.001351111111111111	0.0	0.001818989001520988	19069	0.0005613746833709865
fam243	nan	nan	nan	0.00030000000000000003	0.0	0.0006000000000000002	0.0	0.0	0.0	307866	0.00024968789013732833
fam609	nan	nan	nan	0.0	0.0	0.0	0.0	0.0	0.0	315001	0.0
fam42	nan	nan	nan	0.0004266666666666666	0.0	0.0005744175794276803	0.0	0.0	0.0	52000	0.0003310573142975378
fam644	nan	nan	nan	0.00035999999999999997	0.0	0.0007199999999999999	0.0	0.0	0.0	291735	0.00030864197530864197
fam728	nan	nan	nan	0.0	0.0	0.0	0.0	0.0	0.0	178163	0.0
fam859	nan	nan	nan	0.0	0.0	0.0	0.0	0.0	0.0	13221	0.0
fam450	nan	nan	nan	0.0	0.0	0.0	0.0	0.0	0.0	566994	0.0
fam173	nan	nan	nan	0.0	0.0	0.0	0.0	0.0	0.0	212583	0.0
fam1	nan	nan	nan	0.0	0.0	0.0	0.0	0.0	0.0	822	0.0
fam829	nan	nan	nan	0.0	0.0	0.0	0.0	0.0	0.0	50353	0.0
fam56	0.0	0.0	0.0	0.0	0.0	0.0	0.0025955555555555554	0.0	0.0034943736081850555	66794	0.0004144004144004144
fam354	nan	nan	nan	0.0	0.0	0.0	0.0	0.0	0.0	438945	0.0
fam120	nan	nan	nan	0.0	0.0	0.0	0.0	0.0	0.0	149242	0.0
fam105	nan	nan	nan	0.0	0.0	0.0	0.0	0.0	0.0	133907	0.0
fam51	nan	nan	nan	0.0	0.0	0.0	0.0	0.0	0.0	62170	0.0
fam211	nan	nan	nan	0.0008533333333333332	0.0	0.0011488351588553607	0.0	0.0	0.0	270233	0.0006992242980443571
fam3	nan	nan	nan	0.0	0.0	0.0	0.0	0.0	0.0	2067	0.0
fam67	nan	nan	nan	0.0	0.0	0.0	0.0	0.0	0.0	81043	0.0
fam132	0.04056437389770723	0.0	0.07588899461710816	0.0008177777777777777	0.0	0.0011009670272363874	0.00252	0.0	0.00504	159211	0.0010957703265395576
fam656	nan	nan	nan	0.0005333333333333334	0.0	0.0007180219742846006	0.0	0.0	0.0	277073	0.0004422332780541736
fam319	nan	nan	nan	0.0	0.0	0.0	0.0	0.0	0.0	397940	0.0
fam600	0.0	0.0	0.0	0.0	0.0	0.0	0.00162	0.0	0.00324	333629	0.0003284072249589491
fam843	0.16806722689075632	0.11904761904761905	0.07141483912594937	0.00017777777777777779	0.0	0.00023934065809486687	0.0011666666666666665	0.0	0.0016299965916801446	30943	0.000346298407871954
fam596	nan	nan	nan	0.0	0.0	0.0	0.0	0.0	0.0	342755	0.003305785123966942
fam704	nan	nan	nan	0.0	0.0	0.0	0.0	0.0	0.0	209398	0.0
fam458	nan	nan	nan	0.0	0.0	0.0	0.0	0.0	0.0	575611	0.0
fam66	nan	nan	nan	0.0	0.0	0.0	0.0	0.0	0.0	80388	0.0
fam72	0.0	0.0	0.0	0.0	0.0	0.0	0.0027377777777777778	0.0	0.00368584613466095	85650	0.018421417672354
fam198	0.27160493827160487	0.22222222222222218	0.09238660214256644	0.0003333333333333333	0.0006	0.00034769079494414133	0.00054	0.0	0.00108	247218	0.00038044086382454966
fam410	nan	nan	nan	0.0005333333333333335	0.0	0.0007180219742846006	0.0	0.0	0.0	510750	0.00043895747599451303
fam792	nan	nan	nan	0.00031999999999999997	0.0	0.00043081318457076026	0.0	0.0	0.0	92327	0.00026633374947981697
fam108	nan	nan	nan	0.0	0.0	0.0	0.0	0.0	0.0	135880	0.0
fam394	0.0	0.0	0.0	0.0	0.0	0.0	0.0026	0.0	0.005199999999999999	486630	0.02342342342342343
fam601	0.0	0.0	0.0	0.0	0.0	0.0	0.00030000000000000003	0.0	0.0006000000000000002	329768	6.138735420503377e-05
fam713	nan	nan	nan	0.0009244444444444444	0.0	0.0012445714220933077	0.0	0.0	0.0	197751	0.0007797270955165692
fam668	nan	nan	nan	0.0	0.0	0.0	0.0	0.0	0.0	260519	0.0
fam64	nan	nan	nan	0.0002133333333333333	0.0	0.00028720878971384017	0.0	0.0	0.0	77891	0.00016059419853457795
fam97	nan	nan	nan	0.0015288888888888889	0.0	0.002058329659615855	0.0	0.0	0.0	113851	0.0012475633528265106
fam415	nan	nan	nan	0.0	0.0	0.0	0.0	0.0	0.0	517612	0.0
fam782	0.0	0.0	0.0	0.0	0.0	0.0	0.004977777777777779	0.0	0.006701538426656273	108125	0.0010043942247332078
fam862	nan	nan	nan	0.0006755555555555554	0.0	0.0009094945007604942	0.0	0.0	0.0	9844	0.0005670742512847776
fam135	nan	nan	nan	0.0	0.0	0.0	0.0	0.0	0.0	169030	0.0
fam190	nan	nan	nan	0.0	0.0	0.0	0.0	0.0	0.0	237486	0.0
fam341	nan	nan	nan	0.0016822222222222219	0.0013	0.001912913878399349	0.0	0.0	0.0	424787	0.0013620071684587814
fam183	nan	nan	nan	0.0008822222222222224	0.0	0.0011800732348062864	0.0	0.0	0.0	229353	0.000749063670411985
fam681	nan	nan	nan	0.0015399999999999997	0.0011	0.0011649320437976914	0.0	0.0	0.0	239853	0.001231410438571564
fam227	nan	nan	nan	0.0	0.0	0.0	0.0	0.0	0.0	293284	0.0
fam412	0.0	0.0	0.0	0.0	0.0	0.0	0.00192	0.0	0.002584879107424562	513149	0.00033862433862433863
fam215	nan	nan	nan	0.0003722222222222222	0.0006	0.00036788518069207337	0.0	0.0	0.0	277106	0.00032079323417906095
