fam	avg_dnds	med_dnds	SDdnds	dn	med_dn	SDdn	ds	med_ds	SDds	loc	Pi
fam966	nan	nan	nan	0.0	0.0	0.0	0.0	0.0	0.0	315301	0.0
fam393	nan	nan	nan	0.0	0.0	0.0	0.0	0.0	0.0	405611	0.0
fam158	nan	nan	nan	0.0	0.0	0.0	0.0	0.0	0.0	163173	0.0
fam1037	nan	nan	nan	0.0	0.0	0.0	0.0	0.0	0.0	235693	0.0
fam680	nan	nan	nan	0.0	0.0	0.0	0.0	0.0	0.0	682291	0.0
fam875	nan	nan	nan	0.0	0.0	0.0	0.0	0.0	0.0	395005	0.0
fam425	nan	nan	nan	0.0	0.0	0.0	0.0	0.0	0.0	431164	0.0
fam1195	nan	nan	nan	0.0	0.0	0.0	0.0	0.0	0.0	63640	0.0
fam98	nan	nan	nan	0.0	0.0	0.0	0.0	0.0	0.0	92400	0.0
fam657	nan	nan	nan	0.0	0.0	0.0	0.0	0.0	0.0	659046	0.0
fam265	nan	nan	nan	0.0	0.0	0.0	0.0	0.0	0.0	279105	0.0
fam1040	nan	nan	nan	0.0	0.0	0.0	0.0	0.0	0.0	234435	0.0
fam443	nan	nan	nan	0.0	0.0	0.0	0.0	0.0	0.0	446484	0.0
fam355	nan	nan	nan	0.0	0.0	0.0	0.0	0.0	0.0	372256	0.0
fam519	nan	nan	nan	0.0	0.0	0.0	0.0	0.0	0.0	524176	0.0
fam1093	nan	nan	nan	0.0	0.0	0.0	0.0	0.0	0.0	185282	0.0
fam814	nan	nan	nan	0.0	0.0	0.0	0.0	0.0	0.0	455338	0.0
fam321	nan	nan	nan	0.0	0.0	0.0	0.0	0.0	0.0	338445	0.0
fam594	nan	nan	nan	0.0	0.0	0.0	0.0	0.0	0.0	596524	0.0
fam346	nan	nan	nan	0.0	0.0	0.0	0.0	0.0	0.0	363573	0.0
fam643	nan	nan	nan	0.0	0.0	0.0	0.0	0.0	0.0	640397	0.0
fam62	nan	nan	nan	0.0	0.0	0.0	0.0	0.0	0.0	62399	0.0
fam922	nan	nan	nan	0.0	0.0	0.0	0.0	0.0	0.0	344076	0.0
fam494	nan	nan	nan	0.0	0.0	0.0	0.0	0.0	0.0	500774	0.0
fam651	nan	nan	nan	0.0	0.0	0.0	0.0	0.0	0.0	651880	0.0
fam870	nan	nan	nan	0.0	0.0	0.0	0.0	0.0	0.0	398121	0.0
fam910	nan	nan	nan	0.0	0.0	0.0	0.0	0.0	0.0	354947	0.0
fam150	nan	nan	nan	0.0	0.0	0.0	0.0	0.0	0.0	152253	0.0
fam508	nan	nan	nan	0.0	0.0	0.0	0.0	0.0	0.0	513036	0.0
fam155	nan	nan	nan	0.0	0.0	0.0	0.0	0.0	0.0	160519	0.036075036075036065
fam179	nan	nan	nan	0.0	0.0	0.0	0.0	0.0	0.0	181350	0.0
fam885	nan	nan	nan	0.0	0.0	0.0	0.0	0.0	0.0	384969	0.0
fam119	nan	nan	nan	0.0	0.0	0.0	0.0	0.0	0.0	119056	0.0
fam1001	nan	nan	nan	0.0	0.0	0.0	0.0	0.0	0.0	275788	0.0
fam174	nan	nan	nan	0.0	0.0	0.0	0.0	0.0	0.0	175599	0.0
fam1143	nan	nan	nan	0.0	0.0	0.0	0.0	0.0	0.0	126017	0.0
fam933	nan	nan	nan	0.0	0.0	0.0	0.0	0.0	0.0	337649	0.0
fam839	nan	nan	nan	0.0	0.0	0.0	0.0	0.0	0.0	431935	0.0
fam317	nan	nan	nan	0.0	0.0	0.0	0.0	0.0	0.0	335307	0.0
fam568	nan	nan	nan	0.0	0.0	0.0	0.0	0.0	0.0	571742	0.0
fam645	nan	nan	nan	0.0	0.0	0.0	0.0	0.0	0.0	645291	0.0
fam124	nan	nan	nan	0.0	0.0	0.0	0.0	0.0	0.0	124209	0.0
fam732	nan	nan	nan	0.0	0.0	0.0	0.0	0.0	0.0	548489	0.0
fam989	nan	nan	nan	0.0	0.0	0.0	0.0	0.0	0.0	290194	0.0
fam1082	nan	nan	nan	0.0	0.0	0.0	0.0	0.0	0.0	198049	0.0
fam622	nan	nan	nan	0.0	0.0	0.0	0.0	0.0	0.0	623559	0.0
fam1197	nan	nan	nan	0.0	0.0	0.0	0.0	0.0	0.0	59585	0.0
fam531	nan	nan	nan	0.0	0.0	0.0	0.0	0.0	0.0	536384	0.0
fam507	nan	nan	nan	0.0	0.0	0.0	0.0	0.0	0.0	512434	0.0
fam157	nan	nan	nan	0.0	0.0	0.0	0.0	0.0	0.0	161752	0.0
fam646	nan	nan	nan	0.0	0.0	0.0	0.0	0.0	0.0	645987	0.0
fam504	nan	nan	nan	0.0	0.0	0.0	0.0	0.0	0.0	509087	0.0
fam363	nan	nan	nan	0.0	0.0	0.0	0.0	0.0	0.0	378449	0.0
fam233	nan	nan	nan	0.0	0.0	0.0	0.0	0.0	0.0	246455	0.0
fam530	nan	nan	nan	0.0	0.0	0.0	0.0	0.0	0.0	534970	0.0
fam1145	nan	nan	nan	0.0	0.0	0.0	0.0	0.0	0.0	124018	0.0
fam229	nan	nan	nan	0.0	0.0	0.0	0.0	0.0	0.0	240100	0.0
fam488	nan	nan	nan	0.0	0.0	0.0	0.0	0.0	0.0	491772	0.0
fam116	nan	nan	nan	0.0	0.0	0.0	0.0	0.0	0.0	110486	0.0
fam69	nan	nan	nan	0.0	0.0	0.0	0.0	0.0	0.0	69045	0.0
fam1009	nan	nan	nan	0.0	0.0	0.0	0.0	0.0	0.0	267364	0.0
fam222	nan	nan	nan	0.0	0.0	0.0	0.0	0.0	0.0	232755	0.0
fam942	nan	nan	nan	0.0	0.0	0.0	0.0	0.0	0.0	334064	0.0
fam1050	nan	nan	nan	0.0	0.0	0.0	0.0	0.0	0.0	222692	0.0
fam949	nan	nan	nan	0.0	0.0	0.0	0.0	0.0	0.0	330577	0.0
fam1221	nan	nan	nan	0.0	0.0	0.0	0.0	0.0	0.0	32352	0.0
fam74	nan	nan	nan	0.0	0.0	0.0	0.0	0.0	0.0	74847	0.0
fam983	nan	nan	nan	0.0	0.0	0.0	0.0	0.0	0.0	297545	0.0
fam868	nan	nan	nan	0.0	0.0	0.0	0.0	0.0	0.0	399140	0.0
fam835	nan	nan	nan	0.0	0.0	0.0	0.0	0.0	0.0	435728	0.0
fam93	nan	nan	nan	0.0	0.0	0.0	0.0	0.0	0.0	90146	0.0
fam176	nan	nan	nan	0.0	0.0	0.0	0.0	0.0	0.0	178179	0.0
fam1242	nan	nan	nan	0.0	0.0	0.0	0.0	0.0	0.0	13038	0.0
fam817	nan	nan	nan	0.0	0.0	0.0	0.0	0.0	0.0	453892	0.0
fam287	nan	nan	nan	0.0	0.0	0.0	0.0	0.0	0.0	305380	0.0
fam225	nan	nan	nan	0.0	0.0	0.0	0.0	0.0	0.0	237807	0.0
fam262	nan	nan	nan	0.0	0.0	0.0	0.0	0.0	0.0	276074	0.0
fam1046	nan	nan	nan	0.0	0.0	0.0	0.0	0.0	0.0	227463	0.0
fam271	nan	nan	nan	0.0	0.0	0.0	0.0	0.0	0.0	286363	0.0
fam1067	nan	nan	nan	0.0	0.0	0.0	0.0	0.0	0.0	209404	0.0
fam374	nan	nan	nan	0.0	0.0	0.0	0.0	0.0	0.0	389568	0.0
fam256	nan	nan	nan	0.0	0.0	0.0	0.0	0.0	0.0	268715	0.0
fam518	nan	nan	nan	0.0	0.0	0.0	0.0	0.0	0.0	523433	0.0
fam1215	nan	nan	nan	0.0	0.0	0.0	0.0	0.0	0.0	41416	0.0
fam1193	nan	nan	nan	0.0	0.0	0.0	0.0	0.0	0.0	66982	0.0
fam964	nan	nan	nan	0.0	0.0	0.0	0.0	0.0	0.0	317648	0.0
fam258	nan	nan	nan	0.0	0.0	0.0	0.0	0.0	0.0	271362	0.0
fam846	nan	nan	nan	0.0	0.0	0.0	0.0	0.0	0.0	425412	0.0
fam1091	nan	nan	nan	0.0	0.0	0.0	0.0	0.0	0.0	186069	0.0
fam1002	nan	nan	nan	0.0	0.0	0.0	0.0	0.0	0.0	273883	0.0
fam1172	nan	nan	nan	0.0	0.0	0.0	0.0	0.0	0.0	84860	0.0
fam581	nan	nan	nan	0.0	0.0	0.0	0.0	0.0	0.0	584821	0.0
fam833	nan	nan	nan	0.0	0.0	0.0	0.0	0.0	0.0	438735	0.0
fam794	nan	nan	nan	0.0	0.0	0.0	0.0	0.0	0.0	475930	0.0
fam162	nan	nan	nan	0.0	0.0	0.0	0.0	0.0	0.0	166465	0.0
fam948	nan	nan	nan	0.0	0.0	0.0	0.0	0.0	0.0	330895	0.0
fam1120	nan	nan	nan	0.0	0.0	0.0	0.0	0.0	0.0	156212	0.0
fam1231	nan	nan	nan	0.0	0.0	0.0	0.0	0.0	0.0	23411	0.0
fam1049	nan	nan	nan	0.0	0.0	0.0	0.0	0.0	0.0	223161	0.0
fam254	nan	nan	nan	0.0	0.0	0.0	0.0	0.0	0.0	267857	0.0
fam475	nan	nan	nan	0.0	0.0	0.0	0.0	0.0	0.0	483396	0.0
fam796	nan	nan	nan	0.0	0.0	0.0	0.0	0.0	0.0	472963	0.0
fam15	nan	nan	nan	0.0	0.0	0.0	0.0	0.0	0.0	15017	0.0
fam559	nan	nan	nan	0.0	0.0	0.0	0.0	0.0	0.0	565771	0.0
fam17	nan	nan	nan	0.0	0.0	0.0	0.0	0.0	0.0	16598	0.0
fam1130	nan	nan	nan	0.0	0.0	0.0	0.0	0.0	0.0	141656	0.0
fam90	nan	nan	nan	0.0	0.0	0.0	0.0	0.0	0.0	87131	0.0
fam1048	nan	nan	nan	0.0	0.0	0.0	0.0	0.0	0.0	226018	0.0
fam603	nan	nan	nan	0.0	0.0	0.0	0.0	0.0	0.0	602969	0.0
fam300	nan	nan	nan	0.0	0.0	0.0	0.0	0.0	0.0	318834	0.0
fam576	nan	nan	nan	0.0	0.0	0.0	0.0	0.0	0.0	577730	0.0
fam1183	nan	nan	nan	0.0	0.0	0.0	0.0	0.0	0.0	76082	0.0
fam1237	nan	nan	nan	0.0	0.0	0.0	0.0	0.0	0.0	18351	0.0
fam200	nan	nan	nan	0.0	0.0	0.0	0.0	0.0	0.0	210170	0.0
fam274	nan	nan	nan	0.0	0.0	0.0	0.0	0.0	0.0	287152	0.0
fam563	nan	nan	nan	0.0	0.0	0.0	0.0	0.0	0.0	568192	0.0
fam463	nan	nan	nan	0.0	0.0	0.0	0.0	0.0	0.0	468398	0.0
fam360	nan	nan	nan	0.0	0.0	0.0	0.0	0.0	0.0	377184	0.0
fam939	nan	nan	nan	0.0	0.0	0.0	0.0	0.0	0.0	335352	0.0
fam77	nan	nan	nan	0.0	0.0	0.0	0.0	0.0	0.0	76129	0.0
fam647	nan	nan	nan	0.0	0.0	0.0	0.0	0.0	0.0	648347	0.0
fam802	nan	nan	nan	0.0	0.0	0.0	0.0	0.0	0.0	466967	0.0
fam444	nan	nan	nan	0.0	0.0	0.0	0.0	0.0	0.0	446773	0.0
fam705	nan	nan	nan	0.0	0.0	0.0	0.0	0.0	0.0	706035	0.0
fam1238	nan	nan	nan	0.0	0.0	0.0	0.0	0.0	0.0	17409	0.0
fam185	nan	nan	nan	0.0	0.0	0.0	0.0	0.0	0.0	185152	0.0
fam1058	nan	nan	nan	0.0	0.0	0.0	0.0	0.0	0.0	215379	0.0
fam803	nan	nan	nan	0.0	0.0	0.0	0.0	0.0	0.0	465546	0.0
fam460	nan	nan	nan	0.0	0.0	0.0	0.0	0.0	0.0	464651	0.0
fam526	nan	nan	nan	0.0	0.0	0.0	0.0	0.0	0.0	530567	0.0
fam789	nan	nan	nan	0.0	0.0	0.0	0.0	0.0	0.0	482526	0.0
fam1029	nan	nan	nan	0.0	0.0	0.0	0.0	0.0	0.0	245352	0.0
fam1142	nan	nan	nan	0.0	0.0	0.0	0.0	0.0	0.0	128818	0.0
fam216	nan	nan	nan	0.0	0.0	0.0	0.0	0.0	0.0	225110	0.0
fam864	nan	nan	nan	0.0	0.0	0.0	0.0	0.0	0.0	404424	0.0
fam625	nan	nan	nan	0.0	0.0	0.0	0.0	0.0	0.0	626895	0.0
fam348	nan	nan	nan	0.0	0.0	0.0	0.0	0.0	0.0	365636	0.0
fam750	nan	nan	nan	0.0	0.0	0.0	0.0	0.0	0.0	529196	0.0
fam372	nan	nan	nan	0.0	0.0	0.0	0.0	0.0	0.0	385602	0.0
fam984	nan	nan	nan	0.0	0.0	0.0	0.0	0.0	0.0	295203	0.0
fam1028	nan	nan	nan	0.0	0.0	0.0	0.0	0.0	0.0	246210	0.0
fam484	nan	nan	nan	0.0	0.0	0.0	0.0	0.0	0.0	489027	0.0
fam791	nan	nan	nan	0.0	0.0	0.0	0.0	0.0	0.0	480818	0.0
fam556	nan	nan	nan	0.0	0.0	0.0	0.0	0.0	0.0	563617	0.0
fam41	nan	nan	nan	0.0	0.0	0.0	0.0	0.0	0.0	41991	0.0
fam1018	nan	nan	nan	0.0	0.0	0.0	0.0	0.0	0.0	258330	0.0
fam578	nan	nan	nan	0.0	0.0	0.0	0.0	0.0	0.0	581327	0.0
fam1240	nan	nan	nan	0.0	0.0	0.0	0.0	0.0	0.0	14404	0.0
fam399	nan	nan	nan	0.0	0.0	0.0	0.0	0.0	0.0	411741	0.0
fam457	nan	nan	nan	0.0	0.0	0.0	0.0	0.0	0.0	461112	0.0
fam524	nan	nan	nan	0.0	0.0	0.0	0.0	0.0	0.0	528986	0.0
fam1182	nan	nan	nan	0.0	0.0	0.0	0.0	0.0	0.0	76968	0.0
fam821	nan	nan	nan	0.0	0.0	0.0	0.0	0.0	0.0	452463	0.0
fam78	nan	nan	nan	0.0	0.0	0.0	0.0	0.0	0.0	76523	0.0
fam1241	nan	nan	nan	0.0	0.0	0.0	0.0	0.0	0.0	13778	0.0
fam318	nan	nan	nan	0.0	0.0	0.0	0.0	0.0	0.0	336225	0.0
fam608	nan	nan	nan	0.0	0.0	0.0	0.0	0.0	0.0	606358	0.0
fam36	nan	nan	nan	0.0	0.0	0.0	0.0	0.0	0.0	38238	0.0
fam16	nan	nan	nan	0.0	0.0	0.0	0.0	0.0	0.0	15657	0.0
fam352	nan	nan	nan	0.0	0.0	0.0	0.0	0.0	0.0	368493	0.0
fam751	nan	nan	nan	0.0	0.0	0.0	0.0	0.0	0.0	528962	0.0
fam1041	nan	nan	nan	0.0	0.0	0.0	0.0	0.0	0.0	232843	0.0
fam283	nan	nan	nan	0.0	0.0	0.0	0.0	0.0	0.0	302509	0.0
fam294	nan	nan	nan	0.0	0.0	0.0	0.0	0.0	0.0	312267	0.0
fam720	nan	nan	nan	0.0	0.0	0.0	0.0	0.0	0.0	719777	0.0
fam963	nan	nan	nan	0.0	0.0	0.0	0.0	0.0	0.0	318374	0.0
fam252	nan	nan	nan	0.0	0.0	0.0	0.0	0.0	0.0	266717	0.0
fam611	nan	nan	nan	0.0	0.0	0.0	0.0	0.0	0.0	610199	0.0
fam278	nan	nan	nan	0.0	0.0	0.0	0.0	0.0	0.0	294975	0.0
fam709	nan	nan	nan	0.0	0.0	0.0	0.0	0.0	0.0	709142	0.0
fam743	nan	nan	nan	0.0	0.0	0.0	0.0	0.0	0.0	534425	0.0
fam928	nan	nan	nan	0.0	0.0	0.0	0.0	0.0	0.0	339796	0.0
fam1077	nan	nan	nan	0.0	0.0	0.0	0.0	0.0	0.0	202136	0.0
fam1075	nan	nan	nan	0.0	0.0	0.0	0.0	0.0	0.0	202827	0.0
fam798	nan	nan	nan	0.0	0.0	0.0	0.0	0.0	0.0	470657	0.0
fam126	nan	nan	nan	0.0	0.0	0.0	0.0	0.0	0.0	126218	0.0
fam112	nan	nan	nan	0.0	0.0	0.0	0.0	0.0	0.0	107622	0.0
fam295	nan	nan	nan	0.0	0.0	0.0	0.0	0.0	0.0	313709	0.0267639902676399
fam769	nan	nan	nan	0.0	0.0	0.0	0.0	0.0	0.0	507422	0.0
fam887	nan	nan	nan	0.0	0.0	0.0	0.0	0.0	0.0	382011	0.0
fam513	nan	nan	nan	0.0	0.0	0.0	0.0	0.0	0.0	516186	0.0
fam1013	nan	nan	nan	0.0	0.0	0.0	0.0	0.0	0.0	263160	0.0
fam491	nan	nan	nan	0.0	0.0	0.0	0.0	0.0	0.0	496895	0.0
fam1122	nan	nan	nan	0.0	0.0	0.0	0.0	0.0	0.0	153453	0.0
fam722	nan	nan	nan	0.0	0.0	0.0	0.0	0.0	0.0	559279	0.0
fam703	nan	nan	nan	0.0	0.0	0.0	0.0	0.0	0.0	705701	0.0
fam1094	nan	nan	nan	0.0	0.0	0.0	0.0	0.0	0.0	183950	0.0
fam115	nan	nan	nan	0.0	0.0	0.0	0.0	0.0	0.0	110076	0.0
fam497	nan	nan	nan	0.0	0.0	0.0	0.0	0.0	0.0	503913	0.0
fam35	nan	nan	nan	0.0	0.0	0.0	0.0	0.0	0.0	37995	0.0
fam619	nan	nan	nan	0.0	0.0	0.0	0.0	0.0	0.0	617927	0.0
fam213	nan	nan	nan	0.0	0.0	0.0	0.0	0.0	0.0	223212	0.0
fam1219	nan	nan	nan	0.0	0.0	0.0	0.0	0.0	0.0	33803	0.0
fam873	nan	nan	nan	0.0	0.0	0.0	0.0	0.0	0.0	395751	0.0
fam1071	nan	nan	nan	0.0	0.0	0.0	0.0	0.0	0.0	206921	0.0
fam923	nan	nan	nan	0.0	0.0	0.0	0.0	0.0	0.0	343647	0.0
fam26	nan	nan	nan	0.0	0.0	0.0	0.0	0.0	0.0	31378	0.0
fam277	nan	nan	nan	0.0	0.0	0.0	0.0	0.0	0.0	289397	0.0
fam510	nan	nan	nan	0.0	0.0	0.0	0.0	0.0	0.0	514731	0.0
fam422	nan	nan	nan	0.0	0.0	0.0	0.0	0.0	0.0	430416	0.0
fam1180	nan	nan	nan	0.0	0.0	0.0	0.0	0.0	0.0	78186	0.0
fam610	nan	nan	nan	0.0	0.0	0.0	0.0	0.0	0.0	609074	0.0
fam659	nan	nan	nan	0.0	0.0	0.0	0.0	0.0	0.0	662883	0.0
fam775	nan	nan	nan	0.0	0.0	0.0	0.0	0.0	0.0	500616	0.0
fam130	nan	nan	nan	0.0	0.0	0.0	0.0	0.0	0.0	128689	0.0
fam1146	nan	nan	nan	0.0	0.0	0.0	0.0	0.0	0.0	122875	0.0
fam148	nan	nan	nan	0.0	0.0	0.0	0.0	0.0	0.0	146499	0.0
fam786	nan	nan	nan	0.0	0.0	0.0	0.0	0.0	0.0	484930	0.0
fam1061	nan	nan	nan	0.0	0.0	0.0	0.0	0.0	0.0	213462	0.0
fam329	nan	nan	nan	0.0	0.0	0.0	0.0	0.0	0.0	346635	0.0
fam470	nan	nan	nan	0.0	0.0	0.0	0.0	0.0	0.0	476421	0.0
fam246	nan	nan	nan	0.0	0.0	0.0	0.0	0.0	0.0	259524	0.0
fam890	nan	nan	nan	0.0	0.0	0.0	0.0	0.0	0.0	380701	0.0
fam48	nan	nan	nan	0.0	0.0	0.0	0.0	0.0	0.0	47330	0.0
fam65	nan	nan	nan	0.0	0.0	0.0	0.0	0.0	0.0	66858	0.0
fam853	nan	nan	nan	0.0	0.0	0.0	0.0	0.0	0.0	417137	0.0
fam2	nan	nan	nan	0.0	0.0	0.0	0.0	0.0	0.0	1245	0.0
fam1069	nan	nan	nan	0.0	0.0	0.0	0.0	0.0	0.0	208109	0.0
fam68	nan	nan	nan	0.0	0.0	0.0	0.0	0.0	0.0	68154	0.0
fam1104	nan	nan	nan	0.0	0.0	0.0	0.0	0.0	0.0	175707	0.0
fam969	nan	nan	nan	0.0	0.0	0.0	0.0	0.0	0.0	311788	0.0
fam60	nan	nan	nan	0.0	0.0	0.0	0.0	0.0	0.0	61290	0.0
fam320	nan	nan	nan	0.0	0.0	0.0	0.0	0.0	0.0	337584	0.0
fam88	nan	nan	nan	0.0	0.0	0.0	0.0	0.0	0.0	85520	0.0
fam778	nan	nan	nan	0.0	0.0	0.0	0.0	0.0	0.0	497931	0.0
fam1233	nan	nan	nan	0.0	0.0	0.0	0.0	0.0	0.0	21981	0.0
fam944	nan	nan	nan	0.0	0.0	0.0	0.0	0.0	0.0	333416	0.0
fam597	nan	nan	nan	0.0	0.0	0.0	0.0	0.0	0.0	597790	0.0
fam1164	nan	nan	nan	0.0	0.0	0.0	0.0	0.0	0.0	101553	0.0
fam400	nan	nan	nan	0.0	0.0	0.0	0.0	0.0	0.0	412467	0.0
fam248	nan	nan	nan	0.0	0.0	0.0	0.0	0.0	0.0	261492	0.0
fam630	nan	nan	nan	0.0	0.0	0.0	0.0	0.0	0.0	630397	0.0
fam1110	nan	nan	nan	0.0	0.0	0.0	0.0	0.0	0.0	169847	0.0
fam1101	nan	nan	nan	0.0	0.0	0.0	0.0	0.0	0.0	178011	0.0
fam671	nan	nan	nan	0.0	0.0	0.0	0.0	0.0	0.0	674965	0.0
fam357	nan	nan	nan	0.0	0.0	0.0	0.0	0.0	0.0	373414	0.0
fam1207	nan	nan	nan	0.0	0.0	0.0	0.0	0.0	0.0	48471	0.0
fam503	nan	nan	nan	0.0	0.0	0.0	0.0	0.0	0.0	508021	0.0
fam886	nan	nan	nan	0.0	0.0	0.0	0.0	0.0	0.0	382577	0.0
fam1214	nan	nan	nan	0.0	0.0	0.0	0.0	0.0	0.0	43132	0.0
fam771	nan	nan	nan	0.0	0.0	0.0	0.0	0.0	0.0	503106	0.0
fam631	nan	nan	nan	0.0	0.0	0.0	0.0	0.0	0.0	630615	0.0
fam1179	nan	nan	nan	0.0	0.0	0.0	0.0	0.0	0.0	78837	0.0
fam25	nan	nan	nan	0.0	0.0	0.0	0.0	0.0	0.0	30905	0.0
fam253	nan	nan	nan	0.0	0.0	0.0	0.0	0.0	0.0	267379	0.0
fam1042	nan	nan	nan	0.0	0.0	0.0	0.0	0.0	0.0	232274	0.0
fam153	nan	nan	nan	0.0	0.0	0.0	0.0	0.0	0.0	159912	0.0
fam432	nan	nan	nan	0.0	0.0	0.0	0.0	0.0	0.0	438900	0.0
fam371	nan	nan	nan	0.0	0.0	0.0	0.0	0.0	0.0	383464	0.0
fam655	nan	nan	nan	0.0	0.0	0.0	0.0	0.0	0.0	656353	0.0
fam84	nan	nan	nan	0.0	0.0	0.0	0.0	0.0	0.0	81107	0.0
fam1084	nan	nan	nan	0.0	0.0	0.0	0.0	0.0	0.0	196033	0.0
fam100	nan	nan	nan	0.0	0.0	0.0	0.0	0.0	0.0	93755	0.0
fam23	nan	nan	nan	0.0	0.0	0.0	0.0	0.0	0.0	29742	0.0
fam1105	nan	nan	nan	0.0	0.0	0.0	0.0	0.0	0.0	174514	0.0
fam1054	nan	nan	nan	0.0	0.0	0.0	0.0	0.0	0.0	220445	0.0
fam18	nan	nan	nan	0.0	0.0	0.0	0.0	0.0	0.0	17905	0.0
fam356	nan	nan	nan	0.0	0.0	0.0	0.0	0.0	0.0	372691	0.0
fam758	nan	nan	nan	0.0	0.0	0.0	0.0	0.0	0.0	518945	0.0
fam847	nan	nan	nan	0.0	0.0	0.0	0.0	0.0	0.0	424737	0.0
fam285	nan	nan	nan	0.0	0.0	0.0	0.0	0.0	0.0	303224	0.0
fam679	nan	nan	nan	0.0	0.0	0.0	0.0	0.0	0.0	681772	0.0
fam1085	nan	nan	nan	0.0	0.0	0.0	0.0	0.0	0.0	195683	0.0
fam899	0.0	0.0	0.0	0.0	0.0	0.0	0.00046666666666666666	0.0	0.0010434983894999016	370709	0.00010808473843493298
fam1087	nan	nan	nan	0.0	0.0	0.0	0.0	0.0	0.0	190565	0.0
fam328	nan	nan	nan	0.0	0.0	0.0	0.0	0.0	0.0	346014	0.0
fam937	nan	nan	nan	0.0	0.0	0.0	0.0	0.0	0.0	336029	0.0
fam431	nan	nan	nan	0.0	0.0	0.0	0.0	0.0	0.0	438355	0.0
fam350	nan	nan	nan	0.0	0.0	0.0	0.0	0.0	0.0	367404	0.0
fam102	nan	nan	nan	0.0	0.0	0.0	0.0	0.0	0.0	96377	0.0
fam907	nan	nan	nan	0.0	0.0	0.0	0.0	0.0	0.0	357651	0.0
fam706	nan	nan	nan	0.0	0.0	0.0	0.0	0.0	0.0	707437	0.0
fam445	nan	nan	nan	0.0	0.0	0.0	0.0	0.0	0.0	446909	0.0
fam293	nan	nan	nan	0.0	0.0	0.0	0.0	0.0	0.0	311733	0.0
fam708	nan	nan	nan	0.0	0.0	0.0	0.0	0.0	0.0	708871	0.0
fam617	nan	nan	nan	0.0	0.0	0.0	0.0	0.0	0.0	614998	0.0
fam40	nan	nan	nan	0.0	0.0	0.0	0.0	0.0	0.0	41236	0.0
fam71	nan	nan	nan	0.0	0.0	0.0	0.0	0.0	0.0	71574	0.0
fam345	nan	nan	nan	0.0	0.0	0.0	0.0	0.0	0.0	362359	0.0
fam1253	nan	nan	nan	0.0	0.0	0.0	0.0	0.0	0.0	4747	0.0
fam536	nan	nan	nan	0.0	0.0	0.0	0.0	0.0	0.0	540941	0.0
fam682	nan	nan	nan	0.0	0.0	0.0	0.0	0.0	0.0	683408	0.0
fam489	nan	nan	nan	0.0	0.0	0.0	0.0	0.0	0.0	494517	0.0
fam957	nan	nan	nan	0.0	0.0	0.0	0.0	0.0	0.0	325137	0.0
fam31	nan	nan	nan	0.0	0.0	0.0	0.0	0.0	0.0	33759	0.0
fam589	nan	nan	nan	0.0	0.0	0.0	0.0	0.0	0.0	591630	0.0
fam661	nan	nan	nan	0.0	0.0	0.0	0.0	0.0	0.0	665227	0.0
fam137	nan	nan	nan	0.0	0.0	0.0	0.0	0.0	0.0	133702	0.0
fam801	nan	nan	nan	0.0	0.0	0.0	0.0	0.0	0.0	468535	0.0
fam275	nan	nan	nan	0.0	0.0	0.0	0.0	0.0	0.0	287891	0.0
fam1152	nan	nan	nan	0.0	0.0	0.0	0.0	0.0	0.0	111815	0.0
fam481	nan	nan	nan	0.0	0.0	0.0	0.0	0.0	0.0	486601	0.0
fam1212	nan	nan	nan	0.0	0.0	0.0	0.0	0.0	0.0	44962	0.0
fam1224	nan	nan	nan	0.0	0.0	0.0	0.0	0.0	0.0	29960	0.0
fam1057	nan	nan	nan	0.0	0.0	0.0	0.0	0.0	0.0	215988	0.0
fam664	nan	nan	nan	0.0	0.0	0.0	0.0	0.0	0.0	666831	0.0
fam542	nan	nan	nan	0.0	0.0	0.0	0.0	0.0	0.0	545661	0.0
fam386	nan	nan	nan	0.0	0.0	0.0	0.0	0.0	0.0	398739	0.0
fam1227	nan	nan	nan	0.0	0.0	0.0	0.0	0.0	0.0	27201	0.0
fam249	nan	nan	nan	0.0	0.0	0.0	0.0	0.0	0.0	262946	0.0
fam931	nan	nan	nan	0.0	0.0	0.0	0.0	0.0	0.0	338572	0.0
fam766	nan	nan	nan	0.0	0.0	0.0	0.0	0.0	0.0	510145	0.0
fam129	nan	nan	nan	0.0	0.0	0.0	0.0	0.0	0.0	127929	0.0
fam471	nan	nan	nan	0.0	0.0	0.0	0.0	0.0	0.0	476752	0.0
fam959	nan	nan	nan	0.0	0.0	0.0	0.0	0.0	0.0	322388	0.0
fam527	0.0	0.0	0.0	0.0	0.0	0.0	0.0012166666666666667	0.0	0.002720549372624744	531183	0.00027367268746579087
fam143	nan	nan	nan	0.0	0.0	0.0	0.0	0.0	0.0	137573	0.0
fam453	nan	nan	nan	0.0	0.0	0.0	0.0	0.0	0.0	459053	0.0
fam827	nan	nan	nan	0.0	0.0	0.0	0.0	0.0	0.0	444731	0.0
fam717	nan	nan	nan	0.0	0.0	0.0	0.0	0.0	0.0	717921	0.0
fam741	nan	nan	nan	0.0	0.0	0.0	0.0	0.0	0.0	536208	0.0
fam851	nan	nan	nan	0.0	0.0	0.0	0.0	0.0	0.0	420169	0.0
fam1138	nan	nan	nan	0.0	0.0	0.0	0.0	0.0	0.0	133595	0.0
fam574	nan	nan	nan	0.0	0.0	0.0	0.0	0.0	0.0	575199	0.0
fam512	nan	nan	nan	0.0	0.0	0.0	0.0	0.0	0.0	515640	0.0
fam6	nan	nan	nan	0.0	0.0	0.0	0.0	0.0	0.0	6123	0.0
fam465	nan	nan	nan	0.0	0.0	0.0	0.0	0.0	0.0	470063	0.0
fam406	nan	nan	nan	0.0	0.0	0.0	0.0	0.0	0.0	418366	0.0
fam598	nan	nan	nan	0.0	0.0	0.0	0.0	0.0	0.0	599991	0.0
fam1163	nan	nan	nan	0.0	0.0	0.0	0.0	0.0	0.0	102212	0.0
fam430	nan	nan	nan	0.0	0.0	0.0	0.0	0.0	0.0	438003	0.0
fam438	nan	nan	nan	0.0	0.0	0.0	0.0	0.0	0.0	442975	0.0
fam540	nan	nan	nan	0.0	0.0	0.0	0.0	0.0	0.0	544134	0.0
fam1062	nan	nan	nan	0.0	0.0	0.0	0.0	0.0	0.0	213241	0.0
fam404	nan	nan	nan	0.0	0.0	0.0	0.0	0.0	0.0	416623	0.0
fam888	nan	nan	nan	0.0	0.0	0.0	0.0	0.0	0.0	381321	0.0
fam805	nan	nan	nan	0.0	0.0	0.0	0.0	0.0	0.0	463008	0.0
fam893	nan	nan	nan	0.0	0.0	0.0	0.0	0.0	0.0	376360	0.0
fam1098	nan	nan	nan	0.0	0.0	0.0	0.0	0.0	0.0	181474	0.0
fam1033	nan	nan	nan	0.0	0.0	0.0	0.0	0.0	0.0	240417	0.0
fam73	nan	nan	nan	0.0	0.0	0.0	0.0	0.0	0.0	72982	0.0
fam117	0.0	0.0	0.0	0.0	0.0	0.0	0.003316666666666667	0.0	0.0074162921253743035	111039	0.0005555555555555556
fam694	nan	nan	nan	0.0	0.0	0.0	0.0	0.0	0.0	697587	0.0
fam849	nan	nan	nan	0.0	0.0	0.0	0.0	0.0	0.0	421969	0.0
fam30	nan	nan	nan	0.0	0.0	0.0	0.0	0.0	0.0	32813	0.0
fam1185	nan	nan	nan	0.0	0.0	0.0	0.0	0.0	0.0	73968	0.0
fam738	nan	nan	nan	0.0	0.0	0.0	0.0	0.0	0.0	538801	0.0077118490292142974
fam1036	nan	nan	nan	0.0	0.0	0.0	0.0	0.0	0.0	236600	0.0
fam187	0.0	0.0	0.0	0.0	0.0	0.0	0.00018333333333333334	0.0	0.0004099457958749615	194572	4.049238743116294e-05
fam577	nan	nan	nan	0.0	0.0	0.0	0.0	0.0	0.0	580183	0.0
fam1135	nan	nan	nan	0.0	0.0	0.0	0.0	0.0	0.0	138197	0.0
fam858	nan	nan	nan	0.0	0.0	0.0	0.0	0.0	0.0	409227	0.0
fam767	nan	nan	nan	0.0	0.0	0.0	0.0	0.0	0.0	508906	0.0
fam86	nan	nan	nan	0.0	0.0	0.0	0.0	0.0	0.0	83089	0.0
fam263	nan	nan	nan	0.0	0.0	0.0	0.0	0.0	0.0	276717	0.0
fam1252	nan	nan	nan	0.0	0.0	0.0	0.0	0.0	0.0	5570	0.0
fam448	nan	nan	nan	0.0	0.0	0.0	0.0	0.0	0.0	451654	0.0
fam94	nan	nan	nan	0.0	0.0	0.0	0.0	0.0	0.0	91191	0.0
fam240	nan	nan	nan	0.0	0.0	0.0	0.0	0.0	0.0	254272	0.0
fam166	nan	nan	nan	0.0	0.0	0.0	0.0	0.0	0.0	168866	0.0
fam770	nan	nan	nan	0.0	0.0	0.0	0.0	0.0	0.0	504856	0.0
fam428	nan	nan	nan	0.0	0.0	0.0	0.0	0.0	0.0	435052	0.0
fam812	nan	nan	nan	0.0	0.0	0.0	0.0	0.0	0.0	457969	0.0
fam648	nan	nan	nan	0.0	0.0	0.0	0.0	0.0	0.0	648837	0.0
fam943	nan	nan	nan	0.0	0.0	0.0	0.0	0.0	0.0	333703	0.0
fam351	nan	nan	nan	0.0	0.0	0.0	0.0	0.0	0.0	367938	0.0
fam764	nan	nan	nan	0.0	0.0	0.0	0.0	0.0	0.0	511292	0.0
fam1159	nan	nan	nan	0.0	0.0	0.0	0.0	0.0	0.0	105136	0.0
fam752	nan	nan	nan	0.0	0.0	0.0	0.0	0.0	0.0	527130	0.0
fam53	nan	nan	nan	0.0	0.0	0.0	0.0	0.0	0.0	53574	0.0
fam965	nan	nan	nan	0.0	0.0	0.0	0.0	0.0	0.0	317002	0.0
fam89	nan	nan	nan	0.0	0.0	0.0	0.0	0.0	0.0	86284	0.0
fam1181	nan	nan	nan	0.0	0.0	0.0	0.0	0.0	0.0	77489	0.0
fam474	nan	nan	nan	0.0	0.0	0.0	0.0	0.0	0.0	480703	0.0
fam302	0.0	0.0	0.0	0.0	0.0	0.0	0.0006166666666666666	0.0	0.0013789085861248703	322518	0.00012183235867446393
fam1059	nan	nan	nan	0.0	0.0	0.0	0.0	0.0	0.0	214934	0.0
fam1025	nan	nan	nan	0.0	0.0	0.0	0.0	0.0	0.0	248755	0.0
fam142	nan	nan	nan	0.0	0.0	0.0	0.0	0.0	0.0	136556	0.0
fam19	nan	nan	nan	0.0	0.0	0.0	0.0	0.0	0.0	22668	0.0
fam209	nan	nan	nan	0.0	0.0	0.0	0.0	0.0	0.0	219205	0.0
fam212	nan	nan	nan	0.0	0.0	0.0	0.0	0.0	0.0	222088	0.0
fam620	nan	nan	nan	0.0	0.0	0.0	0.0	0.0	0.0	619966	0.0
fam123	nan	nan	nan	0.0	0.0	0.0	0.0	0.0	0.0	122513	0.0
fam322	nan	nan	nan	0.0	0.0	0.0	0.0	0.0	0.0	338684	0.0
fam247	nan	nan	nan	0.0	0.0	0.0	0.0	0.0	0.0	260592	0.0
fam975	nan	nan	nan	0.0	0.0	0.0	0.0	0.0	0.0	304452	0.0
fam1060	nan	nan	nan	0.0	0.0	0.0	0.0	0.0	0.0	213982	0.0
fam436	nan	nan	nan	0.0	0.0	0.0	0.0	0.0	0.0	442097	0.0
fam426	nan	nan	nan	0.0	0.0	0.0	0.0	0.0	0.0	432111	0.0
fam1206	nan	nan	nan	0.0	0.0	0.0	0.0	0.0	0.0	50462	0.0
fam9	nan	nan	nan	0.0	0.0	0.0	0.0	0.0	0.0	8894	0.0
fam1244	nan	nan	nan	0.0	0.0	0.0	0.0	0.0	0.0	12025	0.0
fam1123	nan	nan	nan	0.0	0.0	0.0	0.0	0.0	0.0	151774	0.0
fam109	nan	nan	nan	0.0	0.0	0.0	0.0	0.0	0.0	105298	0.0
fam330	nan	nan	nan	0.0	0.0	0.0	0.0	0.0	0.0	347146	0.0
fam1016	nan	nan	nan	0.0	0.0	0.0	0.0	0.0	0.0	259543	0.0
fam416	nan	nan	nan	0.0	0.0	0.0	0.0	0.0	0.0	426100	0.0
fam181	nan	nan	nan	0.0	0.0	0.0	0.0	0.0	0.0	182565	0.0
fam214	nan	nan	nan	0.0	0.0	0.0	0.0	0.0	0.0	224330	0.0
fam977	nan	nan	nan	0.0	0.0	0.0	0.0	0.0	0.0	302929	0.0
fam707	nan	nan	nan	0.0	0.0	0.0	0.0	0.0	0.0	708381	0.0
fam897	nan	nan	nan	0.0	0.0	0.0	0.0	0.0	0.0	374661	0.0
fam1045	nan	nan	nan	0.0	0.0	0.0	0.0	0.0	0.0	228217	0.0
fam867	nan	nan	nan	0.0006363636363636363	0.0012	0.000598897057890931	0.0	0.0	0.0	399307	0.00048429500484295
fam433	nan	nan	nan	0.0	0.0	0.0	0.0	0.0	0.0	439072	0.0
fam368	nan	nan	nan	0.0	0.0	0.0	0.0	0.0	0.0	382201	0.0
fam1007	nan	nan	nan	0.0	0.0	0.0	0.0	0.0	0.0	269755	0.0
fam919	nan	nan	nan	0.0	0.0	0.0	0.0	0.0	0.0	348985	0.0
fam1157	nan	nan	nan	0.0	0.0	0.0	0.0	0.0	0.0	107080	0.0
fam347	nan	nan	nan	0.0	0.0	0.0	0.0	0.0	0.0	365201	0.0
fam1155	nan	nan	nan	0.0	0.0	0.0	0.0	0.0	0.0	107797	0.0
fam461	nan	nan	nan	0.0	0.0	0.0	0.0	0.0	0.0	465146	0.0
fam1208	nan	nan	nan	0.0	0.0	0.0	0.0	0.0	0.0	47608	0.0
fam1225	nan	nan	nan	0.0	0.0	0.0	0.0	0.0	0.0	28081	0.0
fam639	nan	nan	nan	0.0	0.0	0.0	0.0	0.0	0.0	636578	0.0
fam1055	nan	nan	nan	0.0	0.0	0.0	0.0	0.0	0.0	219195	0.0
fam306	nan	nan	nan	0.0	0.0	0.0	0.0	0.0	0.0	326972	0.0
fam952	nan	nan	nan	0.0	0.0	0.0	0.0	0.0	0.0	329152	0.0
fam1178	nan	nan	nan	0.0	0.0	0.0	0.0	0.0	0.0	79754	0.0
fam7	nan	nan	nan	0.0	0.0	0.0	0.0	0.0	0.0	7219	0.0
fam63	nan	nan	nan	0.0	0.0	0.0	0.0	0.0	0.0	62926	0.0
fam81	nan	nan	nan	0.0	0.0	0.0	0.0	0.0	0.0	77856	0.0
fam1137	nan	nan	nan	0.0	0.0	0.0	0.0	0.0	0.0	134577	0.0
fam575	nan	nan	nan	0.0	0.0	0.0	0.0	0.0	0.0	576439	0.0
fam934	nan	nan	nan	0.0	0.0	0.0	0.0	0.0	0.0	337241	0.0
fam170	nan	nan	nan	0.0	0.0	0.0	0.0	0.0	0.0	173472	0.0
fam616	nan	nan	nan	0.0	0.0	0.0	0.0	0.0	0.0	614502	0.0
fam621	nan	nan	nan	0.0	0.0	0.0	0.0	0.0	0.0	622351	0.0
fam906	nan	nan	nan	0.0	0.0	0.0	0.0	0.0	0.0	362122	0.0
fam877	nan	nan	nan	0.0	0.0	0.0	0.0	0.0	0.0	394412	0.0
fam500	nan	nan	nan	0.0	0.0	0.0	0.0	0.0	0.0	505405	0.0
fam1177	nan	nan	nan	0.0	0.0	0.0	0.0	0.0	0.0	80917	0.0
fam261	nan	nan	nan	0.0	0.0	0.0	0.0	0.0	0.0	275583	0.0
fam164	nan	nan	nan	0.0	0.0	0.0	0.0	0.0	0.0	167529	0.0
fam309	nan	nan	nan	0.0	0.0	0.0	0.0	0.0	0.0	328953	0.0
fam1121	nan	nan	nan	0.0	0.0	0.0	0.0	0.0	0.0	156027	0.0
fam145	nan	nan	nan	0.0	0.0	0.0	0.0	0.0	0.0	138744	0.0
fam607	nan	nan	nan	0.0	0.0	0.0	0.0	0.0	0.0	606209	0.0
fam411	nan	nan	nan	0.0	0.0	0.0	0.0	0.0	0.0	423318	0.0
fam349	nan	nan	nan	0.0	0.0	0.0	0.0	0.0	0.0	366764	0.0
fam869	nan	nan	nan	0.0	0.0	0.0	0.0	0.0	0.0	398880	0.0
fam284	nan	nan	nan	0.0	0.0	0.0	0.0	0.0	0.0	302953	0.0
fam848	nan	nan	nan	0.0	0.0	0.0	0.0	0.0	0.0	422385	0.0
fam1204	nan	nan	nan	0.0	0.0	0.0	0.0	0.0	0.0	53500	0.0
fam38	nan	nan	nan	0.0	0.0	0.0	0.0	0.0	0.0	40104	0.0
fam364	nan	nan	nan	0.0	0.0	0.0	0.0	0.0	0.0	380230	0.0
fam1251	nan	nan	nan	0.0	0.0	0.0	0.0	0.0	0.0	7022	0.0
fam1026	nan	nan	nan	0.0	0.0	0.0	0.0	0.0	0.0	248142	0.0
fam336	nan	nan	nan	0.0	0.0	0.0	0.0	0.0	0.0	355399	0.0
fam702	nan	nan	nan	0.0	0.0	0.0	0.0	0.0	0.0	704943	0.0
fam1063	nan	nan	nan	0.0	0.0	0.0	0.0	0.0	0.0	211902	0.0
fam626	nan	nan	nan	0.0	0.0	0.0	0.0	0.0	0.0	627092	0.0
fam701	nan	nan	nan	0.0	0.0	0.0	0.0	0.0	0.0	703737	0.0
fam784	0.0	0.0	0.0	0.0	0.0	0.0	0.0012166666666666667	0.0	0.002720549372624744	493080	0.00025720164609053495
fam106	nan	nan	nan	0.0	0.0	0.0	0.0	0.0	0.0	102656	0.0
fam1113	nan	nan	nan	0.0	0.0	0.0	0.0	0.0	0.0	167955	0.0
fam612	nan	nan	nan	0.0	0.0	0.0	0.0	0.0	0.0	610582	0.0
fam1217	nan	nan	nan	0.0	0.0	0.0	0.0	0.0	0.0	37635	0.0
fam999	nan	nan	nan	0.0	0.0	0.0	0.0	0.0	0.0	278417	0.0
fam1144	nan	nan	nan	0.0	0.0	0.0	0.0	0.0	0.0	125497	0.0
fam281	nan	nan	nan	0.0	0.0	0.0	0.0	0.0	0.0	299957	0.0
fam961	nan	nan	nan	0.0	0.0	0.0	0.0	0.0	0.0	321376	0.0
fam311	nan	nan	nan	0.0	0.0	0.0	0.0	0.0	0.0	330616	0.0
fam45	nan	nan	nan	0.0	0.0	0.0	0.0	0.0	0.0	44598	0.0
fam936	nan	nan	nan	0.0	0.0	0.0	0.0	0.0	0.0	336358	0.0
fam1202	nan	nan	nan	0.0	0.0	0.0	0.0	0.0	0.0	54713	0.0
fam1235	nan	nan	nan	0.0	0.0	0.0	0.0	0.0	0.0	20166	0.0
fam653	nan	nan	nan	0.0	0.0	0.0	0.0	0.0	0.0	653484	0.0
fam376	nan	nan	nan	0.0	0.0	0.0	0.0	0.0	0.0	390252	0.0
fam402	nan	nan	nan	0.0	0.0	0.0	0.0	0.0	0.0	414195	0.0
fam323	nan	nan	nan	0.0	0.0	0.0	0.0	0.0	0.0	339962	0.0
fam272	nan	nan	nan	0.0	0.0	0.0	0.0	0.0	0.0	286603	0.0
fam331	nan	nan	nan	0.0	0.0	0.0	0.0	0.0	0.0	348330	0.0
fam327	nan	nan	nan	0.0	0.0	0.0	0.0	0.0	0.0	344651	0.0
fam193	nan	nan	nan	0.0	0.0	0.0	0.0	0.0	0.0	201253	0.0
fam388	nan	nan	nan	0.0	0.0	0.0	0.0	0.0	0.0	401668	0.0
fam1247	nan	nan	nan	0.0	0.0	0.0	0.0	0.0	0.0	9046	0.0
fam865	nan	nan	nan	0.0	0.0	0.0	0.0	0.0	0.0	402702	0.0
fam971	nan	nan	nan	0.0	0.0	0.0	0.0	0.0	0.0	308706	0.0
fam557	nan	nan	nan	0.0	0.0	0.0	0.0	0.0	0.0	564765	0.0
fam12	nan	nan	nan	0.0	0.0	0.0	0.0	0.0	0.0	12453	0.0
fam968	nan	nan	nan	0.0	0.0	0.0	0.0	0.0	0.0	311963	0.0
fam652	nan	nan	nan	0.0	0.0	0.0	0.0	0.0	0.0	652519	0.008417508417508417
fam307	nan	nan	nan	0.0	0.0	0.0	0.0	0.0	0.0	327532	0.0
fam808	nan	nan	nan	0.0	0.0	0.0	0.0	0.0	0.0	461555	0.0
fam595	nan	nan	nan	0.0	0.0	0.0	0.0	0.0	0.0	596933	0.0
fam505	nan	nan	nan	0.0	0.0	0.0	0.0	0.0	0.0	511530	0.0
fam52	nan	nan	nan	0.0	0.0	0.0	0.0	0.0	0.0	52823	0.0
fam889	nan	nan	nan	0.0	0.0	0.0	0.0	0.0	0.0	381102	0.0
fam1035	nan	nan	nan	0.0	0.0	0.0	0.0	0.0	0.0	236887	0.0
fam1189	nan	nan	nan	0.0	0.0	0.0	0.0	0.0	0.0	69056	0.0
fam467	nan	nan	nan	0.0	0.0	0.0	0.0	0.0	0.0	471444	0.0
fam909	nan	nan	nan	0.0	0.0	0.0	0.0	0.0	0.0	356029	0.0
fam55	nan	nan	nan	0.0	0.0	0.0	0.0	0.0	0.0	54346	0.0
fam469	nan	nan	nan	0.0	0.0	0.0	0.0	0.0	0.0	475385	0.0
fam935	nan	nan	nan	0.0	0.0	0.0	0.0	0.0	0.0	336915	0.0
fam731	nan	nan	nan	0.0	0.0	0.0	0.0	0.0	0.0	550227	0.0
fam800	nan	nan	nan	0.0	0.0	0.0	0.0	0.0	0.0	468984	0.0
fam324	nan	nan	nan	0.0	0.0	0.0	0.0	0.0	0.0	341640	0.0
fam1124	nan	nan	nan	0.0	0.0	0.0	0.0	0.0	0.0	150952	0.0
fam82	nan	nan	nan	0.0	0.0	0.0	0.0	0.0	0.0	78251	0.0
fam755	nan	nan	nan	0.0	0.0	0.0	0.0	0.0	0.0	524016	0.0
fam389	nan	nan	nan	0.0	0.0	0.0	0.0	0.0	0.0	403082	0.0
fam903	nan	nan	nan	0.0	0.0	0.0	0.0	0.0	0.0	365502	0.0
fam641	nan	nan	nan	0.0	0.0	0.0	0.0	0.0	0.0	637392	0.0
fam1095	nan	nan	nan	0.0	0.0	0.0	0.0	0.0	0.0	183232	0.0
fam1223	nan	nan	nan	0.0	0.0	0.0	0.0	0.0	0.0	30674	0.0
fam197	nan	nan	nan	0.0	0.0	0.0	0.0	0.0	0.0	206268	0.0
fam449	nan	nan	nan	0.0	0.0	0.0	0.0	0.0	0.0	454093	0.0
fam793	0.0	0.0	0.0	0.0	0.0	0.0	0.0004666666666666666	0.0	0.0010434983894999019	477111	9.562057754828838e-05
fam941	nan	nan	nan	0.0	0.0	0.0	0.0	0.0	0.0	334732	0.0
fam892	nan	nan	nan	0.0	0.0	0.0	0.0	0.0	0.0	376678	0.0
fam797	nan	nan	nan	0.0	0.0	0.0	0.0	0.0	0.0	472519	0.0
fam332	nan	nan	nan	0.0	0.0	0.0	0.0	0.0	0.0	349205	0.0
fam251	nan	nan	nan	0.0	0.0	0.0	0.0	0.0	0.0	265750	0.0
fam820	nan	nan	nan	0.0	0.0	0.0	0.0	0.0	0.0	452791	0.0
fam485	nan	nan	nan	0.0	0.0	0.0	0.0	0.0	0.0	489529	0.0
fam134	nan	nan	nan	0.0	0.0	0.0	0.0	0.0	0.0	131608	0.0
fam95	nan	nan	nan	0.0	0.0	0.0	0.0	0.0	0.0	91372	0.0
fam809	nan	nan	nan	0.0	0.0	0.0	0.0	0.0	0.0	461068	0.0
fam192	nan	nan	nan	0.0	0.0	0.0	0.0	0.0	0.0	199351	0.0
fam203	nan	nan	nan	0.0	0.0	0.0	0.0	0.0	0.0	212691	0.0
fam1109	nan	nan	nan	0.0	0.0	0.0	0.0	0.0	0.0	170790	0.0
fam747	nan	nan	nan	0.0	0.0	0.0	0.0	0.0	0.0	531029	0.0
fam490	nan	nan	nan	0.0	0.0	0.0	0.0	0.0	0.0	495620	0.0
fam167	nan	nan	nan	0.0	0.0	0.0	0.0	0.0	0.0	169822	0.0
fam127	nan	nan	nan	0.0	0.0	0.0	0.0	0.0	0.0	126541	0.0
fam401	nan	nan	nan	0.0	0.0	0.0	0.0	0.0	0.0	413160	0.0
fam1156	nan	nan	nan	0.0	0.0	0.0	0.0	0.0	0.0	107474	0.0
fam765	nan	nan	nan	0.0	0.0	0.0	0.0	0.0	0.0	510981	0.0
fam1047	nan	nan	nan	0.0	0.0	0.0	0.0	0.0	0.0	227171	0.0
fam358	nan	nan	nan	0.0	0.0	0.0	0.0	0.0	0.0	375264	0.0
fam642	nan	nan	nan	0.0	0.0	0.0	0.0	0.0	0.0	637787	0.0
fam1192	nan	nan	nan	0.0	0.0	0.0	0.0	0.0	0.0	67315	0.0
fam746	nan	nan	nan	0.0	0.0	0.0	0.0	0.0	0.0	531839	0.0
fam301	nan	nan	nan	0.0	0.0	0.0	0.0	0.0	0.0	321032	0.0
fam654	nan	nan	nan	0.0	0.0	0.0	0.0	0.0	0.0	655930	0.0
fam558	nan	nan	nan	0.0	0.0	0.0	0.0	0.0	0.0	565115	0.015673981191222573
fam228	nan	nan	nan	0.0	0.0	0.0	0.0	0.0	0.0	239745	0.0
fam733	nan	nan	nan	0.0	0.0	0.0	0.0	0.0	0.0	544170	0.0
fam825	nan	nan	nan	0.0	0.0	0.0	0.0	0.0	0.0	449063	0.0
fam838	nan	nan	nan	0.0	0.0	0.0	0.0	0.0	0.0	432382	0.0
fam165	nan	nan	nan	0.0	0.0	0.0	0.0	0.0	0.0	167815	0.0
fam878	nan	nan	nan	0.0	0.0	0.0	0.0	0.0	0.0	394251	0.0
fam662	nan	nan	nan	0.0	0.0	0.0	0.0	0.0	0.0	665948	0.0
fam523	nan	nan	nan	0.0	0.0	0.0	0.0	0.0	0.0	527540	0.0
fam1196	nan	nan	nan	0.0	0.0	0.0	0.0	0.0	0.0	62217	0.0
fam585	nan	nan	nan	0.0	0.0	0.0	0.0	0.0	0.0	587635	0.0
fam605	nan	nan	nan	0.0	0.0	0.0	0.0	0.0	0.0	604387	0.0
fam80	nan	nan	nan	0.0	0.0	0.0	0.0	0.0	0.0	77368	0.0
fam1246	nan	nan	nan	0.0	0.0	0.0	0.0	0.0	0.0	9909	0.0
fam171	nan	nan	nan	0.0	0.0	0.0	0.0	0.0	0.0	174392	0.0
fam856	nan	nan	nan	0.0	0.0	0.0	0.0	0.0	0.0	412739	0.0
fam628	nan	nan	nan	0.0	0.0	0.0	0.0	0.0	0.0	628529	0.0
fam866	nan	nan	nan	0.0	0.0	0.0	0.0	0.0	0.0	401289	0.0
fam188	nan	nan	nan	0.0	0.0	0.0	0.0	0.0	0.0	194716	0.0
fam487	nan	nan	nan	0.0	0.0	0.0	0.0	0.0	0.0	491298	0.0
fam1116	nan	nan	nan	0.0	0.0	0.0	0.0	0.0	0.0	163511	0.0
fam917	nan	nan	nan	0.0	0.0	0.0	0.0	0.0	0.0	349554	0.0
fam180	nan	nan	nan	0.0	0.0	0.0	0.0	0.0	0.0	181971	0.0
fam159	nan	nan	nan	0.0	0.0	0.0	0.0	0.0	0.0	164165	0.0
fam298	nan	nan	nan	0.0	0.0	0.0	0.0	0.0	0.0	316878	0.0
fam1257	nan	nan	nan	0.0	0.0	0.0	0.0	0.0	0.0	1392	0.0
fam83	nan	nan	nan	0.0	0.0	0.0	0.0	0.0	0.0	79409	0.0
fam314	nan	nan	nan	0.0	0.0	0.0	0.0	0.0	0.0	333180	0.0
fam315	nan	nan	nan	0.0006545454545454545	0.0	0.0007866657328285067	0.0	0.0	0.0	334186	0.0005498533724340175
fam1194	nan	nan	nan	0.0	0.0	0.0	0.0	0.0	0.0	65649	0.0
fam424	nan	nan	nan	0.0	0.0	0.0	0.0	0.0	0.0	431031	0.0
fam260	nan	nan	nan	0.0	0.0	0.0	0.0	0.0	0.0	273731	0.0
fam8	nan	nan	nan	0.0	0.0	0.0	0.0	0.0	0.0	7664	0.0
fam375	nan	nan	nan	0.0	0.0	0.0	0.0	0.0	0.0	389974	0.0
fam111	nan	nan	nan	0.0	0.0	0.0	0.0	0.0	0.0	106878	0.0
fam292	nan	nan	nan	0.0	0.0	0.0	0.0	0.0	0.0	310371	0.0
fam669	nan	nan	nan	0.0	0.0	0.0	0.0	0.0	0.0	674104	0.0
fam826	nan	nan	nan	0.0	0.0	0.0	0.0	0.0	0.0	448494	0.0
fam1148	nan	nan	nan	0.0	0.0	0.0	0.0	0.0	0.0	120490	0.0
fam479	nan	nan	nan	0.0	0.0	0.0	0.0	0.0	0.0	485564	0.0
fam85	nan	nan	nan	0.0	0.0	0.0	0.0	0.0	0.0	82642	0.0
fam224	nan	nan	nan	0.0	0.0	0.0	0.0	0.0	0.0	236658	0.0
fam46	nan	nan	nan	0.0	0.0	0.0	0.0	0.0	0.0	45178	0.0
fam446	nan	nan	nan	0.0	0.0	0.0	0.0	0.0	0.0	447586	0.0
fam217	nan	nan	nan	0.0	0.0	0.0	0.0	0.0	0.0	225854	0.0
fam552	nan	nan	nan	0.0	0.0	0.0	0.0	0.0	0.0	560285	0.0
fam735	nan	nan	nan	0.0	0.0	0.0	0.0	0.0	0.0	542319	0.0
fam986	nan	nan	nan	0.0	0.0	0.0	0.0	0.0	0.0	292428	0.0
fam537	nan	nan	nan	0.0	0.0	0.0	0.0	0.0	0.0	541331	0.0
fam1205	nan	nan	nan	0.0	0.0	0.0	0.0	0.0	0.0	51366	0.0
fam1102	nan	nan	nan	0.0	0.0	0.0	0.0	0.0	0.0	176839	0.0
fam593	nan	nan	nan	0.0	0.0	0.0	0.0	0.0	0.0	595188	0.0
fam110	nan	nan	nan	0.0	0.0	0.0	0.0	0.0	0.0	106750	0.0
fam938	nan	nan	nan	0.0	0.0	0.0	0.0	0.0	0.0	335660	0.0
fam1254	nan	nan	nan	0.0	0.0	0.0	0.0	0.0	0.0	4277	0.0
fam361	nan	nan	nan	0.0	0.0	0.0	0.0	0.0	0.0	377809	0.0
fam230	nan	nan	nan	0.0	0.0	0.0	0.0	0.0	0.0	240519	0.0
fam1100	nan	nan	nan	0.0	0.0	0.0	0.0	0.0	0.0	178258	0.0
fam87	nan	nan	nan	0.0	0.0	0.0	0.0	0.0	0.0	84961	0.0
fam1006	nan	nan	nan	0.0	0.0	0.0	0.0	0.0	0.0	271951	0.0
fam640	nan	nan	nan	0.0	0.0	0.0	0.0	0.0	0.0	636769	0.0
fam932	nan	nan	nan	0.0	0.0	0.0	0.0	0.0	0.0	338198	0.0
fam245	nan	nan	nan	0.0	0.0	0.0	0.0	0.0	0.0	259009	0.0
fam359	nan	nan	nan	0.0	0.0	0.0	0.0	0.0	0.0	375194	0.0
fam958	nan	nan	nan	0.0	0.0	0.0	0.0	0.0	0.0	323537	0.0
fam379	nan	nan	nan	0.0	0.0	0.0	0.0	0.0	0.0	393362	0.0
fam721	nan	nan	nan	0.0	0.0	0.0	0.0	0.0	0.0	560331	0.0
fam613	nan	nan	nan	0.0	0.0	0.0	0.0	0.0	0.0	611890	0.0
fam533	nan	nan	nan	0.0	0.0	0.0	0.0	0.0	0.0	538615	0.0
fam685	nan	nan	nan	0.0	0.0	0.0	0.0	0.0	0.0	687903	0.0
fam945	nan	nan	nan	0.0	0.0	0.0	0.0	0.0	0.0	332570	0.0
fam667	nan	nan	nan	0.0	0.0	0.0	0.0	0.0	0.0	669721	0.0
fam1222	nan	nan	nan	0.0	0.0	0.0	0.0	0.0	0.0	31795	0.0
fam384	nan	nan	nan	0.0	0.0	0.0	0.0	0.0	0.0	396649	0.0
fam535	nan	nan	nan	0.0	0.0	0.0	0.0	0.0	0.0	540063	0.0
fam816	nan	nan	nan	0.0	0.0	0.0	0.0	0.0	0.0	454082	0.0
fam242	nan	nan	nan	0.0	0.0	0.0	0.0	0.0	0.0	255953	0.0
fam196	nan	nan	nan	0.0	0.0	0.0	0.0	0.0	0.0	205506	0.0
fam719	nan	nan	nan	0.0	0.0	0.0	0.0	0.0	0.0	719271	0.0
fam902	nan	nan	nan	0.0	0.0	0.0	0.0	0.0	0.0	366260	0.0
fam76	nan	nan	nan	0.0	0.0	0.0	0.0	0.0	0.0	75971	0.0
fam781	nan	nan	nan	0.0023727272727272724	0.0	0.002851663281503337	0.0	0.0	0.0	495977	0.0019206145966709346
fam768	nan	nan	nan	0.0	0.0	0.0	0.0	0.0	0.0	507722	0.0
fam440	nan	nan	nan	0.0	0.0	0.0	0.0	0.0	0.0	444702	0.0
fam419	nan	nan	nan	0.0	0.0	0.0	0.0	0.0	0.0	428236	0.0
fam175	nan	nan	nan	0.0	0.0	0.0	0.0	0.0	0.0	177389	0.0
fam967	nan	nan	nan	0.0	0.0	0.0	0.0	0.0	0.0	314260	0.0
fam1218	nan	nan	nan	0.0	0.0	0.0	0.0	0.0	0.0	35635	0.0
fam927	nan	nan	nan	0.0	0.0	0.0	0.0	0.0	0.0	341113	0.0
fam762	nan	nan	nan	0.0	0.0	0.0	0.0	0.0	0.0	513465	0.0
fam235	nan	nan	nan	0.0	0.0	0.0	0.0	0.0	0.0	249032	0.0
fam554	nan	nan	nan	0.0	0.0	0.0	0.0	0.0	0.0	560686	0.0
fam813	nan	nan	nan	0.0	0.0	0.0	0.0	0.0	0.0	457652	0.0
fam21	nan	nan	nan	0.0	0.0	0.0	0.0	0.0	0.0	28825	0.0
fam1140	nan	nan	nan	0.0	0.0	0.0	0.0	0.0	0.0	131314	0.0
fam131	nan	nan	nan	0.0	0.0	0.0	0.0	0.0	0.0	129308	0.0
fam1239	nan	nan	nan	0.0	0.0	0.0	0.0	0.0	0.0	15750	0.0
fam259	0.0	0.0	0.0	0.0	0.0	0.0	0.0009	0.0	0.002012461179749811	272313	0.0001774937877174299
fam584	nan	nan	nan	0.0	0.0	0.0	0.0	0.0	0.0	586946	0.0
fam904	nan	nan	nan	0.0	0.0	0.0	0.0	0.0	0.0	364495	0.0
fam924	nan	nan	nan	0.0	0.0	0.0	0.0	0.0	0.0	342614	0.0
fam405	nan	nan	nan	0.0	0.0	0.0	0.0	0.0	0.0	417288	0.0
fam501	nan	nan	nan	0.0	0.0	0.0	0.0	0.0	0.0	505587	0.0
fam154	nan	nan	nan	0.0	0.0	0.0	0.0	0.0	0.0	160346	0.0
fam806	nan	nan	nan	0.0	0.0	0.0	0.0	0.0	0.0	462307	0.0
fam687	nan	nan	nan	0.0	0.0	0.0	0.0	0.0	0.0	691029	0.0
fam822	nan	nan	nan	0.0	0.0	0.0	0.0	0.0	0.0	451638	0.012121212121212121
fam441	nan	nan	nan	0.0	0.0	0.0	0.0	0.0	0.0	444971	0.0
fam804	nan	nan	nan	0.0	0.0	0.0	0.0	0.0	0.0	465118	0.0
fam1236	nan	nan	nan	0.0	0.0	0.0	0.0	0.0	0.0	19696	0.0
fam834	nan	nan	nan	0.0	0.0	0.0	0.0	0.0	0.0	437604	0.0
fam930	nan	nan	nan	0.0	0.0	0.0	0.0	0.0	0.0	339126	0.0
fam267	nan	nan	nan	0.0	0.0	0.0	0.0	0.0	0.0	284775	0.0
fam244	nan	nan	nan	0.0	0.0	0.0	0.0	0.0	0.0	257609	0.0
fam876	nan	nan	nan	0.0	0.0	0.0	0.0	0.0	0.0	394788	0.0
fam562	nan	nan	nan	0.0	0.0	0.0	0.0	0.0	0.0	567657	0.0
fam688	nan	nan	nan	0.0	0.0	0.0	0.0	0.0	0.0	692071	0.0
fam1097	nan	nan	nan	0.0	0.0	0.0	0.0	0.0	0.0	182796	0.0
fam744	nan	nan	nan	0.0	0.0	0.0	0.0	0.0	0.0	533204	0.0
fam561	nan	nan	nan	0.0	0.0	0.0	0.0	0.0	0.0	566876	0.0
fam385	nan	nan	nan	0.0	0.0	0.0	0.0	0.0	0.0	397109	0.0
fam860	nan	nan	nan	0.0	0.0	0.0	0.0	0.0	0.0	408419	0.0
fam184	nan	nan	nan	0.0	0.0	0.0	0.0	0.0	0.0	184618	0.0
fam312	nan	nan	nan	0.0	0.0	0.0	0.0	0.0	0.0	331161	0.0
fam1032	nan	nan	nan	0.0	0.0	0.0	0.0	0.0	0.0	241788	0.0
fam696	nan	nan	nan	0.0	0.0	0.0	0.0	0.0	0.0	700324	0.0
fam334	nan	nan	nan	0.0	0.0	0.0	0.0	0.0	0.0	353217	0.0
fam863	nan	nan	nan	0.0	0.0	0.0	0.0	0.0	0.0	404716	0.0
fam122	nan	nan	nan	0.0	0.0	0.0	0.0	0.0	0.0	122165	0.0
fam239	nan	nan	nan	0.0	0.0	0.0	0.0	0.0	0.0	252715	0.0
fam480	nan	nan	nan	0.0	0.0	0.0	0.0	0.0	0.0	486105	0.0
fam414	nan	nan	nan	0.0	0.0	0.0	0.0	0.0	0.0	425365	0.0
fam790	nan	nan	nan	0.0	0.0	0.0	0.0	0.0	0.0	481065	0.0
fam226	nan	nan	nan	0.0	0.0	0.0	0.0	0.0	0.0	238009	0.0
fam675	nan	nan	nan	0.0	0.0	0.0	0.0	0.0	0.0	677847	0.0
fam396	nan	nan	nan	0.0	0.0	0.0	0.0	0.0	0.0	408324	0.0
fam1216	nan	nan	nan	0.0	0.0	0.0	0.0	0.0	0.0	38581	0.0
fam1174	nan	nan	nan	0.0	0.0	0.0	0.0	0.0	0.0	82924	0.0
fam517	nan	nan	nan	0.0	0.0	0.0	0.0	0.0	0.0	521610	0.0
fam520	nan	nan	nan	0.0	0.0	0.0	0.0	0.0	0.0	524847	0.0
fam47	nan	nan	nan	0.0	0.0	0.0	0.0	0.0	0.0	45920	0.0
fam163	nan	nan	nan	0.0	0.0	0.0	0.0	0.0	0.0	167159	0.0
fam114	nan	nan	nan	0.0	0.0	0.0	0.0	0.0	0.0	109904	0.0
fam1039	nan	nan	nan	0.0	0.0	0.0	0.0	0.0	0.0	234923	0.0
fam466	nan	nan	nan	0.0	0.0	0.0	0.0	0.0	0.0	471268	0.0
fam456	nan	nan	nan	0.0	0.0	0.0	0.0	0.0	0.0	461011	0.0
fam1099	nan	nan	nan	0.0	0.0	0.0	0.0	0.0	0.0	179409	0.0
fam1258	nan	nan	nan	0.0	0.0	0.0	0.0	0.0	0.0	395	0.0
fam842	nan	nan	nan	0.0	0.0	0.0	0.0	0.0	0.0	429153	0.0
fam279	nan	nan	nan	0.0	0.0	0.0	0.0	0.0	0.0	296287	0.0
fam819	nan	nan	nan	0.0	0.0	0.0	0.0	0.0	0.0	453103	0.0
fam96	nan	nan	nan	0.0	0.0	0.0	0.0	0.0	0.0	91648	0.029207740051113547
fam392	nan	nan	nan	0.0	0.0	0.0	0.0	0.0	0.0	405382	0.0
fam604	nan	nan	nan	0.0	0.0	0.0	0.0	0.0	0.0	603635	0.0
fam353	nan	nan	nan	0.0	0.0	0.0	0.0	0.0	0.0	369696	0.0
fam250	nan	nan	nan	0.0	0.0	0.0	0.0	0.0	0.0	263128	0.0
fam418	nan	nan	nan	0.0	0.0	0.0	0.0	0.0	0.0	427357	0.0
fam370	nan	nan	nan	0.0	0.0	0.0	0.0	0.0	0.0	382729	0.0
fam673	nan	nan	nan	0.0	0.0	0.0	0.0	0.0	0.0	677047	0.0
fam776	nan	nan	nan	0.0	0.0	0.0	0.0	0.0	0.0	499866	0.0
fam1092	nan	nan	nan	0.0	0.0	0.0	0.0	0.0	0.0	185706	0.0
fam745	nan	nan	nan	0.0	0.0	0.0	0.0	0.0	0.0	532788	0.0
fam483	nan	nan	nan	0.0	0.0	0.0	0.0	0.0	0.0	488200	0.0
fam841	nan	nan	nan	0.0	0.0	0.0	0.0	0.0	0.0	430015	0.0
fam439	nan	nan	nan	0.0	0.0	0.0	0.0	0.0	0.0	443352	0.0
fam725	nan	nan	nan	0.0	0.0	0.0	0.0	0.0	0.0	555039	0.0
fam759	nan	nan	nan	0.0	0.0	0.0	0.0	0.0	0.0	518576	0.0
fam815	nan	nan	nan	0.0	0.0	0.0	0.0	0.0	0.0	454704	0.0
fam840	nan	nan	nan	0.0	0.0	0.0	0.0	0.0	0.0	431555	0.0
fam495	nan	nan	nan	0.0	0.0	0.0	0.0	0.0	0.0	502350	0.0
fam27	nan	nan	nan	0.0	0.0	0.0	0.0	0.0	0.0	31621	0.0
fam1128	nan	nan	nan	0.0	0.0	0.0	0.0	0.0	0.0	143319	0.0
fam712	nan	nan	nan	0.0	0.0	0.0	0.0	0.0	0.0	712475	0.0
fam50	nan	nan	nan	0.0	0.0	0.0	0.0	0.0	0.0	52008	0.0
fam133	nan	nan	nan	0.0	0.0	0.0	0.0	0.0	0.0	129820	0.0
fam29	nan	nan	nan	0.0	0.0	0.0	0.0	0.0	0.0	32545	0.0
fam882	nan	nan	nan	0.0	0.0	0.0	0.0	0.0	0.0	389289	0.0
fam1127	nan	nan	nan	0.0	0.0	0.0	0.0	0.0	0.0	146942	0.0
fam1089	nan	nan	nan	0.0	0.0	0.0	0.0	0.0	0.0	187456	0.0
fam1199	nan	nan	nan	0.0	0.0	0.0	0.0	0.0	0.0	57073	0.0
fam387	nan	nan	nan	0.0	0.0	0.0	0.0	0.0	0.0	399740	0.0
fam828	nan	nan	nan	0.0	0.0	0.0	0.0	0.0	0.0	443667	0.0
fam700	nan	nan	nan	0.0	0.0	0.0	0.0	0.0	0.0	702965	0.0
fam980	nan	nan	nan	0.0	0.0	0.0	0.0	0.0	0.0	299746	0.0
fam1153	nan	nan	nan	0.0	0.0	0.0	0.0	0.0	0.0	109889	0.0
fam1106	nan	nan	nan	0.0	0.0	0.0	0.0	0.0	0.0	173471	0.0
fam1151	nan	nan	nan	0.0	0.0	0.0	0.0	0.0	0.0	112381	0.0
fam1167	nan	nan	nan	0.0	0.0	0.0	0.0	0.0	0.0	99440	0.0
fam509	nan	nan	nan	0.0	0.0	0.0	0.0	0.0	0.0	513277	0.0
fam571	nan	nan	nan	0.0	0.0	0.0	0.0	0.0	0.0	573418	0.0
fam993	nan	nan	nan	0.0	0.0	0.0	0.0	0.0	0.0	284932	0.0
fam434	nan	nan	nan	0.0	0.0	0.0	0.0	0.0	0.0	439702	0.0
fam326	nan	nan	nan	0.0	0.0	0.0	0.0	0.0	0.0	343851	0.0
fam1022	nan	nan	nan	0.0	0.0	0.0	0.0	0.0	0.0	250206	0.0
fam534	nan	nan	nan	0.0	0.0	0.0	0.0	0.0	0.0	539210	0.0
fam973	nan	nan	nan	0.0	0.0	0.0	0.0	0.0	0.0	306898	0.0
fam555	nan	nan	nan	0.0	0.0	0.0	0.0	0.0	0.0	562352	0.014725568942436413
fam982	nan	nan	nan	0.0	0.0	0.0	0.0	0.0	0.0	298074	0.0
fam761	nan	nan	nan	0.0	0.0	0.0	0.0	0.0	0.0	516395	0.0
fam807	nan	nan	nan	0.0	0.0	0.0	0.0	0.0	0.0	461687	0.0
fam587	nan	nan	nan	0.0	0.0	0.0	0.0	0.0	0.0	589887	0.0
fam1175	nan	nan	nan	0.0	0.0	0.0	0.0	0.0	0.0	82582	0.0
fam1226	nan	nan	nan	0.0	0.0	0.0	0.0	0.0	0.0	27738	0.0
fam1056	nan	nan	nan	0.0	0.0	0.0	0.0	0.0	0.0	216481	0.0
fam191	nan	nan	nan	0.0	0.0	0.0	0.0	0.0	0.0	198834	0.0
fam569	nan	nan	nan	0.0	0.0	0.0	0.0	0.0	0.0	571981	0.0
fam146	nan	nan	nan	0.0	0.0	0.0	0.0	0.0	0.0	141377	0.0
fam970	nan	nan	nan	0.0	0.0	0.0	0.0	0.0	0.0	310361	0.0
fam476	nan	nan	nan	0.0	0.0	0.0	0.0	0.0	0.0	483652	0.0
fam757	nan	nan	nan	0.0	0.0	0.0	0.0	0.0	0.0	520755	0.0
fam234	nan	nan	nan	0.0	0.0	0.0	0.0	0.0	0.0	248269	0.0
fam343	nan	nan	nan	0.0	0.0	0.0	0.0	0.0	0.0	361858	0.0
fam850	nan	nan	nan	0.0	0.0	0.0	0.0	0.0	0.0	421002	0.0
fam988	nan	nan	nan	0.0	0.0	0.0	0.0	0.0	0.0	291573	0.0
fam1115	nan	nan	nan	0.0	0.0	0.0	0.0	0.0	0.0	165165	0.0
fam1147	nan	nan	nan	0.0	0.0	0.0	0.0	0.0	0.0	121210	0.0
fam92	nan	nan	nan	0.0	0.0	0.0	0.0	0.0	0.0	89286	0.0
fam602	nan	nan	nan	0.0	0.0	0.0	0.0	0.0	0.0	602540	0.0
fam75	nan	nan	nan	0.0	0.0	0.0	0.0	0.0	0.0	75400	0.0
fam204	nan	nan	nan	0.0	0.0	0.0	0.0	0.0	0.0	213023	0.0
fam362	nan	nan	nan	0.0	0.0	0.0	0.0	0.0	0.0	378280	0.0
fam1190	nan	nan	nan	0.0	0.0	0.0	0.0	0.0	0.0	68491	0.0
fam177	nan	nan	nan	0.0	0.0	0.0	0.0	0.0	0.0	178730	0.0
fam182	nan	nan	nan	0.0	0.0	0.0	0.0	0.0	0.0	183273	0.0
fam979	nan	nan	nan	0.0	0.0	0.0	0.0	0.0	0.0	300596	0.0
fam788	nan	nan	nan	0.0	0.0	0.0	0.0	0.0	0.0	483606	0.0
fam551	nan	nan	nan	0.0	0.0	0.0	0.0	0.0	0.0	559486	0.0
fam580	nan	nan	nan	0.0	0.0	0.0	0.0	0.0	0.0	582185	0.0
fam992	nan	nan	nan	0.0	0.0	0.0	0.0	0.0	0.0	285653	0.0
fam1008	nan	nan	nan	0.0	0.0	0.0	0.0	0.0	0.0	269204	0.0
fam79	nan	nan	nan	0.0	0.0	0.0	0.0	0.0	0.0	76994	0.0
fam61	nan	nan	nan	0.0	0.0	0.0	0.0	0.0	0.0	62087	0.0
fam266	nan	nan	nan	0.0	0.0	0.0	0.0	0.0	0.0	281045	0.0
fam199	nan	nan	nan	0.0	0.0	0.0	0.0	0.0	0.0	208686	0.0
fam1230	nan	nan	nan	0.0	0.0	0.0	0.0	0.0	0.0	25913	0.0
fam413	nan	nan	nan	0.0	0.0	0.0	0.0	0.0	0.0	424539	0.0
fam699	nan	nan	nan	0.0	0.0	0.0	0.0	0.0	0.0	702716	0.014710208884966167
fam918	nan	nan	nan	0.0	0.0	0.0	0.0	0.0	0.0	349263	0.0
fam832	nan	nan	nan	0.0	0.0	0.0	0.0	0.0	0.0	441242	0.0
fam567	nan	nan	nan	0.0	0.0	0.0	0.0	0.0	0.0	571469	0.0
fam711	nan	nan	nan	0.0	0.0	0.0	0.0	0.0	0.0	710715	0.0
fam1256	nan	nan	nan	0.0	0.0	0.0	0.0	0.0	0.0	2444	0.0
fam515	nan	nan	nan	0.0	0.0	0.0	0.0	0.0	0.0	517430	0.0
fam482	nan	nan	nan	0.0	0.0	0.0	0.0	0.0	0.0	486935	0.0
fam1210	nan	nan	nan	0.0	0.0	0.0	0.0	0.0	0.0	46927	0.0
fam511	nan	nan	nan	0.0	0.0	0.0	0.0	0.0	0.0	515135	0.0
fam929	nan	nan	nan	0.0	0.0	0.0	0.0	0.0	0.0	339331	0.0
fam58	nan	nan	nan	0.0	0.0	0.0	0.0	0.0	0.0	59397	0.0
fam649	nan	nan	nan	0.0	0.0	0.0	0.0	0.0	0.0	650303	0.0
fam1011	nan	nan	nan	0.0	0.0	0.0	0.0	0.0	0.0	265936	0.0
fam532	nan	nan	nan	0.0	0.0	0.0	0.0	0.0	0.0	537483	0.0
fam990	nan	nan	nan	0.0006545454545454545	0.0	0.0007866657328285067	0.0	0.0	0.0	289208	0.000483558994197292
fam454	nan	nan	nan	0.0	0.0	0.0	0.0	0.0	0.0	459553	0.0
fam974	nan	nan	nan	0.0	0.0	0.0	0.0	0.0	0.0	305201	0.0
fam144	nan	nan	nan	0.0	0.0	0.0	0.0	0.0	0.0	138444	0.0
fam545	nan	nan	nan	0.0	0.0	0.0	0.0	0.0	0.0	549945	0.0
fam13	nan	nan	nan	0.0	0.0	0.0	0.0	0.0	0.0	12787	0.0
fam650	nan	nan	nan	0.0	0.0	0.0	0.0	0.0	0.0	651188	0.0
fam672	nan	nan	nan	0.0	0.0	0.0	0.0	0.0	0.0	675583	0.0
fam380	nan	nan	nan	0.0	0.0	0.0	0.0	0.0	0.0	393694	0.0
fam344	nan	nan	nan	0.0	0.0	0.0	0.0	0.0	0.0	362207	0.0
fam223	nan	nan	nan	0.0	0.0	0.0	0.0	0.0	0.0	233268	0.0
fam409	nan	nan	nan	0.0	0.0	0.0	0.0	0.0	0.0	421252	0.0
fam772	nan	nan	nan	0.0	0.0	0.0	0.0	0.0	0.0	502610	0.0
fam810	nan	nan	nan	0.0	0.0	0.0	0.0	0.0	0.0	459402	0.0
fam582	nan	nan	nan	0.0	0.0	0.0	0.0	0.0	0.0	586489	0.0
fam1191	nan	nan	nan	0.0	0.0	0.0	0.0	0.0	0.0	67649	0.0
fam218	nan	nan	nan	0.0	0.0	0.0	0.0	0.0	0.0	226179	0.0
fam946	nan	nan	nan	0.0	0.0	0.0	0.0	0.0	0.0	332272	0.0
fam663	nan	nan	nan	0.0	0.0	0.0	0.0	0.0	0.0	666752	0.0
fam377	nan	nan	nan	0.0	0.0	0.0	0.0	0.0	0.0	390408	0.0
fam823	nan	nan	nan	0.0	0.0	0.0	0.0	0.0	0.0	451388	0.0
fam896	nan	nan	nan	0.0	0.0	0.0	0.0	0.0	0.0	375507	0.023640661938534282
fam763	nan	nan	nan	0.0	0.0	0.0	0.0	0.0	0.0	512723	0.0
fam586	nan	nan	nan	0.0	0.0	0.0	0.0	0.0	0.0	588275	0.0
fam921	nan	nan	nan	0.0	0.0	0.0	0.0	0.0	0.0	345403	0.0
fam891	nan	nan	nan	0.0	0.0	0.0	0.0	0.0	0.0	380542	0.0
fam91	nan	nan	nan	0.0	0.0	0.0	0.0	0.0	0.0	88966	0.0
fam296	nan	nan	nan	0.0	0.0	0.0	0.0	0.0	0.0	314388	0.0
fam894	nan	nan	nan	0.0	0.0	0.0	0.0	0.0	0.0	376145	0.0
fam539	nan	nan	nan	0.0	0.0	0.0	0.0	0.0	0.0	543282	0.0
fam1158	nan	nan	nan	0.0	0.0	0.0	0.0	0.0	0.0	106026	0.0
fam872	nan	nan	nan	0.0	0.0	0.0	0.0	0.0	0.0	397187	0.0
fam313	nan	nan	nan	0.0	0.0	0.0	0.0	0.0	0.0	332538	0.0
fam544	nan	nan	nan	0.0	0.0	0.0	0.0	0.0	0.0	548787	0.0
fam427	nan	nan	nan	0.0	0.0	0.0	0.0	0.0	0.0	433378	0.0
fam1027	nan	nan	nan	0.0	0.0	0.0	0.0	0.0	0.0	247150	0.0
fam779	nan	nan	nan	0.0	0.0	0.0	0.0	0.0	0.0	497551	0.0
fam486	nan	nan	nan	0.0	0.0	0.0	0.0	0.0	0.0	489905	0.0
fam900	nan	nan	nan	0.0	0.0	0.0	0.0	0.0	0.0	370385	0.0
fam113	nan	nan	nan	0.0	0.0	0.0	0.0	0.0	0.0	108661	0.0
fam304	nan	nan	nan	0.0	0.0	0.0	0.0	0.0	0.0	325030	0.0
fam140	0.21241830065359477	0.21241830065359477	0.0	0.00787878787878788	0.0	0.011948773426990323	0.037090909090909084	0.0	0.0562511487486006	135948	0.13774104683195593
fam1165	nan	nan	nan	0.0	0.0	0.0	0.0	0.0	0.0	100988	0.0
fam726	nan	nan	nan	0.0	0.0	0.0	0.0	0.0	0.0	553598	0.0
fam168	nan	nan	nan	0.0	0.0	0.0	0.0	0.0	0.0	170967	0.0
fam291	nan	nan	nan	0.0	0.0	0.0	0.0	0.0	0.0	310062	0.0
fam1166	nan	nan	nan	0.0	0.0	0.0	0.0	0.0	0.0	99903	0.0
fam297	nan	nan	nan	0.0	0.0	0.0	0.0	0.0	0.0	316478	0.0
fam1125	nan	nan	nan	0.0	0.0	0.0	0.0	0.0	0.0	149697	0.0
fam914	nan	nan	nan	0.0	0.0	0.0	0.0	0.0	0.0	350640	0.0
fam403	nan	nan	nan	0.0	0.0	0.0	0.0	0.0	0.0	415604	0.0
fam739	nan	nan	nan	0.0	0.0	0.0	0.0	0.0	0.0	537375	0.0
fam714	nan	nan	nan	0.0	0.0	0.0	0.0	0.0	0.0	714818	0.0
fam1108	nan	nan	nan	0.0	0.0	0.0	0.0	0.0	0.0	171280	0.0
fam99	nan	nan	nan	0.0	0.0	0.0	0.0	0.0	0.0	93650	0.0
fam305	nan	nan	nan	0.0	0.0	0.0	0.0	0.0	0.0	325705	0.0
fam103	nan	nan	nan	0.0	0.0	0.0	0.0	0.0	0.0	98781	0.0
fam1117	nan	nan	nan	0.0	0.0	0.0	0.0	0.0	0.0	162724	0.0
fam730	nan	nan	nan	0.0	0.0	0.0	0.0	0.0	0.0	550337	0.0
fam11	nan	nan	nan	0.0	0.0	0.0	0.0	0.0	0.0	9553	0.0
fam4	nan	nan	nan	0.0	0.0	0.0	0.0	0.0	0.0	2782	0.0
fam202	nan	nan	nan	0.0	0.0	0.0	0.0	0.0	0.0	211671	0.0
fam690	nan	nan	nan	0.0	0.0	0.0	0.0	0.0	0.0	692530	0.0
fam632	nan	nan	nan	0.0	0.0	0.0	0.0	0.0	0.0	630905	0.0
fam186	nan	nan	nan	0.0	0.0	0.0	0.0	0.0	0.0	190212	0.0
fam753	nan	nan	nan	0.0	0.0	0.0	0.0	0.0	0.0	525614	0.0
fam316	nan	nan	nan	0.0	0.0	0.0	0.0	0.0	0.0	334578	0.0
fam1083	nan	nan	nan	0.0	0.0	0.0	0.0	0.0	0.0	196669	0.0
fam270	nan	nan	nan	0.0	0.0	0.0	0.0	0.0	0.0	286028	0.0
fam149	nan	nan	nan	0.0	0.0	0.0	0.0	0.0	0.0	149406	0.0
fam926	nan	nan	nan	0.0	0.0	0.0	0.0	0.0	0.0	341810	0.0
fam161	nan	nan	nan	0.0	0.0	0.0	0.0	0.0	0.0	165875	0.0
fam572	nan	nan	nan	0.0	0.0	0.0	0.0	0.0	0.0	573951	0.0
fam737	nan	nan	nan	0.0	0.0	0.0	0.0	0.0	0.0	541100	0.0
fam28	nan	nan	nan	0.0	0.0	0.0	0.0	0.0	0.0	31825	0.0
fam32	nan	nan	nan	0.0	0.0	0.0	0.0	0.0	0.0	34444	0.0
fam665	nan	nan	nan	0.0	0.0	0.0	0.0	0.0	0.0	666906	0.0
fam1209	nan	nan	nan	0.0	0.0	0.0	0.0	0.0	0.0	47169	0.0
fam599	nan	nan	nan	0.0	0.0	0.0	0.0	0.0	0.0	600714	0.0
fam940	nan	nan	nan	0.0	0.0	0.0	0.0	0.0	0.0	335135	0.0
fam742	nan	nan	nan	0.0	0.0	0.0	0.0	0.0	0.0	535809	0.0
fam373	nan	nan	nan	0.0	0.0	0.0	0.0	0.0	0.0	387846	0.0
fam269	nan	nan	nan	0.0	0.0	0.0	0.0	0.0	0.0	285478	0.0
fam276	nan	nan	nan	0.0	0.0	0.0	0.0	0.0	0.0	288799	0.0
fam861	nan	nan	nan	0.0	0.0	0.0	0.0	0.0	0.0	407027	0.0
fam573	nan	nan	nan	0.0	0.0	0.0	0.0	0.0	0.0	574126	0.0
fam151	nan	nan	nan	0.0	0.0	0.0	0.0	0.0	0.0	155867	0.0
fam913	nan	nan	nan	0.0	0.0	0.0	0.0	0.0	0.0	351324	0.0
fam499	nan	nan	nan	0.0	0.0	0.0	0.0	0.0	0.0	504879	0.0
fam468	nan	nan	nan	0.0	0.0	0.0	0.0	0.0	0.0	474343	0.0
fam1004	nan	nan	nan	0.0	0.0	0.0	0.0	0.0	0.0	272446	0.0
fam232	nan	nan	nan	0.0	0.0	0.0	0.0	0.0	0.0	244828	0.0
fam1078	nan	nan	nan	0.0	0.0	0.0	0.0	0.0	0.0	200637	0.0
fam282	nan	nan	nan	0.0	0.0	0.0	0.0	0.0	0.0	301482	0.0
fam676	nan	nan	nan	0.0	0.0	0.0	0.0	0.0	0.0	680564	0.0
fam57	nan	nan	nan	0.0	0.0	0.0	0.0	0.0	0.0	58236	0.0
fam195	nan	nan	nan	0.0	0.0	0.0	0.0	0.0	0.0	204713	0.0
fam1079	nan	nan	nan	0.0	0.0	0.0	0.0	0.0	0.0	199879	0.0
fam1096	nan	nan	nan	0.0	0.0	0.0	0.0	0.0	0.0	183074	0.0
fam1133	nan	nan	nan	0.0	0.0	0.0	0.0	0.0	0.0	139154	0.0
fam1150	nan	nan	nan	0.0	0.0	0.0	0.0	0.0	0.0	113722	0.0
fam529	nan	nan	nan	0.0	0.0	0.0	0.0	0.0	0.0	533214	0.0
fam420	nan	nan	nan	0.0	0.0	0.0	0.0	0.0	0.0	429024	0.0
fam1065	nan	nan	nan	0.0	0.0	0.0	0.0	0.0	0.0	210500	0.0
fam749	nan	nan	nan	0.0	0.0	0.0	0.0	0.0	0.0	529402	0.0
fam429	nan	nan	nan	0.0	0.0	0.0	0.0	0.0	0.0	436976	0.0
fam1232	nan	nan	nan	0.0	0.0	0.0	0.0	0.0	0.0	22643	0.0
fam550	nan	nan	nan	0.0	0.0	0.0	0.0	0.0	0.0	557292	0.0
fam39	nan	nan	nan	0.0	0.0	0.0	0.0	0.0	0.0	40460	0.0
fam724	nan	nan	nan	0.0	0.0	0.0	0.0	0.0	0.0	555544	0.0
fam1132	nan	nan	nan	0.0	0.0	0.0	0.0	0.0	0.0	139505	0.0
fam1245	nan	nan	nan	0.0	0.0	0.0	0.0	0.0	0.0	10070	0.0
fam754	nan	nan	nan	0.0	0.0	0.0	0.0	0.0	0.0	524527	0.0
fam727	nan	nan	nan	0.0	0.0	0.0	0.0	0.0	0.0	552359	0.0
fam908	nan	nan	nan	0.0	0.0	0.0	0.0	0.0	0.0	357337	0.0
fam1161	nan	nan	nan	0.0	0.0	0.0	0.0	0.0	0.0	103601	0.0
fam588	nan	nan	nan	0.0	0.0	0.0	0.0	0.0	0.0	590542	0.0
fam288	nan	nan	nan	0.0	0.0	0.0	0.0	0.0	0.0	306244	0.0
fam241	nan	nan	nan	0.0	0.0	0.0	0.0	0.0	0.0	255310	0.0
fam962	nan	nan	nan	0.0	0.0	0.0	0.0	0.0	0.0	319797	0.0
fam901	nan	nan	nan	0.0	0.0	0.0	0.0	0.0	0.0	366728	0.0
fam549	nan	nan	nan	0.0	0.0	0.0	0.0	0.0	0.0	555757	0.0
fam423	nan	nan	nan	0.0	0.0	0.0	0.0	0.0	0.0	430812	0.0
fam493	nan	nan	nan	0.0	0.0	0.0	0.0	0.0	0.0	499275	0.0
fam1072	nan	nan	nan	0.0	0.0	0.0	0.0	0.0	0.0	205041	0.0
fam104	nan	nan	nan	0.0	0.0	0.0	0.0	0.0	0.0	101303	0.0
fam335	nan	nan	nan	0.0	0.0	0.0	0.0	0.0	0.0	354475	0.0
fam570	nan	nan	nan	0.0	0.0	0.0	0.0	0.0	0.0	572179	0.0
fam34	nan	nan	nan	0.0	0.0	0.0	0.0	0.0	0.0	37669	0.0
fam1076	nan	nan	nan	0.0	0.0	0.0	0.0	0.0	0.0	202421	0.0
fam310	nan	nan	nan	0.0	0.0	0.0	0.0	0.0	0.0	329459	0.0
fam634	nan	nan	nan	0.0	0.0	0.0	0.0	0.0	0.0	632961	0.0
fam1043	nan	nan	nan	0.0	0.0	0.0	0.0	0.0	0.0	231597	0.0
fam590	nan	nan	nan	0.0	0.0	0.0	0.0	0.0	0.0	592700	0.0
fam1030	nan	nan	nan	0.0	0.0	0.0	0.0	0.0	0.0	244565	0.0
fam1068	0.0	0.0	0.0	0.0	0.0	0.0	0.0011666666666666665	0.0	0.002608745973749755	208722	0.00026455026455026457
fam799	nan	nan	nan	0.0	0.0	0.0	0.0	0.0	0.0	469914	0.0
fam855	nan	nan	nan	0.0	0.0	0.0	0.0	0.0	0.0	414387	0.0
fam811	nan	nan	nan	0.0	0.0	0.0	0.0	0.0	0.0	458459	0.0
fam194	nan	nan	nan	0.0	0.0	0.0	0.0	0.0	0.0	203609	0.0
fam121	nan	nan	nan	0.0	0.0	0.0	0.0	0.0	0.0	121306	0.0
fam1017	nan	nan	nan	0.0	0.0	0.0	0.0	0.0	0.0	258963	0.0
fam1021	nan	nan	nan	0.0	0.0	0.0	0.0	0.0	0.0	250545	0.0
fam606	nan	nan	nan	0.0	0.0	0.0	0.0	0.0	0.0	604696	0.0
fam1066	nan	nan	nan	0.0	0.0	0.0	0.0	0.0	0.0	209882	0.0
fam960	nan	nan	nan	0.0	0.0	0.0	0.0	0.0	0.0	322162	0.0
fam147	nan	nan	nan	0.0	0.0	0.0	0.0	0.0	0.0	144497	0.0
fam522	nan	nan	nan	0.0	0.0	0.0	0.0	0.0	0.0	526978	0.0
fam541	nan	nan	nan	0.0	0.0	0.0	0.0	0.0	0.0	545213	0.0
fam1119	nan	nan	nan	0.0	0.0	0.0	0.0	0.0	0.0	157697	0.0
fam128	nan	nan	nan	0.0	0.0	0.0	0.0	0.0	0.0	126785	0.0
fam623	nan	nan	nan	0.0	0.0	0.0	0.0	0.0	0.0	625981	0.0
fam953	nan	nan	nan	0.0	0.0	0.0	0.0	0.0	0.0	327852	0.0
fam390	nan	nan	nan	0.0	0.0	0.0	0.0	0.0	0.0	403475	0.0
fam564	nan	nan	nan	0.0	0.0	0.0	0.0	0.0	0.0	569359	0.0
fam1073	nan	nan	nan	0.0	0.0	0.0	0.0	0.0	0.0	203897	0.0
fam592	nan	nan	nan	0.0	0.0	0.0	0.0	0.0	0.0	594087	0.0
fam381	nan	nan	nan	0.0	0.0	0.0	0.0	0.0	0.0	394525	0.0
fam339	nan	nan	nan	0.0	0.0	0.0	0.0	0.0	0.0	357709	0.0
fam689	nan	nan	nan	0.0	0.0	0.0	0.0	0.0	0.0	692316	0.0
fam24	nan	nan	nan	0.0	0.0	0.0	0.0	0.0	0.0	30138	0.0
fam1074	nan	nan	nan	0.0	0.0	0.0	0.0	0.0	0.0	203504	0.0
fam1162	nan	nan	nan	0.0	0.0	0.0	0.0	0.0	0.0	102919	0.0
fam991	nan	nan	nan	0.0	0.0	0.0	0.0	0.0	0.0	288222	0.0
fam824	nan	nan	nan	0.0	0.0	0.0	0.0	0.0	0.0	449849	0.0
fam1134	nan	nan	nan	0.0	0.0	0.0	0.0	0.0	0.0	138504	0.0
fam178	nan	nan	nan	0.0	0.0	0.0	0.0	0.0	0.0	179239	0.0
fam1005	nan	nan	nan	0.0	0.0	0.0	0.0	0.0	0.0	272105	0.0
fam956	nan	nan	nan	0.0	0.0	0.0	0.0	0.0	0.0	325554	0.0
fam525	nan	nan	nan	0.0	0.0	0.0	0.0	0.0	0.0	530167	0.0
fam54	nan	nan	nan	0.0	0.0	0.0	0.0	0.0	0.0	53776	0.0
fam695	nan	nan	nan	0.0	0.0	0.0	0.0	0.0	0.0	699562	0.0
fam615	nan	nan	nan	0.0	0.0	0.0	0.0	0.0	0.0	613943	0.0
fam844	nan	nan	nan	0.0	0.0	0.0	0.0	0.0	0.0	428018	0.0
fam369	nan	nan	nan	0.0	0.0	0.0	0.0	0.0	0.0	382362	0.0
fam925	nan	nan	nan	0.0	0.0	0.0	0.0	0.0	0.0	342212	0.0
fam1184	nan	nan	nan	0.0	0.0	0.0	0.0	0.0	0.0	75403	0.0
fam221	nan	nan	nan	0.0	0.0	0.0	0.0	0.0	0.0	231195	0.0
fam437	nan	nan	nan	0.0	0.0	0.0	0.0	0.0	0.0	442211	0.0
fam464	nan	nan	nan	0.0	0.0	0.0	0.0	0.0	0.0	469286	0.0
fam220	nan	nan	nan	0.0	0.0	0.0	0.0	0.0	0.0	230246	0.0
fam383	nan	nan	nan	0.0	0.0	0.0	0.0	0.0	0.0	395868	0.0
fam101	nan	nan	nan	0.0	0.0	0.0	0.0	0.0	0.0	95530	0.0
fam1248	nan	nan	nan	0.0	0.0	0.0	0.0	0.0	0.0	8887	0.0
fam459	nan	nan	nan	0.0	0.0	0.0	0.0	0.0	0.0	463345	0.0
fam1107	nan	nan	nan	0.0	0.0	0.0	0.0	0.0	0.0	172174	0.0
fam547	nan	nan	nan	0.0	0.0	0.0	0.0	0.0	0.0	552672	0.0
fam502	nan	nan	nan	0.0	0.0	0.0	0.0	0.0	0.0	506273	0.0
fam548	nan	nan	nan	0.0	0.0	0.0	0.0	0.0	0.0	553953	0.0
fam478	nan	nan	nan	0.0	0.0	0.0	0.0	0.0	0.0	484266	0.0
fam1111	nan	nan	nan	0.0	0.0	0.0	0.0	0.0	0.0	169639	0.0
fam691	nan	nan	nan	0.0	0.0	0.0	0.0	0.0	0.0	693084	0.0
fam382	nan	nan	nan	0.0	0.0	0.0	0.0	0.0	0.0	395225	0.0
fam1228	nan	nan	nan	0.0	0.0	0.0	0.0	0.0	0.0	26950	0.0
fam618	nan	nan	nan	0.0	0.0	0.0	0.0	0.0	0.0	616550	0.0
fam1112	nan	nan	nan	0.0	0.0	0.0	0.0	0.0	0.0	169070	0.0
fam635	nan	nan	nan	0.0	0.0	0.0	0.0	0.0	0.0	634235	0.0
fam33	0.0	0.0	0.0	0.0	0.0	0.0	0.00046666666666666666	0.0	0.0010434983894999016	36293	0.00010403662089055347
fam365	nan	nan	nan	0.0	0.0	0.0	0.0	0.0	0.0	381029	0.0
fam208	nan	nan	nan	0.0	0.0	0.0	0.0	0.0	0.0	215552	0.0
fam677	nan	nan	nan	0.0	0.0	0.0	0.0	0.0	0.0	680807	0.0
fam1003	nan	nan	nan	0.0	0.0	0.0	0.0	0.0	0.0	273295	0.0
fam22	nan	nan	nan	0.0	0.0	0.0	0.0	0.0	0.0	29351	0.0
fam693	nan	nan	nan	0.0	0.0	0.0	0.0	0.0	0.0	696805	0.0
fam1014	nan	nan	nan	0.0	0.0	0.0	0.0	0.0	0.0	261811	0.0
fam633	nan	nan	nan	0.0	0.0	0.0	0.0	0.0	0.0	631802	0.0
fam238	nan	nan	nan	0.0	0.0	0.0	0.0	0.0	0.0	250703	0.0
fam1044	nan	nan	nan	0.0	0.0	0.0	0.0	0.0	0.0	230744	0.0
fam299	nan	nan	nan	0.0	0.0	0.0	0.0	0.0	0.0	317105	0.0
fam378	nan	nan	nan	0.0	0.0	0.0	0.0	0.0	0.0	391906	0.0
fam139	nan	nan	nan	0.0	0.0	0.0	0.0	0.0	0.0	135239	0.0
fam37	nan	nan	nan	0.0	0.0	0.0	0.0	0.0	0.0	38814	0.0
fam884	nan	nan	nan	0.0	0.0	0.0	0.0	0.0	0.0	388056	0.0
fam836	nan	nan	nan	0.0	0.0	0.0	0.0	0.0	0.0	435421	0.0
fam774	nan	nan	nan	0.0	0.0	0.0	0.0	0.0	0.0	501282	0.0
fam473	nan	nan	nan	0.0	0.0	0.0	0.0	0.0	0.0	479898	0.0
fam447	nan	nan	nan	0.0	0.0	0.0	0.0	0.0	0.0	448671	0.0
fam1052	nan	nan	nan	0.0	0.0	0.0	0.0	0.0	0.0	221512	0.0
fam201	nan	nan	nan	0.0	0.0	0.0	0.0	0.0	0.0	210475	0.0
fam141	nan	nan	nan	0.0	0.0	0.0	0.0	0.0	0.0	136323	0.0
fam1160	nan	nan	nan	0.0	0.0	0.0	0.0	0.0	0.0	104836	0.0
fam1201	nan	nan	nan	0.0	0.0	0.0	0.0	0.0	0.0	55671	0.0
fam1086	nan	nan	nan	0.0	0.0	0.0	0.0	0.0	0.0	195320	0.0
fam308	nan	nan	nan	0.0	0.0	0.0	0.0	0.0	0.0	328018	0.0
fam912	nan	nan	nan	0.0	0.0	0.0	0.0	0.0	0.0	352523	0.0
fam591	nan	nan	nan	0.0	0.0	0.0	0.0	0.0	0.0	593155	0.0
fam795	nan	nan	nan	0.0	0.0	0.0	0.0	0.0	0.0	473474	0.0
fam391	nan	nan	nan	0.0	0.0	0.0	0.0	0.0	0.0	404648	0.0
fam1213	nan	nan	nan	0.0	0.0	0.0	0.0	0.0	0.0	43777	0.0
fam777	nan	nan	nan	0.0	0.0	0.0	0.0	0.0	0.0	498472	0.0
fam472	nan	nan	nan	0.0	0.0	0.0	0.0	0.0	0.0	477264	0.0
fam773	nan	nan	nan	0.0	0.0	0.0	0.0	0.0	0.0	502090	0.0
fam516	0.0	0.0	0.0	0.0	0.0	0.0	0.0008	0.0	0.0017888543819998314	518622	0.00017692852087756547
fam1012	nan	nan	nan	0.0	0.0	0.0	0.0	0.0	0.0	265278	0.0
fam981	nan	nan	nan	0.0	0.0	0.0	0.0	0.0	0.0	299272	0.0
fam729	nan	nan	nan	0.0	0.0	0.0	0.0	0.0	0.0	550956	0.0
fam972	nan	nan	nan	0.0	0.0	0.0	0.0	0.0	0.0	308244	0.0
fam756	nan	nan	nan	0.0	0.0	0.0	0.0	0.0	0.0	521394	0.0
fam627	nan	nan	nan	0.0	0.0	0.0	0.0	0.0	0.0	627740	0.0
fam325	0.0	0.0	0.0	0.0	0.0	0.0	0.0009	0.0	0.002012461179749811	342748	0.00018832391713747646
fam1141	nan	nan	nan	0.0	0.0	0.0	0.0	0.0	0.0	129177	0.0
fam408	nan	nan	nan	0.0	0.0	0.0	0.0	0.0	0.0	419726	0.0
fam1088	nan	nan	nan	0.0	0.0	0.0	0.0	0.0	0.0	189143	0.0
fam421	nan	nan	nan	0.0	0.0	0.0	0.0	0.0	0.0	429455	0.0
fam678	nan	nan	nan	0.0	0.0	0.0	0.0	0.0	0.0	681098	0.0
fam172	nan	nan	nan	0.0	0.0	0.0	0.0	0.0	0.0	174932	0.0
fam740	nan	nan	nan	0.0	0.0	0.0	0.0	0.0	0.0	537046	0.0
fam895	nan	nan	nan	0.0	0.0	0.0	0.0	0.0	0.0	375811	0.0
fam290	nan	nan	nan	0.0	0.0	0.0	0.0	0.0	0.0	308059	0.0
fam255	nan	nan	nan	0.0	0.0	0.0	0.0	0.0	0.0	268327	0.0
fam978	nan	nan	nan	0.0	0.0	0.0	0.0	0.0	0.0	301483	0.0
fam169	nan	nan	nan	0.0	0.0	0.0	0.0	0.0	0.0	171908	0.0
fam338	nan	nan	nan	0.0	0.0	0.0	0.0	0.0	0.0	356735	0.0
fam1131	nan	nan	nan	0.0	0.0	0.0	0.0	0.0	0.0	139913	0.0
fam395	nan	nan	nan	0.0	0.0	0.0	0.0	0.0	0.0	407545	0.0
fam1154	nan	nan	nan	0.0	0.0	0.0	0.0	0.0	0.0	109517	0.0
fam452	nan	nan	nan	0.0	0.0	0.0	0.0	0.0	0.0	457418	0.0
fam845	0.0	0.0	0.0	0.0	0.0	0.0	0.00043333333333333326	0.0	0.0009689627902499089	426148	0.00010010010010010008
fam286	nan	nan	nan	0.0	0.0	0.0	0.0	0.0	0.0	304065	0.0
fam1170	nan	nan	nan	0.0	0.0	0.0	0.0	0.0	0.0	94583	0.0
fam1220	nan	nan	nan	0.0	0.0	0.0	0.0	0.0	0.0	33184	0.0
fam506	nan	nan	nan	0.0	0.0	0.0	0.0	0.0	0.0	512101	0.0
fam1198	nan	nan	nan	0.0	0.0	0.0	0.0	0.0	0.0	58489	0.0
fam686	nan	nan	nan	0.0	0.0	0.0	0.0	0.0	0.0	689268	0.0
fam718	nan	nan	nan	0.0	0.0	0.0	0.0	0.0	0.0	718570	0.0
fam787	nan	nan	nan	0.0	0.0	0.0	0.0	0.0	0.0	484762	0.0
fam723	nan	nan	nan	0.0	0.0	0.0	0.0	0.0	0.0	556347	0.0
fam830	nan	nan	nan	0.0	0.0	0.0	0.0	0.0	0.0	442676	0.0
fam614	nan	nan	nan	0.0	0.0	0.0	0.0	0.0	0.0	612821	0.0
fam398	nan	nan	nan	0.0	0.0	0.0	0.0	0.0	0.0	411124	0.0
fam136	nan	nan	nan	0.0	0.0	0.0	0.0	0.0	0.0	133452	0.0
fam1211	nan	nan	nan	0.0	0.0	0.0	0.0	0.0	0.0	46211	0.0
fam342	0.0	0.0	0.0	0.0	0.0	0.0	0.0007499999999999999	0.0	0.0016770509831248422	359891	0.00017041581458759376
fam340	nan	nan	nan	0.0	0.0	0.0	0.0	0.0	0.0	357834	0.0
fam442	nan	nan	nan	0.0	0.0	0.0	0.0	0.0	0.0	446336	0.0
fam955	nan	nan	nan	0.0	0.0	0.0	0.0	0.0	0.0	325901	0.0
fam264	nan	nan	nan	0.0	0.0	0.0	0.0	0.0	0.0	278726	0.0
fam916	nan	nan	nan	0.0	0.0	0.0	0.0	0.0	0.0	350022	0.0
fam49	nan	nan	nan	0.0	0.0	0.0	0.0	0.0	0.0	50859	0.0
fam1176	nan	nan	nan	0.0	0.0	0.0	0.0	0.0	0.0	81237	0.0
fam1255	nan	nan	nan	0.0	0.0	0.0	0.0	0.0	0.0	3667	0.0
fam985	nan	nan	nan	0.0	0.0	0.0	0.0	0.0	0.0	294007	0.0
fam1118	nan	nan	nan	0.0	0.0	0.0	0.0	0.0	0.0	161499	0.0
fam683	nan	nan	nan	0.0	0.0	0.0	0.0	0.0	0.0	684792	0.0
fam451	nan	nan	nan	0.0	0.0	0.0	0.0	0.0	0.0	457115	0.0
fam303	nan	nan	nan	0.0	0.0	0.0	0.0	0.0	0.0	324226	0.0
fam1229	nan	nan	nan	0.0	0.0	0.0	0.0	0.0	0.0	26660	0.0
fam219	0.0	0.0	0.0	0.0	0.0	0.0	0.0002666666666666667	0.0	0.000596284793999944	229453	5.511463844797178e-05
fam138	nan	nan	nan	0.0	0.0	0.0	0.0	0.0	0.0	134625	0.0
fam783	nan	nan	nan	0.0	0.0	0.0	0.0	0.0	0.0	494154	0.0
fam905	nan	nan	nan	0.0	0.0	0.0	0.0	0.0	0.0	362655	0.0
fam976	nan	nan	nan	0.0	0.0	0.0	0.0	0.0	0.0	303333	0.0
fam553	nan	nan	nan	0.0	0.0	0.0	0.0	0.0	0.0	560416	0.0
fam660	nan	nan	nan	0.0	0.0	0.0	0.0	0.0	0.0	664230	0.0
fam1129	nan	nan	nan	0.0	0.0	0.0	0.0	0.0	0.0	142409	0.0
fam59	nan	nan	nan	0.0	0.0	0.0	0.0	0.0	0.0	60771	0.0
fam1090	nan	nan	nan	0.0	0.0	0.0	0.0	0.0	0.0	186576	0.0
fam492	nan	nan	nan	0.0	0.0	0.0	0.0	0.0	0.0	497685	0.0
fam1064	nan	nan	nan	0.0	0.0	0.0	0.0	0.0	0.0	210647	0.0
fam1149	nan	nan	nan	0.0	0.0	0.0	0.0	0.0	0.0	118949	0.0
fam1114	nan	nan	nan	0.0	0.0	0.0	0.0	0.0	0.0	167823	0.0
fam206	nan	nan	nan	0.0	0.0	0.0	0.0	0.0	0.0	214998	0.0
fam477	nan	nan	nan	0.0	0.0	0.0	0.0	0.0	0.0	483992	0.0
fam1187	nan	nan	nan	0.0	0.0	0.0	0.0	0.0	0.0	72350	0.0
fam1139	nan	nan	nan	0.0	0.0	0.0	0.0	0.0	0.0	132520	0.0
fam435	nan	nan	nan	0.0	0.0	0.0	0.0	0.0	0.0	441051	0.0
fam995	nan	nan	nan	0.0	0.0	0.0	0.0	0.0	0.0	282745	0.0
fam189	nan	nan	nan	0.0	0.0	0.0	0.0	0.0	0.0	196146	0.0
fam1051	nan	nan	nan	0.0	0.0	0.0	0.0	0.0	0.0	221663	0.0
fam70	nan	nan	nan	0.0	0.0	0.0	0.0	0.0	0.0	70816	0.0
fam710	nan	nan	nan	0.0	0.0	0.0	0.0	0.0	0.0	710040	0.0
fam954	nan	nan	nan	0.0	0.0	0.0	0.0	0.0	0.0	327289	0.0
fam684	nan	nan	nan	0.0	0.0	0.0	0.0	0.0	0.0	685992	0.0
fam1126	nan	nan	nan	0.0	0.0	0.0	0.0	0.0	0.0	149393	0.0
fam1173	nan	nan	nan	0.0	0.0	0.0	0.0	0.0	0.0	83137	0.0
fam205	0.0	0.0	0.0	0.0	0.0	0.0	0.0004833333333333333	0.0	0.0010807661891248982	214564	0.00010787486515641854
fam160	nan	nan	nan	0.0	0.0	0.0	0.0	0.0	0.0	164848	0.0
fam125	nan	nan	nan	0.0	0.0	0.0	0.0	0.0	0.0	124862	0.0
fam852	nan	nan	nan	0.0	0.0	0.0	0.0	0.0	0.0	419530	0.0
fam243	0.0	0.0	0.0	0.0	0.0	0.0	0.0009166666666666666	0.0	0.002049728979374807	256935	0.00017146776406035667
fam1034	nan	nan	nan	0.0	0.0	0.0	0.0	0.0	0.0	238670	0.03896103896103897
fam609	nan	nan	nan	0.0	0.0	0.0	0.0	0.0	0.0	607305	0.0
fam42	nan	nan	nan	0.0	0.0	0.0	0.0	0.0	0.0	42685	0.0
fam644	nan	nan	nan	0.0	0.0	0.0	0.0	0.0	0.0	642254	0.0
fam728	nan	nan	nan	0.0	0.0	0.0	0.0	0.0	0.0	551614	0.0
fam859	nan	nan	nan	0.0	0.0	0.0	0.0	0.0	0.0	408952	0.0
fam450	nan	nan	nan	0.0	0.0	0.0	0.0	0.0	0.0	456098	0.0
fam173	nan	nan	nan	0.0	0.0	0.0	0.0	0.0	0.0	175454	0.0
fam1	0.0	0.0	0.0	0.0	0.0	0.0	0.00115	0.0	0.002571478174124758	822	0.00020350020350020352
fam829	nan	nan	nan	0.0	0.0	0.0	0.0	0.0	0.0	443060	0.0
fam1234	nan	nan	nan	0.0	0.0	0.0	0.0	0.0	0.0	21624	0.0
fam56	nan	nan	nan	0.0	0.0	0.0	0.0	0.0	0.0	57523	0.0
fam354	nan	nan	nan	0.0	0.0	0.0	0.0	0.0	0.0	370962	0.0
fam1015	nan	nan	nan	0.0	0.0	0.0	0.0	0.0	0.0	259830	0.0
fam120	nan	nan	nan	0.0	0.0	0.0	0.0	0.0	0.0	120189	0.0
fam105	nan	nan	nan	0.0	0.0	0.0	0.0	0.0	0.0	102155	0.0
fam51	nan	nan	nan	0.0	0.0	0.0	0.0	0.0	0.0	52303	0.0
fam211	nan	nan	nan	0.0	0.0	0.0	0.0	0.0	0.0	221269	0.0
fam3	nan	nan	nan	0.0	0.0	0.0	0.0	0.0	0.0	2005	0.0
fam1080	nan	nan	nan	0.0	0.0	0.0	0.0	0.0	0.0	199559	0.0
fam67	nan	nan	nan	0.0	0.0	0.0	0.0	0.0	0.0	67366	0.0
fam132	nan	nan	nan	0.0	0.0	0.0	0.0	0.0	0.0	129555	0.0
fam1188	nan	nan	nan	0.0	0.0	0.0	0.0	0.0	0.0	72073	0.0
fam319	nan	nan	nan	0.0	0.0	0.0	0.0	0.0	0.0	337286	0.0
fam1024	nan	nan	nan	0.0	0.0	0.0	0.0	0.0	0.0	249089	0.0
fam843	nan	nan	nan	0.0	0.0	0.0	0.0	0.0	0.0	428665	0.0
fam596	nan	nan	nan	0.0	0.0	0.0	0.0	0.0	0.0	597174	0.0
fam704	nan	nan	nan	0.0	0.0	0.0	0.0	0.0	0.0	705909	0.0
fam458	nan	nan	nan	0.0	0.0	0.0	0.0	0.0	0.0	462219	0.0
fam66	nan	nan	nan	0.0	0.0	0.0	0.0	0.0	0.0	67151	0.0
fam72	nan	nan	nan	0.0	0.0	0.0	0.0	0.0	0.0	71815	0.0
fam198	nan	nan	nan	0.0	0.0	0.0	0.0	0.0	0.0	206978	0.0
fam410	nan	nan	nan	0.0	0.0	0.0	0.0	0.0	0.0	422646	0.0
fam521	nan	nan	nan	0.0	0.0	0.0	0.0	0.0	0.0	525212	0.0
fam792	nan	nan	nan	0.0	0.0	0.0	0.0	0.0	0.0	478849	0.0
fam108	nan	nan	nan	0.0	0.0	0.0	0.0	0.0	0.0	104419	0.0
fam394	nan	nan	nan	0.0005318181818181818	0.0	0.0006391659079231617	0.0	0.0	0.0	406737	0.00046382189239332097
fam601	nan	nan	nan	0.0	0.0	0.0	0.0	0.0	0.0	601981	0.0
fam210	nan	nan	nan	0.0	0.0	0.0	0.0	0.0	0.0	220518	0.0
fam760	nan	nan	nan	0.0	0.0	0.0	0.0	0.0	0.0	517087	0.0
fam14	nan	nan	nan	0.0	0.0	0.0	0.0	0.0	0.0	13942	0.0
fam1168	nan	nan	nan	0.0	0.0	0.0	0.0	0.0	0.0	98790	0.0
fam713	nan	nan	nan	0.0	0.0	0.0	0.0	0.0	0.0	714008	0.0
fam333	nan	nan	nan	0.0	0.0	0.0	0.0	0.0	0.0	350719	0.0
fam668	nan	nan	nan	0.0	0.0	0.0	0.0	0.0	0.0	672504	0.0
fam1038	nan	nan	nan	0.0	0.0	0.0	0.0	0.0	0.0	235369	0.0
fam64	nan	nan	nan	0.0	0.0	0.0	0.0	0.0	0.0	64839	0.0
fam97	nan	nan	nan	0.0	0.0	0.0	0.0	0.0	0.0	92264	0.0
fam415	nan	nan	nan	0.0	0.0	0.0	0.0	0.0	0.0	425843	0.0
fam947	nan	nan	nan	0.0	0.0	0.0	0.0	0.0	0.0	331652	0.0
fam915	nan	nan	nan	0.0	0.0	0.0	0.0	0.0	0.0	350329	0.0
fam1243	nan	nan	nan	0.0	0.0	0.0	0.0	0.0	0.0	12209	0.0
fam782	nan	nan	nan	0.0	0.0	0.0	0.0	0.0	0.0	495446	0.0
fam862	nan	nan	nan	0.0	0.0	0.0	0.0	0.0	0.0	405728	0.0
fam156	nan	nan	nan	0.0	0.0	0.0	0.0	0.0	0.0	160752	0.0
fam920	nan	nan	nan	0.0	0.0	0.0	0.0	0.0	0.0	346928	0.0
fam911	nan	nan	nan	0.0	0.0	0.0	0.0	0.0	0.0	353287	0.0
fam135	nan	nan	nan	0.0	0.0	0.0	0.0	0.0	0.0	132544	0.0
fam1136	nan	nan	nan	0.0	0.0	0.0	0.0	0.0	0.0	136224	0.0
fam190	nan	nan	nan	0.0	0.0	0.0	0.0	0.0	0.0	197815	0.0
fam341	nan	nan	nan	0.0	0.0	0.0	0.0	0.0	0.0	358750	0.0
fam1053	nan	nan	nan	0.0	0.0	0.0	0.0	0.0	0.0	221312	0.0
fam996	nan	nan	nan	0.0	0.0	0.0	0.0	0.0	0.0	281009	0.0
fam1103	nan	nan	nan	0.0	0.0	0.0	0.0	0.0	0.0	176080	0.0
fam183	nan	nan	nan	0.0	0.0	0.0	0.0	0.0	0.0	183998	0.0
fam874	nan	nan	nan	0.0	0.0	0.0	0.0	0.0	0.0	395378	0.0
fam1070	nan	nan	nan	0.0	0.0	0.0	0.0	0.0	0.0	207927	0.0
fam681	nan	nan	nan	0.0	0.0	0.0	0.0	0.0	0.0	682784	0.0
fam412	nan	nan	nan	0.0	0.0	0.0	0.0	0.0	0.0	424068	0.0
fam215	nan	nan	nan	0.0	0.0	0.0	0.0	0.0	0.0	224829	0.0
fam987	nan	nan	nan	0.0	0.0	0.0	0.0	0.0	0.0	291820	0.0
